0 -529.4869999997318 837.1829999999609 1242.322 1066 1 10085
1 948.9840000001714 2880.2099999999627 1237.374 1010 1 10085
2 -1524.140000000596 254.3159999999916 1252.903 1078 1 10085
3 -41.963000000454485 1709.2649999998976 1243.9689999999998 1072 1 10085
4 -2028.7960000000892 535.5949999999721 1262.8319999999999 1014 1 10085
5 -41.963000000454485 1709.2649999998976 1243.9689999999998 1072 32 10085
6 -529.4869999997318 837.1829999999609 1242.322 1066 32 10085
7 -2028.7960000000892 535.5949999999721 1262.8319999999999 1014 32 10085
8 948.9840000001714 2880.2099999999627 1237.374 1010 32 10085
9 -1524.140000000596 254.3159999999916 1252.903 1078 32 10085
10 948.9840000001714 2880.2099999999627 1237.374 1010 47 10085
11 -1524.140000000596 254.3159999999916 1252.903 1078 47 10085
12 -529.4869999997318 837.1829999999609 1242.322 1066 47 10085
13 -41.963000000454485 1709.2649999998976 1243.9689999999998 1072 47 10085
14 -2028.7960000000892 535.5949999999721 1262.8319999999999 1014 47 10085
15 -35.40500000026077 1130.966999999946 1238.3319999999999 1037 4 10086
16 -529.4869999997318 837.1829999999609 1242.322 1066 4 10086
17 -2028.7960000000892 535.5949999999721 1262.8319999999999 1014 4 10086
18 -538.3780000004917 1416.546999999904 1247.887 1077 4 10086
19 -41.963000000454485 1709.2649999998976 1243.9689999999998 1072 4 10086
20 -2041.140000000596 1689.5379999999425 1268.8509999999999 1071 4 10086
21 -529.4869999997318 837.1829999999609 1242.322 1066 7 10086
22 977.8420000001788 -9.980000000097789 1213.667 1065 7 10086
23 -35.40500000026077 1130.966999999946 1238.3319999999999 1037 7 10086
24 -510.25 -893.6130000000121 1235.149 1082 7 10086
25 -1014.242999999784 -610.4280000000726 1244.177 1081 7 10086
