0 10085401 3.6340000000000003e-06 522.7228088461814 1 10085
1 10085401 3.34e-07 327.6903786836468 1 10085
2 10085401 3.7880000000000004e-06 372.14592672957167 1 10085
3 10085401 1.9600000000000003e-06 484.52964965456647 1 10085
4 10085401 2.2370000000000004e-06 483.9700635020384 1 10085
5 100854032 5.229e-06 133.15114708606268 32 10085
6 100854032 4.5720000000000004e-06 115.69775831436202 32 10085
7 100854032 3.28e-07 129.5278582563847 32 10085
8 100854032 7.253000000000001e-06 150.4324644756142 32 10085
9 100854032 2.1680000000000002e-06 143.37611179229586 32 10085
10 100854047 9.199000000000001e-06 154.02404163230432 47 10085
11 100854047 2.08e-06 140.20657745851378 47 10085
12 100854047 5.042e-06 144.42781455284117 47 10085
13 100854047 6.321e-06 144.82302737418328 47 10085
14 100854047 2.1120000000000003e-06 134.85932349949772 47 10085
15 1008614 8.36e-07 104.40155678355528 4 10086
16 1008614 4.014e-06 117.96927403683668 4 10086
17 1008614 8.526000000000001e-06 130.55580028673253 4 10086
18 1008614 4.626e-06 150.93808532294148 4 10086
19 1008614 3.338e-06 131.22569816738746 4 10086
20 1008614 9.655e-06 133.6662837820315 4 10086
21 1008617 6.398e-06 119.5421210722251 7 10086
22 1008617 8.300000000000001e-07 127.35651418199548 7 10086
23 1008617 3.204e-06 120.67301146642151 7 10086
24 1008617 4.858e-06 105.89802632170438 7 10086
25 1008617 6.713000000000001e-06 136.63983347136397 7 10086
