0   4  1.08364e+00
1   4  3.22080e-03
2   4  2.88510e-03
3   5  3.89504e-03
4   4  2.78211e-03
5   5  3.60298e-03
6   5  3.83711e-03
7   5  3.13497e-03
8   5  3.87192e-03
9   5  3.92389e-03
10   5  3.68929e-03
11   4  3.70908e-03
12   5  4.37403e-03
13   5  5.06997e-03
14   6  2.70319e-03
15   5  2.60401e-03
16   4  3.74913e-03
17   4  4.30584e-03
18   6  5.34010e-03
19   6  2.96402e-03
20   5  3.96419e-03
21   6  6.21295e-03
22   4  3.70216e-03
23   5  4.48108e-03
24   6  3.33118e-03
25   4  3.66497e-03
26   4  2.89822e-03
27   4  2.90704e-03
28   5  3.31783e-03
29   6  3.43227e-03
30   4  2.63190e-03
31   5  3.55506e-03
32   5  2.72083e-03
33   5  2.57611e-03
34   4  3.81494e-03
35   5  2.65813e-03
36   5  3.46017e-03
37   5  2.70486e-03
38   7  3.51000e-03
39   4  2.77662e-03
40   4  2.78497e-03
41   4  3.65901e-03
42   5  3.93319e-03
43   4  2.87485e-03
44   4  2.74372e-03
45   5  3.38578e-03
46   6  2.63405e-03
47   4  2.74682e-03
48   4  2.62809e-03
49   4  4.27318e-03
50   6  3.58391e-03
51   4  2.84910e-03
52   5  3.50809e-03
53   4  2.66004e-03
54   6  2.75683e-03
55   4  2.87223e-03
56   4  3.60322e-03
57   7  2.85506e-03
58   6  7.57718e-03
59   4  2.99811e-03
60   6  4.43316e-03
61   5  2.55108e-03
62   5  2.45929e-03
63   4  3.00097e-03
64   4  2.75087e-03
65   4  2.76303e-03
66   5  4.43697e-03
67   5  2.64025e-03
68   5  3.08299e-03
69   5  2.49887e-03
70   6  3.59082e-03
71   4  2.48480e-03
72   4  2.40207e-03
73   6  3.70097e-03
74   4  2.58613e-03
75   7  4.32301e-03
76   4  2.62809e-03
77   4  2.53797e-03
78   4  2.84815e-03
79   6  3.85499e-03
80   4  2.53630e-03
81   4  2.36797e-03
82   5  3.92127e-03
83   6  4.63891e-03
84   4  2.72989e-03
85   4  2.78401e-03
86   4  3.71981e-03
87   4  2.52867e-03
88   5  2.52223e-03
89   4  2.80929e-03
90   5  3.78895e-03
91   5  4.18925e-03
92   4  2.75922e-03
93   5  3.63111e-03
94   5  3.83878e-03
95   5  3.79181e-03
96   4  4.84729e-03
97   4  2.56181e-03
98   5  3.21388e-03
99   4  2.30598e-03
100   4  8.69584e-03
101   6  2.73490e-03
102   5  4.78816e-03
103   5  3.48210e-03
104   5  3.20101e-03
105   5  4.39882e-03
106   5  4.44818e-03
107   5  4.59504e-03
108   5  3.43800e-03
109   4  2.52700e-03
110   4  2.50196e-03
111   4  2.30193e-03
112   4  3.78108e-03
113   5  2.44832e-03
114   4  2.45500e-03
115   5  4.00901e-03
116   4  2.77305e-03
117   4  3.84426e-03
118   4  2.70605e-03
119   4  4.08101e-03
120   6  3.96204e-03
121   4  2.48003e-03
122   5  3.68476e-03
123   5  2.62308e-03
124   4  3.53479e-03
125   4  3.11017e-03
126   4  3.61300e-03
127   4  4.11224e-03
128   4  3.63493e-03
129   4  2.53010e-03
130   5  3.67999e-03
131   6  4.29702e-03
132   4  2.68006e-03
133   5  3.82495e-03
134   5  3.59416e-03
135   4  3.32689e-03
136   5  2.78831e-03
137   5  3.69906e-03
138   5  3.85785e-03
139   4  2.75302e-03
140   4  3.21674e-03
141   7  4.59790e-03
142   5  3.30329e-03
143   5  4.28891e-03
144   5  2.43711e-03
145   4  6.01602e-03
146   4  2.46191e-03
147   4  2.43521e-03
148   4  3.51715e-03
149   7  4.27389e-03
150   5  2.77185e-03
151   4  2.41995e-03
152   4  3.54290e-03
153   4  2.97379e-03
154   6  6.06489e-03
155   5  5.08809e-03
156   5  4.50206e-03
157   4  2.47383e-03
158   5  3.08514e-03
159   4  2.43592e-03
160   6  4.37999e-03
161   5  3.97301e-03
162   4  2.63500e-03
163   5  4.89497e-03
164   4  2.91586e-03
165   5  2.91181e-03
166   4  3.01790e-03
167   4  3.06797e-03
168   6  2.86698e-03
169   4  3.10397e-03
170   5  4.13895e-03
171   6  3.74293e-03
172   5  2.69699e-03
173   6  2.74515e-03
174   4  2.85411e-03
175   4  3.27992e-03
176   5  3.82519e-03
177   6  2.68292e-03
178   5  3.06201e-03
179   4  2.49076e-03
180   5  4.83513e-03
181   5  3.95083e-03
182   5  3.36790e-03
183   5  3.26681e-03
184   4  4.13704e-03
185   4  2.78306e-03
186   4  2.69008e-03
187   5  3.22104e-03
188   5  3.24035e-03
189   5  3.29423e-03
190   4  4.53711e-03
191   4  3.80898e-03
192   4  2.90489e-03
193   5  2.37417e-03
194   7  3.70097e-03
195   5  3.83091e-03
196   4  2.82693e-03
197   4  6.16884e-03
198   4  2.51317e-03
199   6  3.27611e-03
200   4  4.27079e-03
201   7  3.36289e-03
202   4  3.26109e-03
203   4  4.47392e-03
204   4  4.69804e-03
205   4  2.69008e-03
206   6  4.61102e-03
207   4  3.64709e-03
208   5  4.26793e-03
209   4  3.10302e-03
210   5  3.97682e-03
211   4  3.44586e-03
212   6  3.98993e-03
213   4  3.13187e-03
214   8  7.82990e-03
215   5  2.68006e-03
216   6  3.24106e-03
217   4  3.55291e-03
218   5  3.67713e-03
219   6  4.10700e-03
220   4  3.61490e-03
221   4  3.04794e-03
222   4  2.69103e-03
223   4  2.43902e-03
224   6  4.72403e-03
225   6  5.51391e-03
226   5  2.97618e-03
227   5  2.46000e-03
228   4  3.94893e-03
229   6  4.64988e-03
230   4  2.70104e-03
231   5  4.55189e-03
232   4  3.64780e-03
233   5  4.08792e-03
234   5  3.94011e-03
235   4  3.56197e-03
236   5  3.66998e-03
237   4  2.87008e-03
238   5  3.63636e-03
239   5  3.16095e-03
240   4  2.87008e-03
241   5  4.14324e-03
242   4  2.40707e-03
243   4  2.68292e-03
244   5  3.84903e-03
245   5  2.42305e-03
246   4  2.87795e-03
247   4  2.63405e-03
248   5  2.70104e-03
249   5  2.75517e-03
250   5  2.77591e-03
251   6  4.37784e-03
252   5  2.44403e-03
253   6  3.37005e-03
254   5  3.71289e-03
255   4  2.61497e-03
256   5  2.33793e-03
257   5  2.75707e-03
258   4  3.31879e-03
259   4  3.17216e-03
260   5  2.78878e-03
261   5  2.91896e-03
262   5  2.37918e-03
263   4  4.21023e-03
264   5  3.98421e-03
265   4  2.62904e-03
266   5  3.84688e-03
267   7  2.84600e-03
268   5  3.78084e-03
269   5  4.35185e-03
270   6  3.57199e-03
271   4  2.40421e-03
272   5  3.60084e-03
273   4  2.46096e-03
274   5  4.37403e-03
275   5  2.52223e-03
276   4  2.40302e-03
277   4  2.52604e-03
278   5  3.74413e-03
279   5  2.80595e-03
280   4  6.16336e-03
281   4  3.85165e-03
282   6  2.46501e-03
283   6  2.76899e-03
284   4  3.13282e-03
285   6  3.96919e-03
286   5  3.64017e-03
287   4  4.13990e-03
288   5  2.53510e-03
289   4  3.03388e-03
290   5  3.90601e-03
291   5  2.78974e-03
292   4  2.60687e-03
293   5  3.63016e-03
294   5  2.60806e-03
295   5  3.86500e-03
296   4  3.70789e-03
297   4  3.53312e-03
298   5  2.50912e-03
299   4  2.61903e-03
300   5  2.71106e-03
301   4  2.59900e-03
302   4  2.60091e-03
303   5  3.05104e-03
304   5  2.59876e-03
305   5  2.44594e-03
306   6  3.77893e-03
307   5  2.33698e-03
308   5  2.42925e-03
309   5  3.84998e-03
310   4  2.49910e-03
311   4  3.99017e-03
312   5  2.37513e-03
313   4  4.28319e-03
314   5  2.68197e-03
315   4  2.66600e-03
316   5  2.70414e-03
317   5  2.47312e-03
318   5  3.16310e-03
319   4  2.99907e-03
320   4  2.55775e-03
321   5  3.25298e-03
322   4  4.75025e-03
323   5  2.70510e-03
324   6  2.92921e-03
325   4  3.48735e-03
326   4  3.76868e-03
327   4  2.80118e-03
328   6  4.05383e-03
329   4  6.43206e-03
330   4  2.52676e-03
331   5  2.56681e-03
332   4  2.61927e-03
333   4  2.95925e-03
334   6  2.88200e-03
335   5  3.36099e-03
336   4  5.51391e-03
337   8  4.16923e-03
338   4  2.73609e-03
339   4  2.61712e-03
340   5  4.38404e-03
341   6  4.12798e-03
342   4  4.69828e-03
343   4  2.69103e-03
344   5  4.97723e-03
345   4  4.20904e-03
346   4  2.75397e-03
347   5  2.87795e-03
348   6  2.70677e-03
349   5  3.20196e-03
350   4  3.00717e-03
351   6  3.25513e-03
352   4  5.51677e-03
353   5  2.65408e-03
354   7  3.67785e-03
355   4  3.70359e-03
356   4  3.70622e-03
357   4  2.77710e-03
358   5  2.58112e-03
359   5  2.75111e-03
360   5  4.08483e-03
361   4  2.63691e-03
362   4  2.30908e-03
363   4  2.55489e-03
364   4  2.59686e-03
365   5  3.28088e-03
366   6  3.08990e-03
367   5  3.27706e-03
368   5  3.45302e-03
369   5  2.57206e-03
370   5  2.50888e-03
371   6  3.75795e-03
372   7  4.44698e-03
373   5  3.39198e-03
374   5  2.91014e-03
375   5  3.74699e-03
376   5  3.48592e-03
377   4  2.23112e-03
378   6  3.91507e-03
379   4  2.43497e-03
380   4  3.20315e-03
381   4  2.40374e-03
382   4  3.16691e-03
383   4  2.54512e-03
384   4  3.06606e-03
385   4  2.64692e-03
386   4  3.48282e-03
387   5  2.60806e-03
388   5  2.57301e-03
389   8  3.05271e-03
390   4  2.54607e-03
391   5  3.16882e-03
392   5  2.80499e-03
393   4  2.40803e-03
394   5  2.37012e-03
395   6  4.55809e-03
396   4  3.74508e-03
397   5  3.91889e-03
398   7  3.29876e-03
399   5  2.60425e-03
400   4  2.40207e-03
401   5  2.53534e-03
402   4  2.42805e-03
403   5  2.67816e-03
404   4  2.17009e-03
405   4  3.06892e-03
406   5  2.32887e-03
407   4  2.35581e-03
408   4  3.07417e-03
409   6  2.67625e-03
410   5  3.65901e-03
411   5  3.45397e-03
412   5  3.05009e-03
413   5  4.51803e-03
414   6  4.13585e-03
415   5  3.43394e-03
416   5  3.81184e-03
417   5  4.84681e-03
418   6  2.76613e-03
419   6  2.47097e-03
420   5  2.74205e-03
421   4  2.35534e-03
422   5  2.58398e-03
423   5  4.19402e-03
424   6  2.66218e-03
425   5  3.82495e-03
426   5  2.54798e-03
427   4  3.39198e-03
428   4  3.80397e-03
429   4  2.69794e-03
430   5  3.28875e-03
431   5  2.72584e-03
432   4  3.88789e-03
433   4  2.49815e-03
434   5  2.21777e-03
435   5  2.44522e-03
436   6  3.67308e-03
437   4  2.61712e-03
438   5  2.61188e-03
439   4  2.67315e-03
440   6  3.90720e-03
441   4  3.72005e-03
442   4  2.85482e-03
443   5  3.74603e-03
444   5  4.87089e-03
445   5  2.55609e-03
446   5  3.81804e-03
447   4  2.52795e-03
448   5  2.86484e-03
449   4  2.46596e-03
450   7  4.33207e-03
451   4  3.08418e-03
452   4  2.36678e-03
453   6  3.52097e-03
454   5  2.45500e-03
455   4  2.56014e-03
456   5  3.55387e-03
457   4  2.72202e-03
458   6  2.71773e-03
459   6  2.68388e-03
460   4  2.91514e-03
461   5  2.44713e-03
462   5  3.07989e-03
463   5  2.61307e-03
464   4  2.87485e-03
465   5  2.57206e-03
466   5  3.27206e-03
467   6  2.49386e-03
468   5  2.63238e-03
469   6  2.50435e-03
470   4  3.75891e-03
471   5  4.05478e-03
472   4  2.73108e-03
473   4  2.60210e-03
474   4  2.94709e-03
475   4  2.37203e-03
476   5  2.61569e-03
477   4  3.55196e-03
478   5  2.43115e-03
479   4  3.49689e-03
480   4  2.67100e-03
481   5  2.52271e-03
482   5  2.71106e-03
483   4  4.22907e-03
484   5  2.36702e-03
485   5  2.37799e-03
486   4  3.34001e-03
487   4  3.49593e-03
488   5  2.50602e-03
489   4  2.87199e-03
490   4  2.36797e-03
491   5  3.84784e-03
492   4  3.61586e-03
493   6  2.93684e-03
494   4  3.25394e-03
495   4  2.51484e-03
496   5  4.14634e-03
497   4  3.52621e-03
498   4  2.25210e-03
499   5  2.71893e-03
500   4  2.50101e-03
501   7  2.96903e-03
502   6  3.69000e-03
503   4  2.64692e-03
504   4  3.14307e-03
505   4  4.54497e-03
506   5  2.48718e-03
507   5  2.40803e-03
508   4  2.51126e-03
509   5  2.62833e-03
510   4  2.76113e-03
511   5  3.08514e-03
512   5  2.50888e-03
513   5  3.48115e-03
514   4  2.59781e-03
515   5  2.44784e-03
516   5  2.31028e-03
517   5  2.84600e-03
518   4  3.37410e-03
519   4  2.58303e-03
520   6  3.07703e-03
521   4  2.95687e-03
522   6  3.18098e-03
523   5  2.91920e-03
524   5  2.71010e-03
525   5  2.66194e-03
526   4  3.43013e-03
527   6  3.81613e-03
528   5  2.42090e-03
529   6  4.02617e-03
530   5  2.85482e-03
531   4  2.37799e-03
532   5  2.86794e-03
533   5  2.85530e-03
534   5  2.39015e-03
535   4  3.08299e-03
536   4  2.38085e-03
537   4  2.50077e-03
538   4  2.49004e-03
539   6  2.78926e-03
540   6  4.00782e-03
541   5  3.53932e-03
542   4  3.35407e-03
543   5  2.82788e-03
544   4  2.59209e-03
545   6  3.62301e-03
546   4  2.13909e-03
547   4  2.30813e-03
548   4  3.07202e-03
549   5  4.43769e-03
550   5  3.87692e-03
551   5  3.78871e-03
552   8  3.87692e-03
553   5  2.76899e-03
554   4  2.46286e-03
555   5  2.74301e-03
556   5  3.48115e-03
557   5  2.99907e-03
558   4  2.47622e-03
559   5  2.36988e-03
560   4  3.04508e-03
561   6  5.18203e-03
562   5  5.76687e-03
563   4  2.47002e-03
564   4  2.95973e-03
565   6  4.01211e-03
566   4  2.81310e-03
567   6  2.60401e-03
568   5  2.40397e-03
569   5  3.18193e-03
570   5  2.65908e-03
571   4  3.46684e-03
572   5  2.71416e-03
573   7  3.07035e-03
574   5  3.10016e-03
575   4  4.17399e-03
576   4  3.54385e-03
577   4  3.59106e-03
578   5  2.56991e-03
579   5  3.40104e-03
580   5  2.79713e-03
581   5  3.51715e-03
582   4  2.61903e-03
583   5  2.56920e-03
584   5  3.04604e-03
585   5  2.55299e-03
586   4  3.72124e-03
587   6  3.87096e-03
588   5  2.71106e-03
589   5  3.23629e-03
590   4  3.77393e-03
591   4  3.61991e-03
592   6  3.96013e-03
593   6  2.52795e-03
594   5  2.53797e-03
595   5  3.56102e-03
596   5  3.40080e-03
597   4  2.51913e-03
598   4  2.58517e-03
599   6  3.33214e-03
600   5  3.32713e-03
601   4  2.28930e-03
602   5  4.72808e-03
603   5  3.64590e-03
604   4  3.21722e-03
605   4  2.90895e-03
606   4  2.96712e-03
607   5  6.73389e-03
608   5  3.81184e-03
609   5  3.54409e-03
610   4  3.11804e-03
611   5  4.62103e-03
612   5  3.87788e-03
613   5  4.17399e-03
614   4  2.58517e-03
615   4  2.40898e-03
616   4  2.72393e-03
617   5  3.36194e-03
618   6  3.66807e-03
619   5  2.74396e-03
620   5  3.62897e-03
621   6  4.25410e-03
622   4  2.53391e-03
623   4  6.82116e-03
624   5  4.83608e-03
625   4  4.52900e-03
626   4  4.75025e-03
627   6  3.39985e-03
628   4  3.83496e-03
629   6  3.00479e-03
630   5  2.79713e-03
631   4  2.48218e-03
632   4  2.99001e-03
633   5  3.65329e-03
634   4  3.60417e-03
635   4  4.91428e-03
636   6  2.65288e-03
637   6  2.55227e-03
638   4  3.59702e-03
639   4  3.75223e-03
640   5  2.42281e-03
641   5  3.63111e-03
642   4  2.75707e-03
643   5  4.43172e-03
644   6  2.53820e-03
645   4  3.83687e-03
646   4  3.46804e-03
647   5  3.52931e-03
648   5  3.93009e-03
649   6  2.93803e-03
650   6  2.47216e-03
651   4  3.48592e-03
652   4  2.43497e-03
653   5  3.05796e-03
654   8  4.86112e-03
655   5  5.73111e-03
656   4  3.35598e-03
657   4  3.58820e-03
658   4  4.79794e-03
659   4  2.67386e-03
660   4  2.60305e-03
661   4  2.46716e-03
662   4  3.75700e-03
663   5  2.47717e-03
664   4  3.18408e-03
665   5  5.07784e-03
666   4  3.09014e-03
667   4  3.65591e-03
668   4  3.21507e-03
669   4  3.29494e-03
670   4  3.90100e-03
671   5  2.52318e-03
672   5  2.57587e-03
673   5  3.75819e-03
674   5  3.77202e-03
675   4  2.86222e-03
676   4  3.55506e-03
677   6  4.64106e-03
678   5  3.25799e-03
679   4  3.59607e-03
680   5  2.66814e-03
681   4  3.49975e-03
682   5  3.58605e-03
683   4  3.44610e-03
684   5  4.00162e-03
685   5  2.57778e-03
686   4  2.42400e-03
687   5  3.51191e-03
688   4  3.46589e-03
689   5  2.70700e-03
690   4  2.19584e-03
691   4  3.58081e-03
692   6  3.95298e-03
693   4  5.49102e-03
694   6  3.54195e-03
695   4  2.17009e-03
696   4  2.14720e-03
697   5  2.60615e-03
698   5  2.38109e-03
699   6  2.74563e-03
700   5  2.52914e-03
701   4  3.48020e-03
702   5  2.64406e-03
703   4  2.40207e-03
704   5  3.52001e-03
705   4  4.07887e-03
706   4  3.57914e-03
707   4  3.39484e-03
708   4  2.57611e-03
709   5  4.37784e-03
710   6  2.55227e-03
711   6  3.90911e-03
712   4  3.57890e-03
713   5  2.49100e-03
714   5  3.71599e-03
715   5  2.52271e-03
716   5  3.78394e-03
717   4  2.62284e-03
718   6  2.40088e-03
719   4  3.42226e-03
720   4  3.36885e-03
721   6  4.00376e-03
722   4  3.48306e-03
723   5  3.30186e-03
724   5  2.94518e-03
725   5  2.52318e-03
726   6  3.59011e-03
727   4  3.54719e-03
728   5  5.16200e-03
729   5  2.37298e-03
730   5  3.66902e-03
731   4  4.59290e-03
732   5  2.74110e-03
733   5  3.29494e-03
734   4  2.53081e-03
735   5  3.41678e-03
736   5  2.50125e-03
737   4  3.77488e-03
738   6  2.88582e-03
739   6  3.56293e-03
740   4  3.48115e-03
741   4  2.48194e-03
742   4  2.34699e-03
743   4  4.51994e-03
744   5  2.23684e-03
745   4  2.16818e-03
746   4  2.31981e-03
747   4  3.14093e-03
748   5  2.42591e-03
749   5  2.52199e-03
750   4  2.30789e-03
751   5  2.34890e-03
752   5  2.25687e-03
753   4  2.11000e-03
754   4  2.75087e-03
755   4  6.46710e-03
756   4  3.16381e-03
757   4  4.15277e-03
758   4  3.47185e-03
759   6  5.33104e-03
760   5  3.39675e-03
761   5  3.41725e-03
762   5  2.29788e-03
763   4  3.27992e-03
764   5  2.42996e-03
765   5  2.73108e-03
766   5  2.61784e-03
767   8  2.84910e-03
768   4  2.25115e-03
769   7  2.54989e-03
770   4  2.09117e-03
771   5  5.31793e-03
772   4  3.66688e-03
773   4  2.73514e-03
774   4  2.52700e-03
775   4  3.47376e-03
776   4  3.15690e-03
777   5  3.16167e-03
778   4  3.74293e-03
779   4  2.42281e-03
780   4  3.62086e-03
781   8  4.12512e-03
782   5  2.60615e-03
783   4  2.36487e-03
784   5  3.55911e-03
785   4  2.52700e-03
786   6  5.20778e-03
787   4  3.61300e-03
788   5  2.80380e-03
789   4  3.56078e-03
790   5  2.54369e-03
791   6  3.96800e-03
792   6  2.50793e-03
793   4  2.50316e-03
794   4  2.28095e-03
795   6  3.64399e-03
796   4  2.39301e-03
797   5  3.01313e-03
798   5  4.60911e-03
799   4  2.81596e-03
800   6  3.87025e-03
801   5  2.26617e-03
802   5  2.43282e-03
803   4  2.44498e-03
804   4  2.18201e-03
805   4  2.15673e-03
806   6  3.60179e-03
807   4  2.38800e-03
808   4  4.72093e-03
809   4  2.52390e-03
810   4  2.56276e-03
811   4  2.10595e-03
812   4  2.83194e-03
813   5  2.64025e-03
814   5  3.45612e-03
815   4  2.62094e-03
816   4  2.40517e-03
817   5  3.91507e-03
818   4  2.63619e-03
819   4  3.06201e-03
820   4  2.73895e-03
821   4  2.30598e-03
822   4  2.28214e-03
823   4  3.49808e-03
824   4  3.29590e-03
825   5  2.93708e-03
826   4  3.08490e-03
827   5  2.58684e-03
828   4  2.75993e-03
829   4  2.21705e-03
830   4  2.49815e-03
831   4  3.04699e-03
832   4  2.53105e-03
833   5  2.93994e-03
834   5  2.50220e-03
835   4  2.16508e-03
836   4  4.69398e-03
837   4  3.67212e-03
838   7  4.40192e-03
839   5  4.46296e-03
840   4  2.52628e-03
841   4  2.26474e-03
842   5  2.62094e-03
843   5  3.99113e-03
844   4  2.41780e-03
845   4  2.31409e-03
846   5  2.32792e-03
847   6  2.89798e-03
848   5  2.44713e-03
849   5  2.35891e-03
850   6  2.86508e-03
851   5  3.76201e-03
852   4  2.30122e-03
853   4  3.12018e-03
854   5  2.77829e-03
855   6  2.54917e-03
856   4  3.51906e-03
857   5  2.54989e-03
858   5  3.17693e-03
859   5  3.62110e-03
860   5  2.18797e-03
861   6  3.86381e-03
862   4  2.12407e-03
863   5  2.64716e-03
864   4  2.25520e-03
865   5  3.57199e-03
866   4  5.14102e-03
867   5  2.43497e-03
868   4  2.40588e-03
869   5  3.45588e-03
870   5  3.61300e-03
871   5  3.01790e-03
872   4  2.26474e-03
873   4  2.12097e-03
874   5  3.46875e-03
875   4  2.30193e-03
876   5  2.03514e-03
877   4  3.48496e-03
878   5  2.82383e-03
879   4  2.36201e-03
880   4  3.35097e-03
881   4  2.45094e-03
882   4  2.39086e-03
883   5  3.57413e-03
884   5  3.72601e-03
885   4  2.39491e-03
886   5  2.90513e-03
887   4  6.75988e-03
888   4  2.46811e-03
889   7  3.80588e-03
890   4  2.48289e-03
891   5  2.67601e-03
892   6  2.82598e-03
893   5  4.59695e-03
894   4  2.50387e-03
895   6  2.71606e-03
896   5  3.73936e-03
897   5  3.36981e-03
898   7  2.40731e-03
899   4  2.51913e-03
900   4  2.64215e-03
901   7  2.60210e-03
902   6  2.67291e-03
903   4  2.21181e-03
904   6  2.31671e-03
905   5  2.90132e-03
906   4  2.43616e-03
907   6  4.47392e-03
908   5  2.50220e-03
909   4  2.38395e-03
910   4  2.44093e-03
911   6  2.82502e-03
912   4  3.06511e-03
913   4  3.30424e-03
914   5  3.16787e-03
915   4  2.25496e-03
916   5  3.50308e-03
917   4  2.87509e-03
918   5  2.30598e-03
919   4  3.60107e-03
920   5  3.30710e-03
921   4  2.42186e-03
922   5  2.92611e-03
923   4  2.45476e-03
924   4  2.46882e-03
925   4  2.06900e-03
926   5  3.52383e-03
927   5  2.92587e-03
928   4  3.25608e-03
929   6  3.77202e-03
930   4  2.77019e-03
931   4  2.26927e-03
932   4  2.52199e-03
933   5  3.41797e-03
934   4  2.17700e-03
935   4  2.36988e-03
936   6  4.17423e-03
937   4  2.46406e-03
938   5  2.38109e-03
939   6  3.53312e-03
940   4  2.51698e-03
941   4  2.29812e-03
942   6  2.27404e-03
943   5  6.32977e-03
944   6  3.99184e-03
945   4  2.39015e-03
946   4  2.08282e-03
947   4  3.22509e-03
948   4  2.50793e-03
949   6  3.28994e-03
950   5  3.50094e-03
951   5  2.58923e-03
952   6  3.24678e-03
953   6  5.49102e-03
954   4  3.10922e-03
955   5  3.77178e-03
956   4  3.15404e-03
957   4  2.19798e-03
958   4  2.33698e-03
959   5  2.36320e-03
960   4  2.30408e-03
961   7  2.73204e-03
962   4  2.54321e-03
963   5  2.35200e-03
964   4  2.69198e-03
965   6  3.62587e-03
966   4  2.13885e-03
967   5  3.61800e-03
968   5  2.54512e-03
969   4  2.30622e-03
970   4  2.43592e-03
971   8  3.96800e-03
972   4  3.54195e-03
973   7  2.76709e-03
974   4  2.48504e-03
975   4  2.43902e-03
976   5  3.48902e-03
977   4  3.28493e-03
978   5  2.64883e-03
979   4  2.17199e-03
980   4  2.42305e-03
981   4  2.63190e-03
982   4  2.37393e-03
983   4  2.46119e-03
984   5  3.34501e-03
985   5  2.31814e-03
986   4  3.31497e-03
987   5  3.17097e-03
988   5  2.63715e-03
989   5  6.12593e-03
990   5  2.67792e-03
991   5  3.19004e-03
992   5  5.06639e-03
993   4  2.23827e-03
994   4  2.72799e-03
995   5  3.86882e-03
996   5  2.62189e-03
997   5  3.98111e-03
998   5  4.50420e-03
999   6  2.84004e-03
1000   7  3.38888e-03
1001   9  4.66204e-03
1002   8  3.76606e-03
1003   5  3.80111e-03
1004   4  2.91371e-03
1005   6  2.38585e-03
1006   6  2.27404e-03
1007   4  4.11606e-03
1008   6  4.27890e-03
1009   4  2.26212e-03
1010   6  3.86000e-03
1011   4  2.81978e-03
1012   5  3.71504e-03
1013   5  3.90887e-03
1014   5  3.65520e-03
1015   4  2.85292e-03
1016   4  3.58200e-03
1017   5  4.32897e-03
1018   7  3.19409e-03
1019   4  3.41392e-03
1020   6  4.28224e-03
1021   4  2.42519e-03
1022   4  3.25513e-03
1023   4  2.50006e-03
1024   5  3.19314e-03
1025   4  3.22294e-03
1026   5  2.49910e-03
1027   4  2.66194e-03
1028   4  2.91419e-03
1029   4  2.46596e-03
1030   5  3.55387e-03
1031   6  3.00097e-03
1032   6  2.50530e-03
1033   5  4.07004e-03
1034   5  2.42305e-03
1035   5  4.33469e-03
1036   4  2.60997e-03
1037   6  2.63000e-03
1038   4  2.51818e-03
1039   4  3.17717e-03
1040   5  2.28000e-03
1041   5  2.78997e-03
1042   5  3.36790e-03
1043   5  2.37012e-03
1044   4  3.56197e-03
1045   5  2.83003e-03
1046   5  3.09777e-03
1047   4  3.27706e-03
1048   4  2.39897e-03
1049   5  3.19481e-03
1050   5  2.49100e-03
1051   6  2.54393e-03
1052   6  2.82192e-03
1053   4  2.44093e-03
1054   5  2.34318e-03
1055   6  2.35891e-03
1056   5  3.54195e-03
1057   4  3.34501e-03
1058   4  2.17009e-03
1059   6  2.44904e-03
1060   4  3.20482e-03
1061   4  2.77495e-03
1062   4  3.27086e-03
1063   5  3.39031e-03
1064   5  3.35121e-03
1065   5  4.27914e-03
1066   5  4.25816e-03
1067   4  3.09491e-03
1068   4  2.80499e-03
1069   5  3.63493e-03
1070   4  2.34914e-03
1071   4  3.63684e-03
1072   5  3.80921e-03
1073   4  2.30718e-03
1074   4  2.82001e-03
1075   6  2.34914e-03
1076   5  2.76279e-03
1077   4  3.43490e-03
1078   5  2.79093e-03
1079   4  3.32189e-03
1080   4  3.25084e-03
1081   8  4.04191e-03
1082   5  2.98905e-03
1083   4  3.29280e-03
1084   6  2.31886e-03
1085   5  3.75891e-03
1086   5  2.38705e-03
1087   5  3.65973e-03
1088   4  3.04914e-03
1089   4  2.54488e-03
1090   4  4.96817e-03
1091   4  3.52907e-03
1092   4  2.27976e-03
1093   5  3.66211e-03
1094   6  3.20697e-03
1095   5  2.71702e-03
1096   4  2.45810e-03
1097   4  3.38483e-03
1098   4  3.36075e-03
1099   4  2.49600e-03
1100   5  2.79021e-03
1101   5  3.33500e-03
1102   5  2.23017e-03
1103   7  2.65718e-03
1104   6  2.67696e-03
1105   4  2.14815e-03
1106   4  2.52604e-03
1107   5  2.87104e-03
1108   4  2.64692e-03
1109   4  2.34604e-03
1110   6  2.52795e-03
1111   5  3.20101e-03
1112   7  3.65686e-03
1113   4  3.43990e-03
1114   4  3.73101e-03
1115   4  2.33483e-03
1116   5  3.61395e-03
1117   6  3.18003e-03
1118   5  3.72982e-03
1119   4  2.26593e-03
1120   4  2.74897e-03
1121   7  3.32999e-03
1122   5  2.51889e-03
1123   4  3.17025e-03
1124   4  2.28500e-03
1125   4  1.98698e-03
1126   5  2.55990e-03
1127   5  2.41995e-03
1128   6  4.79889e-03
1129   4  2.67696e-03
1130   5  3.63207e-03
1131   4  4.18591e-03
1132   4  2.40898e-03
1133   4  3.57699e-03
1134   4  5.87893e-03
1135   4  2.46406e-03
1136   4  2.37012e-03
1137   6  4.67587e-03
1138   5  3.56507e-03
1139   5  4.07290e-03
1140   4  3.38197e-03
1141   4  2.79665e-03
1142   4  3.40390e-03
1143   6  2.46191e-03
1144   4  3.81637e-03
1145   4  2.18797e-03
1146   4  2.49600e-03
1147   5  2.46191e-03
1148   4  3.18432e-03
1149   4  2.73585e-03
1150   4  2.51389e-03
1151   4  2.99692e-03
1152   5  2.34103e-03
1153   4  2.42805e-03
1154   4  2.59089e-03
1155   6  3.52001e-03
1156   5  2.22325e-03
1157   5  2.66218e-03
1158   4  2.57111e-03
1159   6  3.91126e-03
1160   4  3.01123e-03
1161   6  2.82001e-03
1162   5  2.52414e-03
1163   5  3.14498e-03
1164   4  2.74301e-03
1165   6  3.56603e-03
1166   6  3.97396e-03
1167   5  3.06726e-03
1168   6  4.19712e-03
1169   5  2.24781e-03
1170   5  3.43823e-03
1171   5  2.36273e-03
1172   5  2.50316e-03
1173   6  2.22182e-03
1174   4  3.17502e-03
1175   4  3.29208e-03
1176   4  2.19393e-03
1177   4  2.27404e-03
1178   5  2.29692e-03
1179   4  2.55013e-03
1180   5  2.23374e-03
1181   4  2.37226e-03
1182   5  3.13973e-03
1183   6  2.73418e-03
1184   5  2.46096e-03
1185   6  2.53582e-03
1186   4  3.88193e-03
1187   5  2.26569e-03
1188   4  2.93803e-03
1189   4  2.54202e-03
1190   4  2.23708e-03
1191   5  2.21109e-03
1192   6  5.75781e-03
1193   4  2.55299e-03
1194   4  2.04706e-03
1195   5  2.14696e-03
1196   4  3.12090e-03
1197   5  2.17676e-03
1198   5  2.15292e-03
1199   4  2.06280e-03
1200   6  2.38109e-03
1201   4  1.95980e-03
1202   4  2.51079e-03
1203   5  2.08998e-03
1204   5  3.38721e-03
1205   5  2.45976e-03
1206   4  2.43402e-03
1207   4  4.04906e-03
1208   4  4.12011e-03
1209   4  3.56889e-03
1210   6  2.66790e-03
1211   4  3.22104e-03
1212   5  2.37322e-03
1213   4  2.41399e-03
1214   5  3.52502e-03
1215   4  2.33889e-03
1216   5  2.66910e-03
1217   4  2.07400e-03
1218   4  2.61593e-03
1219   5  3.23033e-03
1220   4  4.45271e-03
1221   5  2.60019e-03
1222   5  3.59702e-03
1223   6  2.34699e-03
1224   5  2.46310e-03
1225   5  2.22111e-03
1226   4  2.04015e-03
1227   5  2.55322e-03
1228   4  3.47805e-03
1229   4  2.55728e-03
1230   4  2.26712e-03
1231   5  2.58517e-03
1232   5  2.86007e-03
1233   4  4.87280e-03
1234   4  2.20370e-03
1235   5  3.58987e-03
1236   5  3.77393e-03
1237   4  2.35391e-03
1238   4  2.18010e-03
1239   6  3.41296e-03
1240   5  2.97713e-03
1241   4  2.44093e-03
1242   5  2.34604e-03
1243   4  2.77495e-03
1244   4  3.19195e-03
1245   4  2.81024e-03
1246   5  4.08769e-03
1247   6  2.57206e-03
1248   5  2.94590e-03
1249   6  2.94876e-03
1250   6  2.89679e-03
1251   4  3.32689e-03
1252   5  2.42686e-03
1253   5  2.87414e-03
1254   5  3.49212e-03
1255   5  2.43926e-03
1256   6  3.81184e-03
1257   5  3.98612e-03
1258   4  2.22301e-03
1259   5  2.28906e-03
1260   4  4.04501e-03
1261   5  2.64502e-03
1262   6  3.10779e-03
1263   4  2.29621e-03
1264   4  2.33507e-03
1265   5  2.39801e-03
1266   4  2.04206e-03
1267   5  2.75183e-03
1268   5  2.50888e-03
1269   5  3.17526e-03
1270   6  3.76201e-03
1271   5  4.59909e-03
1272   7  4.16398e-03
1273   4  2.67100e-03
1274   6  3.97515e-03
1275   4  2.22063e-03
1276   5  2.28190e-03
1277   5  2.63882e-03
1278   4  2.35176e-03
1279   6  3.37386e-03
1280   4  2.64287e-03
1281   4  2.34485e-03
1282   4  2.14577e-03
1283   5  4.48728e-03
1284   5  3.23319e-03
1285   4  3.13401e-03
1286   4  2.22397e-03
1287   7  3.56197e-03
1288   4  2.60615e-03
1289   4  2.73299e-03
1290   5  3.43299e-03
1291   4  3.34716e-03
1292   4  2.42400e-03
1293   5  3.46994e-03
1294   5  2.02584e-03
1295   4  2.03896e-03
1296   5  3.13067e-03
1297   4  2.29502e-03
1298   5  2.42710e-03
1299   4  2.14601e-03
1300   4  2.34604e-03
1301   4  2.25019e-03
1302   5  2.71606e-03
1303   5  2.74777e-03
1304   4  2.62976e-03
1305   4  2.82812e-03
1306   5  2.95782e-03
1307   5  5.25498e-03
1308   4  2.46787e-03
1309   5  3.38984e-03
1310   5  3.51596e-03
1311   4  2.64406e-03
1312   5  2.06208e-03
1313   5  3.25513e-03
1314   4  2.64812e-03
1315   5  3.37005e-03
1316   5  2.65813e-03
1317   5  3.39675e-03
1318   4  2.09904e-03
1319   5  3.59416e-03
1320   5  2.42496e-03
1321   5  2.10786e-03
1322   5  3.12710e-03
1323   4  2.72107e-03
1324   4  2.52986e-03
1325   5  2.67005e-03
1326   4  2.54178e-03
1327   4  3.37195e-03
1328   4  2.43187e-03
1329   6  2.73609e-03
1330   5  3.22986e-03
1331   5  5.05924e-03
1332   7  2.39205e-03
1333   5  2.21395e-03
1334   4  2.03705e-03
1335   5  3.43394e-03
1336   6  3.66902e-03
1337   6  3.29399e-03
1338   4  2.70104e-03
1339   7  3.00598e-03
1340   5  2.12097e-03
1341   4  2.75493e-03
1342   5  3.16787e-03
1343   5  2.48170e-03
1344   5  2.53391e-03
1345   4  2.43711e-03
1346   4  4.05884e-03
1347   6  3.91865e-03
1348   4  2.24113e-03
1349   6  3.93486e-03
1350   4  2.30217e-03
1351   4  2.38895e-03
1352   5  3.76201e-03
1353   6  3.98898e-03
1354   4  2.44713e-03
1355   5  3.38387e-03
1356   6  3.92771e-03
1357   4  2.06709e-03
1358   6  4.03404e-03
1359   5  2.59519e-03
1360   5  3.35193e-03
1361   5  3.47018e-03
1362   4  2.73705e-03
1363   6  2.66004e-03
1364   5  2.52199e-03
1365   4  3.47900e-03
1366   4  3.39317e-03
1367   4  2.76899e-03
1368   4  2.19917e-03
1369   5  3.79229e-03
1370   5  2.36702e-03
1371   6  2.54607e-03
1372   4  2.21300e-03
1373   5  3.33905e-03
1374   4  2.21109e-03
1375   5  2.13885e-03
1376   5  2.89607e-03
1377   5  2.24185e-03
1378   5  5.26619e-03
1379   5  2.46501e-03
1380   6  2.73991e-03
1381   4  3.05796e-03
1382   4  2.52223e-03
1383   5  2.57206e-03
1384   5  3.27420e-03
1385   4  3.33810e-03
1386   5  2.85697e-03
1387   4  2.69103e-03
1388   6  3.87096e-03
1389   5  2.27976e-03
1390   5  2.43902e-03
1391   4  2.41995e-03
1392   4  2.25496e-03
1393   6  4.48513e-03
1394   4  3.01099e-03
1395   6  3.23200e-03
1396   5  3.06797e-03
1397   4  2.18797e-03
1398   4  2.79498e-03
1399   5  2.50816e-03
1400   4  2.55919e-03
1401   4  2.06304e-03
1402   4  4.57501e-03
1403   5  3.28803e-03
1404   4  3.48902e-03
1405   5  3.35574e-03
1406   6  3.48210e-03
1407   5  3.56507e-03
1408   5  3.97706e-03
1409   5  8.52418e-03
1410   5  8.48484e-03
1411   6  1.01089e-02
1412   4  5.68104e-03
1413   4  5.44214e-03
1414   4  3.91579e-03
1415   5  4.85373e-03
1416   4  2.44212e-03
1417   5  2.25091e-03
1418   4  2.07710e-03
1419   5  3.42703e-03
1420   6  3.12304e-03
1421   7  2.77090e-03
1422   6  2.46978e-03
1423   6  3.13187e-03
1424   6  3.17073e-03
1425   5  2.89607e-03
1426   4  2.43998e-03
1427   6  2.75898e-03
1428   4  3.10612e-03
1429   5  3.58391e-03
1430   4  1.77538e-02
1431   4  2.58422e-03
1432   4  2.41995e-03
1433   5  2.57015e-03
1434   4  2.77209e-03
1435   4  2.41208e-03
1436   4  2.39015e-03
1437   5  3.35693e-03
1438   5  3.69215e-03
1439   6  4.10104e-03
1440   4  2.41876e-03
1441   4  2.45476e-03
1442   4  2.71726e-03
1443   4  3.45492e-03
1444   6  4.50587e-03
1445   6  2.74110e-03
1446   5  3.60990e-03
1447   4  2.59209e-03
1448   6  2.37894e-03
1449   5  2.44570e-03
1450   6  2.48575e-03
1451   4  2.53987e-03
1452   6  3.68595e-03
1453   4  2.25997e-03
1454   6  2.60901e-03
1455   4  2.31814e-03
1456   6  3.42822e-03
1457   5  2.93708e-03
1458   6  2.42400e-03
1459   6  3.52621e-03
1460   4  2.24280e-03
1461   4  3.30400e-03
1462   4  2.52128e-03
1463   4  2.71988e-03
1464   5  2.98810e-03
1465   5  2.42209e-03
1466   5  3.88885e-03
1467   4  2.56085e-03
1468   5  2.31504e-03
1469   4  2.40397e-03
1470   4  2.26974e-03
1471   5  2.38109e-03
1472   5  4.29797e-03
1473   5  2.57206e-03
1474   4  3.07012e-03
1475   4  5.06997e-03
1476   5  2.44284e-03
1477   4  2.41113e-03
1478   5  3.89123e-03
1479   4  2.60186e-03
1480   6  2.39515e-03
1481   4  2.84600e-03
1482   4  2.15721e-03
1483   4  2.28000e-03
1484   4  3.30663e-03
1485   4  3.33309e-03
1486   5  6.27708e-03
1487   4  2.37799e-03
1488   4  3.38483e-03
1489   4  2.42591e-03
1490   6  2.39682e-03
1491   4  1.96028e-03
1492   5  4.24123e-03
1493   5  3.65210e-03
1494   5  2.56109e-03
1495   7  3.51691e-03
1496   5  3.77274e-03
1497   4  2.49195e-03
1498   4  2.49410e-03
1499   5  3.23772e-03
1500   4  2.53105e-03
1501   6  2.36106e-03
1502   4  2.34699e-03
1503   5  2.55299e-03
1504   6  2.43020e-03
1505   4  3.42870e-03
1506   5  2.36988e-03
1507   4  2.26307e-03
1508   4  3.12591e-03
1509   5  2.44021e-03
1510   7  3.89099e-03
1511   4  3.48854e-03
1512   7  2.45500e-03
1513   5  4.23694e-03
1514   4  2.46191e-03
1515   4  2.42972e-03
1516   6  2.47788e-03
1517   4  2.34580e-03
1518   4  4.82726e-03
1519   5  3.66688e-03
1520   4  2.53177e-03
1521   4  2.58613e-03
1522   4  2.39205e-03
1523   4  3.57819e-03
1524   5  2.69294e-03
1525   5  3.46589e-03
1526   4  5.39494e-03
1527   4  2.20394e-03
1528   4  3.74103e-03
1529   4  2.45118e-03
1530   8  4.15373e-03
1531   6  2.34008e-03
1532   5  3.61300e-03
1533   4  3.56913e-03
1534   5  3.59106e-03
1535   5  3.57699e-03
1536   5  3.44086e-03
1537   5  3.01313e-03
1538   4  3.12781e-03
1539   5  3.02601e-03
1540   4  3.91102e-03
1541   4  3.28135e-03
1542   5  2.75779e-03
1543   4  3.51000e-03
1544   4  2.36893e-03
1545   6  2.62523e-03
1546   4  3.42083e-03
1547   5  2.65384e-03
1548   5  2.34413e-03
1549   4  3.03221e-03
1550   6  3.66712e-03
1551   4  3.20101e-03
1552   5  3.50523e-03
1553   5  3.61085e-03
1554   4  2.50697e-03
1555   5  2.25186e-03
1556   6  3.44515e-03
1557   6  2.12121e-03
1558   4  2.18415e-03
1559   5  2.86412e-03
1560   5  2.79284e-03
1561   5  3.10397e-03
1562   4  2.39182e-03
1563   5  3.11303e-03
1564   4  2.70271e-03
1565   4  2.55775e-03
1566   7  3.14403e-03
1567   4  3.55792e-03
1568   5  2.23112e-03
1569   4  3.27802e-03
1570   5  4.81009e-03
1571   4  3.24488e-03
1572   4  2.23613e-03
1573   5  2.62904e-03
1574   4  2.75302e-03
1575   4  3.32904e-03
1576   4  2.39301e-03
1577   6  2.89822e-03
1578   4  2.01082e-03
1579   5  2.34604e-03
1580   4  2.17700e-03
1581   4  4.51517e-03
1582   6  2.42114e-03
1583   5  2.77400e-03
1584   4  2.52604e-03
1585   4  2.20799e-03
1586   6  3.71718e-03
1587   5  3.04008e-03
1588   4  2.30765e-03
1589   4  3.17526e-03
1590   4  2.32983e-03
1591   5  3.41415e-03
1592   5  3.51620e-03
1593   4  2.52795e-03
1594   4  3.61586e-03
1595   5  3.53312e-03
1596   4  2.33698e-03
1597   7  3.59392e-03
1598   6  3.10779e-03
1599   5  4.01592e-03
1600   6  2.42782e-03
1601   4  3.51906e-03
1602   4  2.40612e-03
1603   4  3.10779e-03
1604   4  2.96426e-03
1605   6  3.31306e-03
1606   4  2.06423e-03
1607   4  2.51627e-03
1608   5  3.47304e-03
1609   7  3.65400e-03
1610   5  2.09093e-03
1611   5  3.70407e-03
1612   4  2.39491e-03
1613   5  4.38118e-03
1614   4  2.45905e-03
1615   5  5.04184e-03
1616   5  3.53408e-03
1617   5  4.19188e-03
1618   5  3.59392e-03
1619   4  2.38681e-03
1620   5  4.73380e-03
1621   5  3.30114e-03
1622   5  2.67291e-03
1623   5  3.07894e-03
1624   4  2.19798e-03
1625   5  3.70121e-03
1626   5  2.88796e-03
1627   4  2.94304e-03
1628   4  3.14999e-03
1629   4  2.56991e-03
1630   4  3.64280e-03
1631   5  4.86517e-03
1632   5  2.74587e-03
1633   4  3.54099e-03
1634   4  3.89910e-03
1635   4  2.31671e-03
1636   4  3.00574e-03
1637   5  3.79992e-03
1638   4  3.15404e-03
1639   4  2.25687e-03
1640   5  2.50602e-03
1641   5  3.71504e-03
1642   5  4.17614e-03
1643   5  3.23200e-03
1644   4  3.77226e-03
1645   6  3.07202e-03
1646   6  3.76391e-03
1647   5  2.20394e-03
1648   6  2.51603e-03
1649   5  2.35796e-03
1650   4  2.59089e-03
1651   4  3.41105e-03
1652   6  2.49434e-03
1653   4  2.47097e-03
1654   5  2.46620e-03
1655   4  2.45976e-03
1656   5  2.64406e-03
1657   4  4.04310e-03
1658   4  2.63214e-03
1659   8  3.89123e-03
1660   6  4.48203e-03
1661   6  3.25608e-03
1662   4  2.30289e-03
1663   5  2.74801e-03
1664   6  3.50618e-03
1665   4  3.10230e-03
1666   5  3.41606e-03
1667   4  4.28176e-03
1668   4  3.28398e-03
1669   5  2.61497e-03
1670   5  2.80380e-03
1671   5  3.30424e-03
1672   5  2.60401e-03
1673   5  2.66290e-03
1674   5  2.50816e-03
1675   4  3.24416e-03
1676   6  3.59297e-03
1677   4  3.79801e-03
1678   4  2.29788e-03
1679   6  2.51079e-03
1680   5  2.84624e-03
1681   8  2.67720e-03
1682   5  3.03817e-03
1683   4  3.51691e-03
1684   4  4.05002e-03
1685   5  2.99883e-03
1686   5  2.30598e-03
1687   4  3.35002e-03
1688   4  2.16103e-03
1689   4  2.52223e-03
1690   5  3.52621e-03
1691   4  3.55005e-03
1692   4  2.32601e-03
1693   4  3.24607e-03
1694   5  2.63095e-03
1695   5  2.28620e-03
1696   7  2.79021e-03
1697   5  2.27475e-03
1698   4  2.18010e-03
1699   5  2.08116e-03
1700   6  2.41590e-03
1701   5  2.15507e-03
1702   5  2.72512e-03
1703   5  2.86627e-03
1704   4  2.50387e-03
1705   5  2.55585e-03
1706   7  5.99909e-03
1707   4  2.31004e-03
1708   5  2.49600e-03
1709   5  2.97594e-03
1710   4  2.40302e-03
1711   5  2.18105e-03
1712   6  2.42591e-03
1713   5  2.38895e-03
1714   4  3.62206e-03
1715   5  2.07996e-03
1716   5  2.46811e-03
1717   6  3.91316e-03
1718   5  2.12574e-03
1719   5  2.43711e-03
1720   7  4.16470e-03
1721   5  2.76494e-03
1722   6  2.70915e-03
1723   6  2.63810e-03
1724   4  2.36511e-03
1725   5  2.32315e-03
1726   4  2.42996e-03
1727   4  3.64614e-03
1728   4  2.13385e-03
1729   5  2.06995e-03
1730   4  2.14887e-03
1731   5  2.27618e-03
1732   6  2.81310e-03
1733   5  2.33603e-03
1734   4  2.53105e-03
1735   4  2.11883e-03
1736   8  5.59998e-03
1737   5  2.64978e-03
1738   5  2.93398e-03
1739   4  2.37799e-03
1740   5  2.36988e-03
1741   5  2.29025e-03
1742   4  2.08783e-03
1743   4  2.51389e-03
1744   4  2.25115e-03
1745   7  2.66504e-03
1746   6  3.38411e-03
1747   5  2.13480e-03
1748   5  2.32792e-03
1749   4  2.53010e-03
1750   5  2.19107e-03
1751   5  2.00295e-03
1752   4  3.32713e-03
1753   5  2.42209e-03
1754   6  4.15993e-03
1755   4  2.49720e-03
1756   7  2.49076e-03
1757   4  2.86698e-03
1758   4  2.43711e-03
1759   7  3.47185e-03
1760   5  2.52318e-03
1761   4  2.37012e-03
1762   4  2.96402e-03
1763   5  2.58088e-03
1764   6  2.40993e-03
1765   4  2.23112e-03
1766   4  3.72791e-03
1767   7  3.52383e-03
1768   5  2.92110e-03
1769   4  4.19688e-03
1770   4  2.18606e-03
1771   4  2.55704e-03
1772   4  3.34620e-03
1773   6  2.86508e-03
1774   4  3.33786e-03
1775   6  2.39205e-03
1776   6  3.92008e-03
1777   4  4.21214e-03
1778   5  2.52414e-03
1779   6  4.41289e-03
1780   4  3.60799e-03
1781   7  3.36719e-03
1782   4  3.01099e-03
1783   4  4.79507e-03
1784   4  4.69279e-03
1785   6  2.77495e-03
1786   5  2.59399e-03
1787   4  2.48075e-03
1788   6  4.85778e-03
1789   6  4.97627e-03
1790   5  2.55895e-03
1791   6  5.90086e-03
1792   4  2.03490e-03
1793   7  4.51803e-03
1794   4  3.88193e-03
1795   4  2.49410e-03
1796   5  2.51985e-03
1797   4  2.45190e-03
1798   6  3.76797e-03
1799   5  2.98405e-03
1800   4  2.65598e-03
1801   4  3.44300e-03
1802   4  2.24876e-03
1803   6  3.03507e-03
1804   5  3.32904e-03
1805   7  2.66290e-03
1806   4  2.17772e-03
1807   4  3.49188e-03
1808   4  2.54583e-03
1809   6  3.72314e-03
1810   5  2.74587e-03
1811   6  2.32816e-03
1812   5  2.21682e-03
1813   5  2.25306e-03
1814   5  2.34818e-03
1815   4  3.14188e-03
1816   4  2.80094e-03
1817   5  2.84791e-03
1818   7  2.86794e-03
1819   6  3.17979e-03
1820   5  3.35217e-03
1821   4  2.61092e-03
1822   4  3.48902e-03
1823   4  2.38585e-03
1824   5  2.60687e-03
1825   5  2.35486e-03
1826   4  2.14505e-03
1827   4  2.71010e-03
1828   5  2.66886e-03
1829   4  3.72672e-03
1830   4  2.40111e-03
1831   4  2.19297e-03
1832   4  2.83504e-03
1833   4  3.37195e-03
1834   4  2.58017e-03
1835   4  2.53105e-03
1836   4  2.62904e-03
1837   4  2.55394e-03
1838   5  2.54321e-03
1839   5  2.14386e-03
1840   4  3.24416e-03
1841   6  3.26395e-03
1842   4  2.59614e-03
1843   6  2.76303e-03
1844   5  2.67005e-03
1845   4  2.22206e-03
1846   4  3.54099e-03
1847   4  2.72799e-03
1848   5  2.44284e-03
1849   4  3.52526e-03
1850   4  2.31886e-03
1851   5  2.08783e-03
1852   5  2.44784e-03
1853   4  3.23987e-03
1854   5  2.74491e-03
1855   4  3.71504e-03
1856   6  3.03674e-03
1857   4  2.61188e-03
1858   5  2.41899e-03
1859   5  3.87597e-03
1860   4  2.34509e-03
1861   5  2.18892e-03
1862   5  3.60870e-03
1863   7  5.97334e-03
1864   6  2.71511e-03
1865   7  4.79412e-03
1866   4  2.72226e-03
1867   5  2.66123e-03
1868   4  2.09427e-03
1869   6  3.54314e-03
1870   5  2.41303e-03
1871   6  2.32697e-03
1872   6  2.74110e-03
1873   5  2.48170e-03
1874   5  2.36511e-03
1875   5  2.64597e-03
1876   4  3.95584e-03
1877   4  4.23026e-03
1878   4  2.70987e-03
1879   5  2.16389e-03
1880   5  2.43783e-03
0   4  1.01807e+00
1   4  2.73204e-03
2   4  2.93207e-03
3   5  3.34382e-03
4   4  2.83003e-03
5   5  4.71401e-03
6   5  3.72005e-03
7   5  3.23987e-03
8   5  4.15730e-03
9   5  4.12703e-03
10   5  4.48895e-03
11   4  3.67785e-03
12   5  4.07195e-03
13   5  3.88980e-03
14   6  3.49808e-03
15   5  2.97022e-03
16   4  3.67999e-03
17   4  3.29113e-03
18   6  2.85816e-03
19   6  2.82097e-03
20   5  3.85118e-03
21   6  2.90608e-03
22   4  3.99470e-03
23   5  3.16191e-03
24   6  2.83098e-03
25   4  2.73585e-03
26   4  2.52175e-03
27   4  2.63405e-03
28   5  3.14498e-03
29   6  4.77433e-03
30   4  2.31910e-03
31   5  4.15802e-03
32   5  5.25379e-03
33   5  3.04008e-03
34   4  3.79682e-03
35   5  2.50292e-03
36   5  3.74389e-03
37   5  3.05104e-03
38   7  3.16405e-03
39   4  2.78616e-03
40   4  2.45500e-03
41   4  3.82805e-03
42   5  3.02815e-03
43   4  2.54202e-03
44   4  3.61609e-03
45   5  4.27413e-03
46   6  3.73387e-03
47   4  3.07417e-03
48   4  2.76780e-03
49   4  2.39611e-03
50   6  3.85904e-03
51   4  4.08792e-03
52   5  3.68810e-03
53   4  2.91109e-03
54   6  3.46017e-03
55   4  2.87819e-03
56   4  3.51787e-03
57   7  4.62627e-03
58   6  3.18289e-03
59   4  3.90196e-03
60   6  3.48282e-03
61   5  2.61283e-03
62   5  2.81596e-03
63   4  2.67196e-03
64   4  2.94495e-03
65   4  3.22890e-03
66   5  4.17614e-03
67   5  2.85292e-03
68   5  3.04985e-03
69   5  3.51596e-03
70   6  3.18694e-03
71   4  2.49910e-03
72   4  3.45087e-03
73   6  3.90196e-03
74   4  2.49815e-03
75   7  5.17511e-03
76   4  2.53487e-03
77   4  2.41303e-03
78   4  2.75707e-03
79   6  6.48093e-03
80   4  2.92873e-03
81   4  3.28326e-03
82   5  4.73619e-03
83   6  4.99296e-03
84   4  3.02291e-03
85   4  3.61705e-03
86   4  3.18909e-03
87   4  2.39301e-03
88   5  2.43211e-03
89   4  2.84219e-03
90   5  3.85976e-03
91   5  2.48694e-03
92   4  3.05033e-03
93   5  2.72489e-03
94   5  3.16191e-03
95   5  2.91204e-03
96   4  3.33714e-03
97   4  3.06320e-03
98   5  3.50213e-03
99   4  2.73991e-03
100   4  2.92301e-03
101   6  2.89679e-03
102   5  4.42314e-03
103   5  3.25513e-03
104   5  3.78180e-03
105   5  2.63500e-03
106   5  3.27921e-03
107   5  2.54822e-03
108   5  3.35383e-03
109   4  3.42393e-03
110   4  2.57516e-03
111   4  2.48504e-03
112   4  4.12011e-03
113   5  2.42281e-03
114   4  2.56300e-03
115   5  3.28708e-03
116   4  2.29502e-03
117   4  3.56102e-03
118   4  2.45810e-03
119   4  4.08340e-03
120   6  5.09000e-03
121   4  2.23398e-03
122   5  2.95281e-03
123   5  3.49498e-03
124   4  2.70605e-03
125   4  3.72124e-03
126   4  4.40025e-03
127   4  3.97205e-03
128   4  4.05812e-03
129   4  3.44992e-03
130   5  3.57914e-03
131   6  4.11820e-03
132   4  3.81303e-03
133   5  3.34740e-03
134   5  5.29218e-03
135   4  2.31504e-03
136   5  2.50101e-03
137   5  2.63977e-03
138   5  2.60901e-03
139   4  2.33865e-03
140   4  2.42591e-03
141   7  4.79627e-03
142   5  5.99909e-03
143   5  3.51095e-03
144   5  4.77123e-03
145   4  2.49505e-03
146   4  2.65718e-03
147   4  3.03912e-03
148   4  3.41821e-03
149   7  2.70724e-03
150   5  2.49696e-03
151   4  2.50483e-03
152   4  3.03197e-03
153   4  5.94401e-03
154   6  3.28493e-03
155   5  4.17995e-03
156   5  2.82192e-03
157   4  3.78895e-03
158   5  2.53081e-03
159   4  2.69699e-03
160   6  3.77917e-03
161   5  3.81303e-03
162   4  3.16811e-03
163   5  4.27794e-03
164   4  3.55911e-03
165   5  4.88973e-03
166   4  3.10087e-03
167   4  2.59113e-03
168   6  2.91705e-03
169   4  3.44491e-03
170   5  5.97501e-03
171   6  2.84076e-03
172   5  2.88701e-03
173   6  2.79403e-03
174   4  4.68302e-03
175   4  2.55990e-03
176   5  4.88997e-03
177   6  2.70581e-03
178   5  2.36201e-03
179   4  5.22113e-03
180   5  4.12583e-03
181   5  2.76113e-03
182   5  4.05312e-03
183   5  2.43807e-03
184   4  2.69508e-03
185   4  4.05312e-03
186   4  3.29590e-03
187   5  2.35200e-03
188   5  4.23694e-03
189   5  2.60687e-03
190   4  4.68898e-03
191   4  3.28398e-03
192   4  2.63190e-03
193   5  2.45118e-03
194   7  2.88081e-03
195   5  2.32697e-03
196   4  3.68381e-03
197   4  2.58899e-03
198   4  2.52008e-03
199   6  3.02601e-03
200   4  3.29280e-03
201   7  5.51701e-03
202   4  2.65908e-03
203   4  3.20292e-03
204   4  3.00193e-03
205   4  3.33905e-03
206   6  2.41709e-03
207   4  2.73991e-03
208   5  2.91491e-03
209   4  3.21198e-03
210   5  2.47788e-03
211   4  2.87890e-03
212   6  2.79427e-03
213   4  4.21095e-03
214   8  2.97999e-03
215   5  2.65098e-03
216   6  5.04112e-03
217   4  2.46286e-03
218   5  4.56500e-03
219   6  2.72083e-03
220   4  2.71797e-03
221   4  2.62523e-03
222   4  2.56681e-03
223   4  3.07989e-03
224   6  5.73301e-03
225   6  3.90410e-03
226   5  4.98676e-03
227   5  4.04024e-03
228   4  2.60091e-03
229   6  5.00679e-03
230   4  3.36289e-03
231   5  3.68094e-03
232   4  2.60186e-03
233   5  3.94702e-03
234   5  3.90911e-03
235   4  3.52001e-03
236   5  2.68912e-03
237   4  3.53003e-03
238   5  3.53193e-03
239   5  2.72202e-03
240   4  3.80993e-03
241   5  3.84307e-03
242   4  2.40588e-03
243   4  2.61569e-03
244   5  4.25720e-03
245   5  4.66704e-03
246   4  3.32904e-03
247   4  3.27301e-03
248   5  3.77893e-03
249   5  3.93200e-03
250   5  3.84521e-03
251   6  2.42805e-03
252   5  3.30806e-03
253   6  3.63326e-03
254   5  4.90403e-03
255   4  3.76892e-03
256   5  3.45111e-03
257   5  2.25472e-03
258   4  2.62499e-03
259   4  3.45898e-03
260   5  4.43387e-03
261   5  3.83306e-03
262   5  4.57120e-03
263   4  3.58725e-03
264   5  5.81002e-03
265   4  2.61521e-03
266   5  2.95806e-03
267   7  2.79498e-03
268   5  4.31800e-03
269   5  2.86198e-03
270   6  4.23288e-03
271   4  4.66418e-03
272   5  3.79491e-03
273   4  4.79078e-03
274   5  3.51715e-03
275   5  2.63405e-03
276   4  3.73697e-03
277   4  2.53916e-03
278   5  3.15595e-03
279   5  4.03905e-03
280   4  3.67188e-03
281   4  4.04215e-03
282   6  3.64208e-03
283   6  4.34685e-03
284   4  4.19426e-03
285   6  4.73523e-03
286   5  4.00877e-03
287   4  3.88622e-03
288   5  3.66783e-03
289   4  3.42393e-03
290   5  3.70789e-03
291   5  3.20411e-03
292   4  3.44610e-03
293   5  2.81215e-03
294   5  3.37529e-03
295   5  3.15499e-03
296   4  2.53797e-03
297   4  3.06797e-03
298   5  3.72505e-03
299   4  2.50912e-03
300   5  2.47502e-03
301   4  4.28200e-03
302   4  3.48520e-03
303   5  2.73275e-03
304   5  2.85387e-03
305   5  2.38991e-03
306   6  3.38197e-03
307   5  3.35789e-03
308   5  2.22492e-03
309   5  3.35288e-03
310   4  3.11112e-03
311   4  2.44188e-03
312   5  3.07393e-03
313   4  3.59082e-03
314   5  2.90370e-03
315   4  4.60815e-03
316   5  3.51834e-03
317   5  3.10206e-03
318   5  2.37203e-03
319   4  2.88415e-03
320   4  2.91896e-03
321   5  2.83122e-03
322   4  3.37029e-03
323   5  6.82092e-03
324   6  4.24600e-03
325   4  2.31290e-03
326   4  2.98071e-03
327   4  3.95012e-03
328   6  2.78902e-03
329   4  3.32618e-03
330   4  3.20411e-03
331   5  2.44999e-03
332   4  3.33476e-03
333   4  4.71807e-03
334   6  2.52724e-03
335   5  3.22795e-03
336   4  5.18513e-03
337   8  5.31578e-03
338   4  3.03268e-03
339   4  4.38118e-03
340   5  2.60186e-03
341   6  2.99072e-03
342   4  2.38419e-03
343   4  3.17121e-03
344   5  2.80499e-03
345   4  2.50316e-03
346   4  3.24917e-03
347   5  2.99215e-03
348   6  2.57802e-03
349   5  2.67220e-03
350   4  3.29494e-03
351   6  3.85594e-03
352   4  2.84219e-03
353   5  2.98405e-03
354   7  4.42290e-03
355   4  4.77314e-03
356   4  4.23121e-03
357   4  2.66409e-03
358   5  2.39611e-03
359   5  2.80094e-03
360   5  3.47710e-03
361   4  3.26395e-03
362   4  3.08990e-03
363   4  2.30765e-03
364   4  2.85006e-03
365   5  2.87294e-03
366   6  3.13711e-03
367   5  3.06392e-03
368   5  2.61188e-03
369   5  3.23701e-03
370   5  5.07903e-03
371   6  2.59304e-03
372   7  5.26214e-03
373   5  4.47702e-03
374   5  2.44021e-03
375   5  3.90697e-03
376   5  3.74222e-03
377   4  2.34699e-03
378   6  4.62317e-03
379   4  3.51191e-03
380   4  2.72679e-03
381   4  2.23494e-03
382   4  2.46811e-03
383   4  3.63588e-03
384   4  5.24497e-03
385   4  2.70486e-03
386   4  2.37584e-03
387   5  4.67205e-03
388   5  3.41129e-03
389   8  4.48513e-03
390   4  2.45905e-03
391   5  3.79920e-03
392   5  2.75612e-03
393   4  2.21896e-03
394   5  3.56412e-03
395   6  3.49474e-03
396   4  2.36416e-03
397   5  2.54297e-03
398   7  3.35193e-03
399   5  2.47717e-03
400   4  3.63803e-03
401   5  4.28605e-03
402   4  2.27714e-03
403   5  3.27873e-03
404   4  3.00813e-03
405   4  2.34795e-03
406   5  2.79784e-03
407   4  2.62713e-03
408   4  3.79491e-03
409   6  3.42226e-03
410   5  3.67785e-03
411   5  3.17407e-03
412   5  3.69477e-03
413   5  4.40383e-03
414   6  2.61497e-03
415   5  3.21388e-03
416   5  4.11129e-03
417   5  2.94232e-03
418   6  3.76606e-03
419   6  2.86102e-03
420   5  5.18394e-03
421   4  3.64089e-03
422   5  2.64430e-03
423   5  6.23631e-03
424   6  3.31497e-03
425   5  3.50404e-03
426   5  4.16207e-03
427   4  2.71416e-03
428   4  2.42996e-03
429   4  3.24988e-03
430   5  3.34096e-03
431   5  4.71663e-03
432   4  4.93097e-03
433   4  3.25704e-03
434   5  3.40199e-03
435   5  2.58398e-03
436   6  2.61188e-03
437   4  3.45111e-03
438   5  2.47598e-03
439   4  3.18885e-03
440   6  2.63190e-03
441   4  2.67720e-03
442   4  3.78394e-03
443   5  2.64502e-03
444   5  2.50196e-03
445   5  4.88687e-03
446   5  3.31092e-03
447   4  3.01409e-03
448   5  5.49412e-03
449   4  3.73888e-03
450   7  4.18615e-03
451   4  3.58891e-03
452   4  3.54695e-03
453   6  2.55013e-03
454   5  2.86913e-03
455   4  4.02999e-03
456   5  3.72910e-03
457   4  2.92301e-03
458   6  2.85602e-03
459   6  2.32387e-03
460   4  2.69890e-03
461   5  3.46923e-03
462   5  3.89099e-03
463   5  3.42798e-03
464   4  5.21803e-03
465   5  2.48194e-03
466   5  2.66600e-03
467   6  2.75707e-03
468   5  3.62015e-03
469   6  4.59480e-03
470   4  3.14689e-03
471   5  2.23875e-03
472   4  3.16215e-03
473   4  3.15309e-03
474   4  3.00384e-03
475   4  2.28190e-03
476   5  3.33166e-03
477   4  3.12304e-03
478   5  3.45922e-03
479   4  3.87907e-03
480   4  2.69008e-03
481   5  2.90108e-03
482   5  4.18115e-03
483   4  2.67792e-03
484   5  2.36201e-03
485   5  2.75517e-03
486   4  3.97491e-03
487   4  3.17478e-03
488   5  3.46184e-03
489   4  3.18193e-03
490   4  3.93915e-03
491   5  2.44784e-03
492   4  3.44491e-03
493   6  2.59304e-03
494   4  2.46882e-03
495   4  4.15397e-03
496   5  3.18074e-03
497   4  3.28279e-03
498   4  3.19576e-03
499   5  2.23994e-03
500   4  3.51787e-03
501   7  3.65901e-03
502   6  2.78091e-03
503   4  3.49092e-03
504   4  3.46303e-03
505   4  3.20411e-03
506   5  5.31101e-03
507   5  2.43497e-03
508   4  3.74389e-03
509   5  2.57206e-03
510   4  2.84004e-03
511   5  2.33006e-03
512   5  2.53725e-03
513   5  2.42400e-03
514   4  3.55577e-03
515   5  3.10802e-03
516   5  4.74477e-03
517   5  2.28095e-03
518   4  2.50006e-03
519   4  2.60997e-03
520   6  3.28803e-03
521   4  2.51436e-03
522   6  2.58398e-03
523   5  2.69794e-03
524   5  3.27706e-03
525   5  2.75397e-03
526   4  3.52907e-03
527   6  3.98898e-03
528   5  3.28803e-03
529   6  4.55618e-03
530   5  4.84610e-03
531   4  3.16024e-03
532   5  3.99518e-03
533   5  2.39086e-03
534   5  2.56491e-03
535   4  4.79388e-03
536   4  3.28493e-03
537   4  2.63715e-03
538   4  3.20721e-03
539   6  4.55928e-03
540   6  3.89624e-03
541   5  4.56500e-03
542   4  3.04675e-03
543   5  3.67999e-03
544   4  2.36416e-03
545   6  6.59585e-03
546   4  3.05009e-03
547   4  3.11089e-03
548   4  2.52533e-03
549   5  4.30012e-03
550   5  2.66123e-03
551   5  3.17311e-03
552   8  2.81906e-03
553   5  3.99208e-03
554   4  2.55609e-03
555   5  3.86000e-03
556   5  2.69008e-03
557   5  2.95210e-03
558   4  2.86317e-03
559   5  3.87716e-03
560   4  2.60091e-03
561   6  4.23908e-03
562   5  3.88074e-03
563   4  2.20418e-03
564   4  2.47097e-03
565   6  4.57907e-03
566   4  6.65283e-03
567   6  3.00694e-03
568   5  3.25203e-03
569   5  2.99788e-03
570   5  3.48902e-03
571   4  2.79808e-03
572   5  3.45874e-03
573   7  2.37799e-03
574   5  2.23875e-03
575   4  2.70915e-03
576   4  2.54583e-03
577   4  2.34699e-03
578   5  4.18401e-03
579   5  5.19395e-03
580   5  3.41797e-03
581   5  3.62706e-03
582   4  3.20792e-03
583   5  3.82304e-03
584   5  4.49109e-03
585   5  4.45509e-03
586   4  2.57707e-03
587   6  2.76208e-03
588   5  4.35710e-03
589   5  3.91388e-03
590   4  3.54004e-03
591   4  3.06582e-03
592   6  2.88892e-03
593   6  3.69716e-03
594   5  5.40090e-03
595   5  4.37498e-03
596   5  2.94185e-03
597   4  3.48687e-03
598   4  2.34604e-03
599   6  4.34899e-03
600   5  3.16620e-03
601   4  3.22795e-03
602   5  3.59201e-03
603   5  2.33483e-03
604   4  2.72369e-03
605   4  2.90203e-03
606   4  3.40295e-03
607   5  8.94213e-03
608   5  4.26507e-03
609   5  2.68126e-03
610   4  3.51095e-03
611   5  4.47202e-03
612   5  2.67291e-03
613   5  3.88312e-03
614   4  2.62904e-03
615   4  3.27086e-03
616   4  4.16017e-03
617   5  3.70622e-03
618   6  2.67315e-03
619   5  3.94392e-03
620   5  4.39119e-03
621   6  5.23210e-03
622   4  4.15301e-03
623   4  2.29788e-03
624   5  3.35383e-03
625   4  3.76296e-03
626   4  2.75397e-03
627   6  4.86803e-03
628   4  3.77178e-03
629   6  2.69389e-03
630   5  3.69883e-03
631   4  3.02291e-03
632   4  2.34699e-03
633   5  3.97205e-03
634   4  3.60489e-03
635   4  2.23327e-03
636   6  2.63715e-03
637   6  3.20625e-03
638   4  4.94313e-03
639   4  3.01194e-03
640   5  3.47495e-03
641   5  3.25608e-03
642   4  2.82693e-03
643   5  3.61276e-03
644   6  3.52621e-03
645   4  2.78592e-03
646   4  2.63977e-03
647   5  3.01003e-03
648   5  3.08323e-03
649   6  2.63596e-03
650   6  3.68595e-03
651   4  2.71201e-03
652   4  3.44586e-03
653   5  2.33483e-03
654   8  4.15397e-03
655   5  5.02777e-03
656   4  3.62206e-03
657   4  3.32093e-03
658   4  2.58112e-03
659   4  2.52390e-03
660   4  3.09515e-03
661   4  2.68102e-03
662   4  3.30997e-03
663   5  4.47297e-03
664   4  3.84378e-03
665   5  3.56293e-03
666   4  3.64900e-03
667   4  2.24900e-03
668   4  2.83694e-03
669   4  3.62206e-03
670   4  3.71099e-03
671   5  3.68500e-03
672   5  2.72989e-03
673   5  3.55363e-03
674   5  4.30226e-03
675   4  3.61490e-03
676   4  3.35884e-03
677   6  3.48735e-03
678   5  3.77512e-03
679   4  2.47121e-03
680   5  3.33905e-03
681   4  4.22812e-03
682   5  2.88010e-03
683   4  3.22104e-03
684   5  5.31816e-03
685   5  3.17121e-03
686   4  3.01003e-03
687   5  3.85976e-03
688   4  2.70009e-03
689   5  4.34899e-03
690   4  2.46882e-03
691   4  3.69525e-03
692   6  3.03698e-03
693   4  3.26681e-03
694   6  2.57921e-03
695   4  4.21023e-03
696   4  3.07393e-03
697   5  2.23684e-03
698   5  2.91896e-03
699   6  2.32601e-03
700   5  2.45905e-03
701   4  2.54798e-03
702   5  2.28214e-03
703   4  2.78711e-03
704   5  2.60091e-03
705   4  4.02594e-03
706   4  3.17812e-03
707   4  3.51906e-03
708   4  3.45874e-03
709   5  3.22986e-03
710   6  3.07798e-03
711   6  4.43816e-03
712   4  3.58987e-03
713   5  2.32387e-03
714   5  2.96307e-03
715   5  2.17700e-03
716   5  3.63064e-03
717   4  2.46477e-03
718   6  3.28183e-03
719   4  3.53408e-03
720   4  2.58374e-03
721   6  3.32785e-03
722   4  3.00074e-03
723   5  2.77305e-03
724   5  2.80714e-03
725   5  4.78625e-03
726   6  2.54989e-03
727   4  3.71718e-03
728   5  4.64678e-03
729   5  4.26698e-03
730   5  2.52104e-03
731   4  2.60210e-03
732   5  3.26204e-03
733   5  2.49219e-03
734   4  3.22199e-03
735   5  2.78378e-03
736   5  3.61872e-03
737   4  4.48179e-03
738   6  2.55585e-03
739   6  4.38285e-03
740   4  4.71234e-03
741   4  2.98381e-03
742   4  4.82273e-03
743   4  2.91514e-03
744   5  3.38316e-03
745   4  4.43006e-03
746   4  2.62403e-03
747   4  2.76113e-03
748   5  3.35383e-03
749   5  5.19323e-03
750   4  2.84481e-03
751   5  3.48973e-03
752   5  3.61991e-03
753   4  2.15888e-03
754   4  3.53599e-03
755   4  3.13377e-03
756   4  3.45016e-03
757   4  2.48098e-03
758   4  2.32506e-03
759   6  2.67196e-03
760   5  3.39103e-03
761   5  3.00598e-03
762   5  2.63333e-03
763   4  3.62706e-03
764   5  2.31099e-03
765   5  2.73514e-03
766   5  2.89893e-03
767   8  3.42798e-03
768   4  5.70536e-03
769   7  3.88098e-03
770   4  3.04723e-03
771   5  2.49386e-03
772   4  2.76804e-03
773   4  4.47178e-03
774   4  2.56085e-03
775   4  3.59488e-03
776   4  3.91698e-03
777   5  2.63119e-03
778   4  4.30417e-03
779   4  4.00281e-03
780   4  2.24423e-03
781   8  4.09389e-03
782   5  2.46406e-03
783   4  2.35486e-03
784   5  3.96204e-03
785   4  2.33603e-03
786   6  3.87192e-03
787   4  2.59185e-03
788   5  2.95401e-03
789   4  3.26014e-03
790   5  3.65901e-03
791   6  2.57015e-03
792   6  3.42298e-03
793   4  2.54536e-03
794   4  2.34079e-03
795   6  3.50308e-03
796   4  2.42996e-03
797   5  2.61307e-03
798   5  6.18196e-03
799   4  2.23994e-03
800   6  3.43084e-03
801   5  3.70193e-03
802   5  2.71416e-03
803   4  2.61617e-03
804   4  2.08402e-03
805   4  2.66695e-03
806   6  4.76909e-03
807   4  2.47693e-03
808   4  2.13504e-03
809   4  2.62117e-03
810   4  3.44396e-03
811   4  2.44403e-03
812   4  2.38514e-03
813   5  3.44205e-03
814   5  3.59201e-03
815   4  2.43187e-03
816   4  3.42989e-03
817   5  4.47011e-03
818   4  2.82311e-03
819   4  2.17605e-03
820   4  2.45810e-03
821   4  4.08411e-03
822   4  2.10786e-03
823   4  2.15793e-03
824   4  3.10588e-03
825   5  2.39897e-03
826   4  3.63278e-03
827   5  2.58875e-03
828   4  3.27325e-03
829   4  2.61521e-03
830   4  2.25306e-03
831   4  2.37012e-03
832   4  2.19393e-03
833   5  3.59583e-03
834   5  2.71988e-03
835   4  2.49982e-03
836   4  2.30408e-03
837   4  2.58684e-03
838   7  3.61991e-03
839   5  4.77982e-03
840   4  2.56586e-03
841   4  2.39706e-03
842   5  4.35615e-03
843   5  2.57206e-03
844   4  2.76208e-03
845   4  2.53296e-03
846   5  2.73085e-03
847   6  3.28803e-03
848   5  2.86794e-03
849   5  2.74014e-03
850   6  2.85482e-03
851   5  5.05805e-03
852   4  3.84498e-03
853   4  4.86994e-03
854   5  3.44801e-03
855   6  3.62587e-03
856   4  2.64978e-03
857   5  4.93574e-03
858   5  2.36797e-03
859   5  3.85118e-03
860   5  3.39389e-03
861   6  4.36211e-03
862   4  2.48790e-03
863   5  3.43299e-03
864   4  3.01719e-03
865   5  4.94885e-03
866   4  2.24280e-03
867   5  2.71606e-03
868   4  2.38323e-03
869   5  3.69978e-03
870   5  3.13520e-03
871   5  3.49402e-03
872   4  2.55418e-03
873   4  2.29502e-03
874   5  4.05717e-03
875   4  3.77131e-03
876   5  3.79968e-03
877   4  2.53606e-03
878   5  3.18599e-03
879   4  3.68905e-03
880   4  3.80898e-03
881   4  2.79403e-03
882   4  2.83504e-03
883   5  4.61578e-03
884   5  3.41296e-03
885   4  2.19989e-03
886   5  4.49586e-03
887   4  2.62785e-03
888   4  3.02219e-03
889   7  3.82018e-03
890   4  4.96101e-03
891   5  3.11804e-03
892   6  3.10612e-03
893   5  2.47002e-03
894   4  3.34787e-03
895   6  3.65305e-03
896   5  3.44205e-03
897   5  3.67785e-03
898   7  3.46899e-03
899   4  2.52485e-03
900   4  4.07100e-03
901   7  3.78013e-03
902   6  5.10001e-03
903   4  2.52199e-03
904   6  4.13990e-03
905   5  3.67904e-03
906   4  2.33126e-03
907   6  3.28088e-03
908   5  2.53701e-03
909   4  3.74722e-03
910   4  3.42298e-03
911   6  3.37791e-03
912   4  2.34818e-03
913   4  5.25808e-03
914   5  3.42679e-03
915   4  2.17605e-03
916   5  3.09420e-03
917   4  3.48711e-03
918   5  4.56905e-03
919   4  3.36099e-03
920   5  2.74682e-03
921   4  2.37393e-03
922   5  2.61092e-03
923   4  3.32499e-03
924   4  3.29518e-03
925   4  2.35200e-03
926   5  3.71194e-03
927   5  4.53687e-03
928   4  2.60210e-03
929   6  3.56388e-03
930   4  2.54178e-03
931   4  2.64907e-03
932   4  2.46191e-03
933   5  2.38800e-03
934   4  3.44205e-03
935   4  3.11589e-03
936   6  2.69794e-03
937   4  2.50006e-03
938   5  2.23494e-03
939   6  3.49307e-03
940   4  3.29804e-03
941   4  2.13194e-03
942   6  2.68507e-03
943   5  3.85189e-03
944   6  3.69000e-03
945   4  3.32689e-03
946   4  3.00407e-03
947   4  2.20895e-03
948   4  2.66290e-03
949   6  3.71289e-03
950   5  4.11987e-03
951   5  3.95894e-03
952   6  2.68817e-03
953   6  6.32310e-03
954   4  2.47312e-03
955   5  5.19013e-03
956   4  3.12090e-03
957   4  2.22993e-03
958   4  3.19386e-03
959   5  2.65098e-03
960   4  2.56896e-03
961   7  3.39985e-03
962   4  2.25806e-03
963   5  2.87890e-03
964   4  3.10612e-03
965   6  5.22423e-03
966   4  3.34001e-03
967   5  4.63104e-03
968   5  5.29313e-03
969   4  2.90704e-03
970   4  2.78616e-03
971   8  3.52001e-03
972   4  2.98309e-03
973   7  3.42298e-03
974   4  3.19886e-03
975   4  1.23508e-02
976   5  6.59800e-03
977   4  6.72483e-03
978   5  6.01006e-03
979   4  3.22986e-03
980   4  2.85220e-03
981   4  3.91006e-03
982   4  3.55196e-03
983   4  3.24297e-03
984   5  3.81684e-03
985   5  3.15499e-03
986   4  2.51317e-03
987   5  2.82717e-03
988   5  3.64494e-03
989   5  3.39007e-03
990   5  4.17686e-03
991   5  4.65584e-03
992   5  3.03006e-03
993   4  3.15380e-03
994   4  5.22494e-03
995   5  3.58677e-03
996   5  3.56817e-03
997   5  3.39723e-03
998   5  3.23391e-03
999   6  3.11208e-03
1000   7  3.21484e-03
1001   9  4.52590e-03
1002   8  3.73602e-03
1003   5  4.64010e-03
1004   4  3.43704e-03
1005   6  3.32189e-03
1006   6  2.37989e-03
1007   4  4.49991e-03
1008   6  3.48806e-03
1009   4  2.88200e-03
1010   6  3.52883e-03
1011   4  2.23398e-03
1012   5  5.24879e-03
1013   5  3.74198e-03
1014   5  2.79927e-03
1015   4  2.27475e-03
1016   4  2.47192e-03
1017   5  4.10128e-03
1018   7  2.51698e-03
1019   4  3.12901e-03
1020   6  2.32387e-03
1021   4  2.75111e-03
1022   4  2.36487e-03
1023   4  3.37195e-03
1024   5  2.86412e-03
1025   4  3.35407e-03
1026   5  4.54378e-03
1027   4  2.46191e-03
1028   4  2.68698e-03
1029   4  3.13902e-03
1030   5  3.51620e-03
1031   6  3.50404e-03
1032   6  2.40397e-03
1033   5  4.02284e-03
1034   5  4.63796e-03
1035   5  3.12209e-03
1036   4  3.24106e-03
1037   6  2.53797e-03
1038   4  2.57087e-03
1039   4  2.24209e-03
1040   5  2.65598e-03
1041   5  3.50785e-03
1042   5  3.16310e-03
1043   5  3.48186e-03
1044   4  2.77805e-03
1045   5  4.24600e-03
1046   5  3.29518e-03
1047   4  4.22907e-03
1048   4  3.15070e-03
1049   5  3.07798e-03
1050   5  3.41487e-03
1051   6  4.08816e-03
1052   6  6.43015e-03
1053   4  3.20697e-03
1054   5  3.82519e-03
1055   6  2.86698e-03
1056   5  3.66306e-03
1057   4  3.13282e-03
1058   4  2.26188e-03
1059   6  2.43282e-03
1060   4  2.12502e-03
1061   4  2.19965e-03
1062   4  4.31514e-03
1063   5  2.76709e-03
1064   5  3.72195e-03
1065   5  3.65329e-03
1066   5  4.58503e-03
1067   4  3.09515e-03
1068   4  2.33006e-03
1069   5  4.93789e-03
1070   4  2.78187e-03
1071   4  3.03602e-03
1072   5  3.35622e-03
1073   4  3.36599e-03
1074   4  2.29216e-03
1075   6  2.26998e-03
1076   5  4.45676e-03
1077   4  2.49600e-03
1078   5  3.71814e-03
1079   4  2.10810e-03
1080   4  3.42917e-03
1081   8  5.38421e-03
1082   5  6.25420e-03
1083   4  3.00097e-03
1084   6  2.83027e-03
1085   5  3.04222e-03
1086   5  6.22892e-03
1087   5  4.95219e-03
1088   4  3.63207e-03
1089   4  3.37601e-03
1090   4  3.25179e-03
1091   4  2.75397e-03
1092   4  4.08602e-03
1093   5  2.80094e-03
1094   6  2.45595e-03
1095   5  5.15914e-03
1096   4  2.22087e-03
1097   4  2.95496e-03
1098   4  2.93803e-03
1099   4  4.38809e-03
1100   5  3.64089e-03
1101   5  3.26800e-03
1102   5  6.51908e-03
1103   7  3.58891e-03
1104   6  3.38411e-03
1105   4  6.50811e-03
1106   4  3.15809e-03
1107   5  2.87724e-03
1108   4  2.49290e-03
1109   4  6.38103e-03
1110   6  3.81017e-03
1111   5  2.88486e-03
1112   7  3.69000e-03
1113   4  2.52700e-03
1114   4  3.41392e-03
1115   4  3.15404e-03
1116   5  3.76010e-03
1117   6  3.11875e-03
1118   5  4.67587e-03
1119   4  2.54011e-03
1120   4  3.40796e-03
1121   7  5.34105e-03
1122   5  2.64812e-03
1123   4  3.05891e-03
1124   4  3.17216e-03
1125   4  2.50506e-03
1126   5  3.79920e-03
1127   5  3.68881e-03
1128   6  2.42996e-03
1129   4  3.23915e-03
1130   5  3.84521e-03
1131   4  3.67785e-03
1132   4  3.78489e-03
1133   4  3.69787e-03
1134   4  3.24512e-03
1135   4  3.19290e-03
1136   4  2.34175e-03
1137   6  2.45714e-03
1138   5  2.78497e-03
1139   5  3.63183e-03
1140   4  2.25878e-03
1141   4  4.19307e-03
1142   4  4.00734e-03
1143   6  3.57413e-03
1144   4  3.49402e-03
1145   4  3.00694e-03
1146   4  2.10905e-03
1147   5  2.25115e-03
1148   4  2.71320e-03
1149   4  3.32999e-03
1150   4  2.32124e-03
1151   4  2.58398e-03
1152   5  2.29192e-03
1153   4  3.43800e-03
1154   4  2.63691e-03
1155   6  3.57723e-03
1156   5  2.67601e-03
1157   5  2.20895e-03
1158   4  2.98619e-03
1159   6  5.24688e-03
1160   4  3.61300e-03
1161   6  2.91109e-03
1162   5  2.23780e-03
1163   5  3.51477e-03
1164   4  3.25871e-03
1165   6  3.63994e-03
1166   6  2.09999e-03
1167   5  3.59297e-03
1168   6  3.50499e-03
1169   5  2.89106e-03
1170   5  2.40707e-03
1171   5  2.65622e-03
1172   5  2.28691e-03
1173   6  2.57087e-03
1174   4  3.08299e-03
1175   4  2.49767e-03
1176   4  3.53193e-03
1177   4  2.27904e-03
1178   5  2.04277e-03
1179   4  2.92706e-03
1180   5  2.29716e-03
1181   4  2.25377e-03
1182   5  2.72417e-03
1183   6  2.28882e-03
1184   5  3.93605e-03
1185   6  2.72894e-03
1186   4  3.37505e-03
1187   5  2.69890e-03
1188   4  2.53916e-03
1189   4  2.89392e-03
1190   4  2.31671e-03
1191   5  3.67093e-03
1192   6  3.53885e-03
1193   4  3.93486e-03
1194   4  3.26777e-03
1195   5  3.20292e-03
1196   4  3.07703e-03
1197   5  2.78807e-03
1198   5  3.19266e-03
1199   4  2.27785e-03
1200   6  3.10922e-03
1201   4  2.38705e-03
1202   4  3.42894e-03
1203   5  2.17390e-03
1204   5  3.99113e-03
1205   5  3.52883e-03
1206   4  3.84712e-03
1207   4  4.72522e-03
1208   4  3.08990e-03
1209   4  3.20315e-03
1210   6  2.34008e-03
1211   4  3.45707e-03
1212   5  2.65789e-03
1213   4  2.12002e-03
1214   5  2.69604e-03
1215   4  2.44188e-03
1216   5  2.44474e-03
1217   4  3.02887e-03
1218   4  2.74205e-03
1219   5  2.39801e-03
1220   4  2.21801e-03
1221   5  2.94304e-03
1222   5  3.17907e-03
1223   6  4.96626e-03
1224   5  2.52795e-03
1225   5  2.93875e-03
1226   4  2.33912e-03
1227   5  2.53272e-03
1228   4  2.72894e-03
1229   4  3.32904e-03
1230   4  4.88997e-03
1231   5  4.23408e-03
1232   5  5.19514e-03
1233   4  2.22516e-03
1234   4  3.92890e-03
1235   5  3.07393e-03
1236   5  3.10826e-03
1237   4  2.16198e-03
1238   4  4.85897e-03
1239   6  3.33595e-03
1240   5  2.43998e-03
1241   4  2.42090e-03
1242   5  3.51119e-03
1243   4  2.79093e-03
1244   4  3.18098e-03
1245   4  2.21205e-03
1246   5  2.41709e-03
1247   6  4.14991e-03
1248   5  4.68493e-03
1249   6  4.68087e-03
1250   6  3.10493e-03
1251   4  2.56395e-03
1252   5  5.50199e-03
1253   5  2.37894e-03
1254   5  3.44086e-03
1255   5  3.88384e-03
1256   6  3.51095e-03
1257   5  3.93677e-03
1258   4  2.07019e-03
1259   5  2.54297e-03
1260   4  2.93303e-03
1261   5  3.62086e-03
1262   6  2.91610e-03
1263   4  3.46112e-03
1264   4  2.60592e-03
1265   5  2.58303e-03
1266   4  2.64120e-03
1267   5  2.42090e-03
1268   5  2.24495e-03
1269   5  3.51405e-03
1270   6  3.52693e-03
1271   5  3.62206e-03
1272   7  4.60696e-03
1273   4  2.75302e-03
1274   6  5.93805e-03
1275   4  2.17509e-03
1276   5  3.70407e-03
1277   5  3.14689e-03
1278   4  3.04222e-03
1279   6  3.61800e-03
1280   4  2.42305e-03
1281   4  3.41034e-03
1282   4  2.51079e-03
1283   5  2.77305e-03
1284   5  5.53226e-03
1285   4  3.99327e-03
1286   4  2.47073e-03
1287   7  6.09708e-03
1288   4  3.38197e-03
1289   4  3.13282e-03
1290   5  2.66910e-03
1291   4  3.63612e-03
1292   4  2.48003e-03
1293   5  3.34907e-03
1294   5  2.43306e-03
1295   4  2.66886e-03
1296   5  3.90410e-03
1297   4  2.20108e-03
1298   5  3.59297e-03
1299   4  2.23804e-03
1300   4  2.22707e-03
1301   4  2.62094e-03
1302   5  3.49212e-03
1303   5  2.53582e-03
1304   4  2.47312e-03
1305   4  2.28810e-03
1306   5  3.29971e-03
1307   5  2.53201e-03
1308   4  2.71392e-03
1309   5  2.43115e-03
1310   5  2.18606e-03
1311   4  2.29883e-03
1312   5  4.35400e-03
1313   5  4.02403e-03
1314   4  2.87175e-03
1315   5  3.03793e-03
1316   5  3.88598e-03
1317   5  3.30496e-03
1318   4  3.41105e-03
1319   5  3.94106e-03
1320   5  3.53384e-03
1321   5  3.33118e-03
1322   5  3.11613e-03
1323   4  3.32808e-03
1324   4  2.46596e-03
1325   5  3.30329e-03
1326   4  4.07696e-03
1327   4  2.22611e-03
1328   4  2.79188e-03
1329   6  2.47407e-03
1330   5  2.13909e-03
1331   5  3.07107e-03
1332   7  2.54178e-03
1333   5  2.91419e-03
1334   4  2.40707e-03
1335   5  3.14498e-03
1336   6  3.44396e-03
1337   6  3.64184e-03
1338   4  2.37679e-03
1339   7  3.59106e-03
1340   5  4.04906e-03
1341   4  2.05803e-03
1342   5  2.23637e-03
1343   5  2.57158e-03
1344   5  3.53885e-03
1345   4  2.31600e-03
1346   4  2.18105e-03
1347   6  3.60227e-03
1348   4  4.85396e-03
1349   6  2.35486e-03
1350   4  2.19131e-03
1351   4  2.49386e-03
1352   5  2.40517e-03
1353   6  4.20189e-03
1354   4  2.34103e-03
1355   5  2.42019e-03
1356   6  2.91085e-03
1357   4  2.59900e-03
1358   6  3.52001e-03
1359   5  5.21588e-03
1360   5  3.32379e-03
1361   5  3.74699e-03
1362   4  2.19798e-03
1363   6  2.76089e-03
1364   5  3.38507e-03
1365   4  2.68006e-03
1366   4  2.61497e-03
1367   4  2.69198e-03
1368   4  4.35114e-03
1369   5  6.69599e-03
1370   5  4.32706e-03
1371   6  6.72793e-03
1372   4  5.54490e-03
1373   5  4.83012e-03
1374   4  5.66101e-03
1375   5  3.13711e-03
1376   5  5.92184e-03
1377   5  3.50094e-03
1378   5  2.69914e-03
1379   5  2.46406e-03
1380   6  2.65908e-03
1381   4  2.93207e-03
1382   4  2.55680e-03
1383   5  3.05367e-03
1384   5  2.90322e-03
1385   4  2.73705e-03
1386   5  3.03411e-03
1387   4  2.32887e-03
1388   6  3.77774e-03
1389   5  2.43616e-03
1390   5  2.54083e-03
1391   4  2.43473e-03
1392   4  2.58875e-03
1393   6  6.29687e-03
1394   4  2.63119e-03
1395   6  3.99518e-03
1396   5  3.51000e-03
1397   4  2.33006e-03
1398   4  2.35271e-03
1399   5  4.46582e-03
1400   4  2.19679e-03
1401   4  5.67293e-03
1402   4  3.31116e-03
1403   5  4.62794e-03
1404   4  2.60091e-03
1405   5  2.37918e-03
1406   6  3.62086e-03
1407   5  2.40588e-03
1408   5  3.22485e-03
1409   5  3.59726e-03
1410   5  2.44808e-03
1411   6  3.97491e-03
1412   4  3.12901e-03
1413   4  2.24996e-03
1414   4  2.21109e-03
1415   5  3.25131e-03
1416   4  2.13671e-03
1417   5  3.01909e-03
1418   4  2.38991e-03
1419   5  2.58517e-03
1420   6  5.27191e-03
1421   7  2.37513e-03
1422   6  2.48003e-03
1423   6  2.65026e-03
1424   6  3.42989e-03
1425   5  2.97499e-03
1426   4  2.03609e-03
1427   6  3.44920e-03
1428   4  2.49696e-03
1429   5  4.72713e-03
1430   4  3.13878e-03
1431   4  3.44992e-03
1432   4  2.14219e-03
1433   5  2.28286e-03
1434   4  3.78895e-03
1435   4  2.40207e-03
1436   4  2.81501e-03
1437   5  3.32475e-03
1438   5  2.90895e-03
1439   6  4.45080e-03
1440   4  3.41916e-03
1441   4  3.26395e-03
1442   4  2.57897e-03
1443   4  3.89886e-03
1444   6  3.69310e-03
1445   6  2.49004e-03
1446   5  2.78497e-03
1447   4  2.59209e-03
1448   6  5.51176e-03
1449   5  3.46422e-03
1450   6  2.41494e-03
1451   4  2.09904e-03
1452   6  4.23312e-03
1453   4  3.13115e-03
1454   6  3.24583e-03
1455   4  2.05994e-03
1456   6  3.72291e-03
1457   5  2.66600e-03
1458   6  3.44276e-03
1459   6  3.10826e-03
1460   4  2.71416e-03
1461   4  3.59178e-03
1462   4  2.17295e-03
1463   4  2.21395e-03
1464   5  2.61021e-03
1465   5  3.36909e-03
1466   5  2.79593e-03
1467   4  2.20299e-03
1468   5  3.88980e-03
1469   4  2.00319e-03
1470   4  2.89607e-03
1471   5  4.09293e-03
1472   5  2.29192e-03
1473   5  3.40414e-03
1474   4  2.15769e-03
1475   4  2.26188e-03
1476   5  6.55794e-03
1477   4  2.19393e-03
1478   5  2.95806e-03
1479   4  3.34501e-03
1480   6  2.19703e-03
1481   4  2.09308e-03
1482   4  4.28009e-03
1483   4  3.47614e-03
1484   4  2.32673e-03
1485   4  2.71010e-03
1486   5  4.54187e-03
1487   4  3.15785e-03
1488   4  2.69103e-03
1489   4  3.00026e-03
1490   6  3.45016e-03
1491   4  2.28214e-03
1492   5  3.15714e-03
1493   5  2.58994e-03
1494   5  4.45008e-03
1495   7  2.72512e-03
1496   5  2.59209e-03
1497   4  2.16484e-03
1498   4  2.39205e-03
1499   5  2.22802e-03
1500   4  2.98595e-03
1501   6  3.70812e-03
1502   4  3.18527e-03
1503   5  3.40605e-03
1504   6  2.59113e-03
1505   4  3.91483e-03
1506   5  3.11112e-03
1507   4  4.77695e-03
1508   4  2.59686e-03
1509   5  3.43108e-03
1510   7  2.68412e-03
1511   4  4.19521e-03
1512   7  2.62809e-03
1513   5  3.69310e-03
1514   4  2.99716e-03
1515   4  3.50404e-03
1516   6  3.61395e-03
1517   4  2.99478e-03
1518   4  3.99375e-03
1519   5  2.58875e-03
1520   4  2.20585e-03
1521   4  4.42100e-03
1522   4  3.05700e-03
1523   4  3.51405e-03
1524   5  2.96497e-03
1525   5  2.38895e-03
1526   4  2.22301e-03
1527   4  3.25465e-03
1528   4  3.40319e-03
1529   4  3.67475e-03
1530   8  2.51126e-03
1531   6  2.83003e-03
1532   5  4.02594e-03
1533   4  2.64406e-03
1534   5  3.96013e-03
1535   5  3.72887e-03
1536   5  4.72903e-03
1537   5  4.08006e-03
1538   4  3.31593e-03
1539   5  3.44086e-03
1540   4  3.10445e-03
1541   4  2.12216e-03
1542   5  4.81105e-03
1543   4  3.73816e-03
1544   4  5.22709e-03
1545   6  3.47281e-03
1546   4  3.10683e-03
1547   5  3.47996e-03
1548   5  4.60601e-03
1549   4  2.18701e-03
1550   6  2.48885e-03
1551   4  2.45905e-03
1552   5  3.75009e-03
1553   5  4.48728e-03
1554   4  2.68221e-03
1555   5  2.75922e-03
1556   6  2.43902e-03
1557   6  2.88320e-03
1558   4  3.70264e-03
1559   5  2.96497e-03
1560   5  4.30608e-03
1561   5  2.50292e-03
1562   4  3.40986e-03
1563   5  3.39413e-03
1564   4  2.35796e-03
1565   4  2.63190e-03
1566   7  2.78616e-03
1567   4  3.02577e-03
1568   5  2.50721e-03
1569   4  3.15523e-03
1570   5  3.74722e-03
1571   4  3.87788e-03
1572   4  2.96974e-03
1573   5  2.48909e-03
1574   4  3.89075e-03
1575   4  3.38578e-03
1576   4  4.18615e-03
1577   6  2.28214e-03
1578   4  2.30789e-03
1579   5  2.58994e-03
1580   4  2.53510e-03
1581   4  2.82907e-03
1582   6  3.02792e-03
1583   5  3.59988e-03
1584   4  2.16985e-03
1585   4  2.30002e-03
1586   6  2.52819e-03
1587   5  2.12097e-03
1588   4  3.02005e-03
1589   4  2.90012e-03
1590   4  3.34311e-03
1591   5  2.77901e-03
1592   5  2.52509e-03
1593   4  2.22802e-03
1594   4  2.16317e-03
1595   5  3.03912e-03
1596   4  2.70915e-03
1597   7  4.30608e-03
1598   6  2.55418e-03
1599   5  5.19490e-03
1600   6  2.35415e-03
1601   4  3.17574e-03
1602   4  2.87318e-03
1603   4  3.19409e-03
1604   4  2.39706e-03
1605   6  2.39730e-03
1606   4  2.37799e-03
1607   4  2.46406e-03
1608   5  2.95901e-03
1609   7  3.29518e-03
1610   5  3.76511e-03
1611   5  3.85427e-03
1612   4  3.07584e-03
1613   5  3.43466e-03
1614   4  2.88725e-03
1615   5  4.94504e-03
1616   5  2.52295e-03
1617   5  4.33993e-03
1618   5  3.76916e-03
1619   4  4.41599e-03
1620   5  3.49593e-03
1621   5  4.51469e-03
1622   5  3.89504e-03
1623   5  5.10001e-03
1624   4  2.98619e-03
1625   5  2.60592e-03
1626   5  3.05009e-03
1627   4  4.08101e-03
1628   4  2.39015e-03
1629   4  5.10597e-03
1630   4  3.30019e-03
1631   5  3.32594e-03
1632   5  3.92175e-03
1633   4  2.67506e-03
1634   4  3.73411e-03
1635   4  2.21109e-03
1636   4  2.27904e-03
1637   5  3.22986e-03
1638   4  2.67696e-03
1639   4  2.29192e-03
1640   5  3.67618e-03
1641   5  3.76987e-03
1642   5  3.52407e-03
1643   5  4.56190e-03
1644   4  2.58303e-03
1645   6  2.87533e-03
1646   6  3.30281e-03
1647   5  3.31020e-03
1648   6  3.75700e-03
1649   5  3.03316e-03
1650   4  2.26593e-03
1651   4  4.15301e-03
1652   6  3.11995e-03
1653   4  2.50888e-03
1654   5  4.08196e-03
1655   4  3.25203e-03
1656   5  2.93899e-03
1657   4  5.02300e-03
1658   4  2.61021e-03
1659   8  5.47194e-03
1660   6  2.62403e-03
1661   6  4.09675e-03
1662   4  2.77185e-03
1663   5  4.03929e-03
1664   6  2.24519e-03
1665   4  3.46708e-03
1666   5  4.09913e-03
1667   4  3.07798e-03
1668   4  2.29478e-03
1669   5  2.15006e-03
1670   5  2.38895e-03
1671   5  2.16603e-03
1672   5  2.72393e-03
1673   5  2.29096e-03
1674   5  2.75016e-03
1675   4  2.48814e-03
1676   6  2.76899e-03
1677   4  5.58019e-03
1678   4  2.31194e-03
1679   6  2.24280e-03
1680   5  2.26426e-03
1681   8  3.87597e-03
1682   5  3.33595e-03
1683   4  1.99080e-03
1684   4  3.19600e-03
1685   5  3.32594e-03
1686   5  2.36893e-03
1687   4  3.29280e-03
1688   4  3.27110e-03
1689   4  3.36576e-03
1690   5  2.52700e-03
1691   4  2.32220e-03
1692   4  2.26092e-03
1693   4  2.49481e-03
1694   5  2.52414e-03
1695   5  2.22087e-03
1696   7  2.60615e-03
1697   5  2.36988e-03
1698   4  2.44093e-03
1699   5  2.18201e-03
1700   6  2.56395e-03
1701   5  3.02911e-03
1702   5  3.40199e-03
1703   5  2.41280e-03
1704   4  2.26808e-03
1705   5  2.15793e-03
1706   7  4.87518e-03
1707   4  5.53584e-03
1708   5  2.24090e-03
1709   5  2.79593e-03
1710   4  2.54917e-03
1711   5  2.32673e-03
1712   6  2.57802e-03
1713   5  3.14498e-03
1714   4  3.31187e-03
1715   5  2.39801e-03
1716   5  2.22111e-03
1717   6  2.38705e-03
1718   5  3.47495e-03
1719   5  2.76089e-03
1720   7  4.49204e-03
1721   5  2.32983e-03
1722   6  3.12591e-03
1723   6  5.19800e-03
1724   4  2.70414e-03
1725   5  2.35987e-03
1726   4  2.07281e-03
1727   4  2.22301e-03
1728   4  3.25298e-03
1729   5  2.37203e-03
1730   4  2.06804e-03
1731   5  2.35915e-03
1732   6  2.37513e-03
1733   5  2.45404e-03
1734   4  2.10595e-03
1735   4  2.05207e-03
1736   8  2.59089e-03
1737   5  3.92079e-03
1738   5  2.55609e-03
1739   4  2.65598e-03
1740   5  2.55322e-03
1741   5  2.14195e-03
1742   4  4.35996e-03
1743   4  2.92301e-03
1744   4  3.21031e-03
1745   7  6.53505e-03
1746   6  3.36885e-03
1747   5  3.07202e-03
1748   5  2.43092e-03
1749   4  2.10500e-03
1750   5  2.21109e-03
1751   5  3.39913e-03
1752   4  4.69708e-03
1753   5  2.07210e-03
1754   6  2.59733e-03
1755   4  2.36416e-03
1756   7  2.26784e-03
1757   4  3.55721e-03
1758   4  3.82590e-03
1759   7  2.47192e-03
1760   5  2.61283e-03
1761   4  2.06280e-03
1762   4  2.01797e-03
1763   5  2.44594e-03
1764   6  3.39794e-03
1765   4  2.28024e-03
1766   4  2.30289e-03
1767   7  3.02601e-03
1768   5  3.99423e-03
1769   4  4.27294e-03
1770   4  4.08006e-03
1771   4  2.79403e-03
1772   4  2.52604e-03
1773   6  3.24106e-03
1774   4  3.98898e-03
1775   6  2.47383e-03
1776   6  3.14403e-03
1777   4  2.34199e-03
1778   5  2.74825e-03
1779   6  3.88098e-03
1780   4  3.03483e-03
1781   7  2.96402e-03
1782   4  2.40207e-03
1783   4  5.94711e-03
1784   4  7.30491e-03
1785   6  7.07603e-03
1786   5  2.95615e-03
1787   4  3.27396e-03
1788   6  3.76010e-03
1789   6  7.08365e-03
1790   5  3.19719e-03
1791   6  2.74587e-03
1792   4  2.73466e-03
1793   7  4.37617e-03
1794   4  2.21229e-03
1795   4  2.08688e-03
1796   5  3.51882e-03
1797   4  2.34580e-03
1798   6  3.32117e-03
1799   5  3.39818e-03
1800   4  2.98333e-03
1801   4  3.32975e-03
1802   4  3.48592e-03
1803   6  2.54679e-03
1804   5  2.86531e-03
1805   7  3.95536e-03
1806   4  2.42305e-03
1807   4  2.02322e-03
1808   4  2.58780e-03
1809   6  3.46899e-03
1810   5  2.42400e-03
1811   6  4.09889e-03
1812   5  2.26474e-03
1813   5  2.26498e-03
1814   5  2.16198e-03
1815   4  2.13695e-03
1816   4  2.30718e-03
1817   5  2.23374e-03
1818   7  2.39015e-03
1819   6  3.59702e-03
1820   5  2.23398e-03
1821   4  3.39317e-03
1822   4  3.44324e-03
1823   4  4.02117e-03
1824   5  2.29478e-03
1825   5  2.65527e-03
1826   4  3.30400e-03
1827   4  3.87716e-03
1828   5  2.31981e-03
1829   4  2.64311e-03
1830   4  2.19107e-03
1831   4  2.52008e-03
1832   4  2.09308e-03
1833   4  2.39110e-03
1834   4  2.32601e-03
1835   4  2.12193e-03
1836   4  2.25806e-03
1837   4  3.10707e-03
1838   5  2.88510e-03
1839   5  2.59876e-03
1840   4  3.20601e-03
1841   6  2.94018e-03
1842   4  2.28906e-03
1843   6  3.08609e-03
1844   5  2.22802e-03
1845   4  3.06010e-03
1846   4  3.02386e-03
1847   4  5.65577e-03
1848   5  2.79093e-03
1849   4  3.12090e-03
1850   4  2.62499e-03
1851   5  2.31171e-03
1852   5  2.33603e-03
1853   4  2.83003e-03
1854   5  2.44522e-03
1855   4  2.86102e-03
1856   6  4.00400e-03
1857   4  2.48384e-03
1858   5  2.80190e-03
1859   5  2.17676e-03
1860   4  2.46668e-03
1861   5  2.37203e-03
1862   5  2.73585e-03
1863   7  4.64892e-03
1864   6  2.34294e-03
1865   7  6.02603e-03
1866   4  2.71916e-03
1867   5  2.19083e-03
1868   4  3.46088e-03
1869   6  3.40033e-03
1870   5  2.35271e-03
1871   6  2.70414e-03
1872   6  2.38395e-03
1873   5  2.30598e-03
1874   5  2.22397e-03
1875   5  3.39818e-03
1876   4  3.79300e-03
1877   4  3.40223e-03
1878   4  2.75874e-03
1879   5  2.81477e-03
1880   5  2.26688e-03
