0   4  1.14989e-03
1   4  1.49012e-04
2   4  1.48058e-04
3   5  1.45912e-04
4   4  1.11103e-04
5   5  1.17064e-04
6   5  9.60827e-05
7   5  1.13010e-04
8   5  1.03951e-04
9   5  9.98974e-05
10   5  1.07050e-04
11   4  1.38044e-04
12   5  1.04904e-04
13   5  9.79900e-05
14   6  8.91685e-05
15   5  8.77380e-05
16   4  8.70228e-05
17   4  8.58307e-05
18   6  8.89301e-05
19   6  8.51154e-05
20   5  7.98702e-05
21   6  8.20160e-05
22   4  8.32081e-05
23   5  8.70228e-05
24   6  8.08239e-05
25   4  8.48770e-05
26   4  1.90973e-04
27   4  1.12057e-04
28   5  9.01222e-05
29   6  9.22680e-05
30   4  9.01222e-05
31   5  9.32217e-05
32   5  9.29832e-05
33   5  9.29832e-05
34   4  1.20878e-04
35   5  1.02997e-04
36   5  1.48058e-04
37   5  1.12057e-04
38   7  9.79900e-05
39   4  9.29832e-05
40   4  1.35899e-04
41   4  1.27077e-04
42   5  1.01805e-04
43   4  9.51290e-05
44   4  9.20296e-05
45   5  8.29697e-05
46   6  8.79765e-05
47   4  8.91685e-05
48   4  8.91685e-05
49   4  8.82149e-05
50   6  8.32081e-05
51   4  8.48770e-05
52   5  8.82149e-05
53   4  9.10759e-05
54   6  8.89301e-05
55   4  8.82149e-05
56   4  8.77380e-05
57   7  1.05143e-04
58   6  8.91685e-05
59   4  8.86917e-05
60   6  9.01222e-05
61   5  8.86917e-05
62   5  9.70364e-05
63   4  8.51154e-05
64   4  7.79629e-05
65   4  8.51154e-05
66   5  8.70228e-05
67   5  8.91685e-05
68   5  8.86917e-05
69   5  9.10759e-05
70   6  8.79765e-05
71   4  9.08375e-05
72   4  8.89301e-05
73   6  1.86205e-04
74   4  1.11818e-04
75   7  1.08004e-04
76   4  9.01222e-05
77   4  9.48906e-05
78   4  9.01222e-05
79   6  8.20160e-05
80   4  8.58307e-05
81   4  8.39233e-05
82   5  9.01222e-05
83   6  8.72612e-05
84   4  8.60691e-05
85   4  8.51154e-05
86   4  8.70228e-05
87   4  8.79765e-05
88   5  8.70228e-05
89   4  1.28984e-04
90   5  9.58443e-05
91   5  9.39369e-05
92   4  8.60691e-05
93   5  9.10759e-05
94   5  7.89165e-05
95   5  7.41482e-05
96   4  1.18732e-04
97   4  1.75238e-04
98   5  8.79765e-05
99   4  9.08375e-05
100   4  9.41753e-05
101   6  1.90973e-04
102   5  1.24931e-04
103   5  1.05858e-04
104   5  9.89437e-05
105   5  8.39233e-05
106   5  9.41753e-05
107   5  8.22544e-05
108   5  8.01086e-05
109   4  8.89301e-05
110   4  1.00851e-04
111   4  8.79765e-05
112   4  8.58307e-05
113   5  8.91685e-05
114   4  8.51154e-05
115   5  8.39233e-05
116   4  8.70228e-05
117   4  9.17912e-05
118   4  8.48770e-05
119   4  8.41618e-05
120   6  8.79765e-05
121   4  8.58307e-05
122   5  8.82149e-05
123   5  1.57833e-04
124   4  1.08004e-04
125   4  8.89301e-05
126   4  9.22680e-05
127   4  8.51154e-05
128   4  1.18017e-04
129   4  9.91821e-05
130   5  9.70364e-05
131   6  1.07050e-04
132   4  8.82149e-05
133   5  8.86917e-05
134   5  8.70228e-05
135   4  8.51154e-05
136   5  8.98838e-05
137   5  9.29832e-05
138   5  9.70364e-05
139   4  8.70228e-05
140   4  8.48770e-05
141   7  7.77245e-05
142   5  8.79765e-05
143   5  7.98702e-05
144   5  8.60691e-05
145   4  9.51290e-05
146   4  8.41618e-05
147   4  8.39233e-05
148   4  9.96590e-05
149   7  9.60827e-05
150   5  9.20296e-05
151   4  9.79900e-05
152   4  8.60691e-05
153   4  8.67844e-05
154   6  8.08239e-05
155   5  8.89301e-05
156   5  9.08375e-05
157   4  8.60691e-05
158   5  8.55923e-05
159   4  8.96454e-05
160   6  8.39233e-05
161   5  1.87874e-04
162   4  1.11103e-04
163   5  9.53674e-05
164   4  1.43051e-04
165   5  1.10865e-04
166   4  9.70364e-05
167   4  9.58443e-05
168   6  2.30074e-04
169   4  1.21117e-04
170   5  1.07050e-04
171   6  8.70228e-05
172   5  9.27448e-05
173   6  1.58310e-04
174   4  1.26839e-04
175   4  1.04189e-04
176   5  9.79900e-05
177   6  9.08375e-05
178   5  9.22680e-05
179   4  1.14918e-04
180   5  1.05143e-04
181   5  9.60827e-05
182   5  9.13143e-05
183   5  9.01222e-05
184   4  1.19925e-04
185   4  7.41482e-05
186   4  8.60691e-05
187   5  7.86781e-05
188   5  8.60691e-05
189   5  8.70228e-05
190   4  8.79765e-05
191   4  8.39233e-05
192   4  8.51154e-05
193   5  8.82149e-05
194   7  9.20296e-05
195   5  9.29832e-05
196   4  8.39233e-05
197   4  8.79765e-05
198   4  8.39233e-05
199   6  8.55923e-05
200   4  9.98974e-05
201   7  9.39369e-05
202   4  8.70228e-05
203   4  1.76907e-04
204   4  8.91685e-05
205   4  8.89301e-05
206   6  8.29697e-05
207   4  8.48770e-05
208   5  8.98838e-05
209   4  2.20060e-04
210   5  1.13964e-04
211   4  9.67979e-05
212   6  1.11103e-04
213   4  9.27448e-05
214   8  8.98838e-05
215   5  1.27077e-04
216   6  9.41753e-05
217   4  1.02758e-04
218   5  9.58443e-05
219   6  8.10623e-05
220   4  8.48770e-05
221   4  9.27448e-05
222   4  8.98838e-05
223   4  8.89301e-05
224   6  8.32081e-05
225   6  8.67844e-05
226   5  8.89301e-05
227   5  8.70228e-05
228   4  8.48770e-05
229   6  8.79765e-05
230   4  9.17912e-05
231   5  8.98838e-05
232   4  8.60691e-05
233   5  8.91685e-05
234   5  9.10759e-05
235   4  8.70228e-05
236   5  8.67844e-05
237   4  8.22544e-05
238   5  8.89301e-05
239   5  8.82149e-05
240   4  8.91685e-05
241   5  7.91550e-05
242   4  8.60691e-05
243   4  8.79765e-05
244   5  1.93119e-04
245   5  1.00851e-04
246   4  1.43051e-04
247   4  1.12772e-04
248   5  8.98838e-05
249   5  9.51290e-05
250   5  9.29832e-05
251   6  9.51290e-05
252   5  1.83105e-04
253   6  1.17064e-04
254   5  1.03951e-04
255   4  9.20296e-05
256   5  8.98838e-05
257   5  9.29832e-05
258   4  9.20296e-05
259   4  9.39369e-05
260   5  9.22680e-05
261   5  7.70092e-05
262   5  8.91685e-05
263   4  7.89165e-05
264   5  8.51154e-05
265   4  8.39233e-05
266   5  9.41753e-05
267   7  8.91685e-05
268   5  9.10759e-05
269   5  1.49965e-04
270   6  1.28984e-04
271   4  1.04904e-04
272   5  9.91821e-05
273   4  1.28984e-04
274   5  1.02043e-04
275   5  9.20296e-05
276   4  9.20296e-05
277   4  9.01222e-05
278   5  1.30177e-04
279   5  1.38998e-04
280   4  1.07050e-04
281   4  8.39233e-05
282   6  9.10759e-05
283   6  8.55923e-05
284   4  8.70228e-05
285   6  8.60691e-05
286   5  8.91685e-05
287   4  8.60691e-05
288   5  8.20160e-05
289   4  8.89301e-05
290   5  7.82013e-05
291   5  9.01222e-05
292   4  8.60691e-05
293   5  8.77380e-05
294   5  8.67844e-05
295   5  8.79765e-05
296   4  8.82149e-05
297   4  8.77380e-05
298   5  8.98838e-05
299   4  1.56879e-04
300   5  9.89437e-05
301   4  9.32217e-05
302   4  1.08957e-04
303   5  1.30653e-04
304   5  1.01089e-04
305   5  9.17912e-05
306   6  1.11818e-04
307   5  1.08004e-04
308   5  9.39369e-05
309   5  9.17912e-05
310   4  7.29561e-05
311   4  8.67844e-05
312   5  9.98974e-05
313   4  6.23226e-04
314   5  8.89301e-05
315   4  8.70228e-05
316   5  8.39233e-05
317   5  9.08375e-05
318   5  8.82149e-05
319   4  8.86917e-05
320   4  7.20024e-05
321   5  9.70364e-05
322   4  8.86917e-05
323   5  7.70092e-05
324   6  8.89301e-05
325   4  8.60691e-05
326   4  6.79493e-05
327   4  8.51154e-05
328   6  8.60691e-05
329   4  9.79900e-05
330   4  1.00136e-04
331   5  8.60691e-05
332   4  1.31130e-04
333   4  1.15871e-04
334   6  9.79900e-05
335   5  1.04904e-04
336   4  8.39233e-05
337   8  1.01089e-04
338   4  9.41753e-05
339   4  8.82149e-05
340   5  9.01222e-05
341   6  9.17912e-05
342   4  9.13143e-05
343   4  8.39233e-05
344   5  9.08375e-05
345   4  8.79765e-05
346   4  7.10487e-05
347   5  8.51154e-05
348   6  8.48770e-05
349   5  8.82149e-05
350   4  1.02758e-04
351   6  8.77380e-05
352   4  8.82149e-05
353   5  8.79765e-05
354   7  1.24931e-04
355   4  1.02282e-04
356   4  9.87053e-05
357   4  8.51154e-05
358   5  9.96590e-05
359   5  8.70228e-05
360   5  7.82013e-05
361   4  8.60691e-05
362   4  8.79765e-05
363   4  8.77380e-05
364   4  8.70228e-05
365   5  2.00987e-04
366   6  1.11103e-04
367   5  9.58443e-05
368   5  8.17776e-05
369   5  1.41144e-04
370   5  1.26123e-04
371   6  1.04904e-04
372   7  1.25170e-04
373   5  9.91821e-05
374   5  9.08375e-05
375   5  9.29832e-05
376   5  8.79765e-05
377   4  9.41753e-05
378   6  8.70228e-05
379   4  9.08375e-05
380   4  7.10487e-05
381   4  8.79765e-05
382   4  9.17912e-05
383   4  7.98702e-05
384   4  8.89301e-05
385   4  8.91685e-05
386   4  7.82013e-05
387   5  9.01222e-05
388   5  8.98838e-05
389   8  9.96590e-05
390   4  8.91685e-05
391   5  7.98702e-05
392   5  8.67844e-05
393   4  8.89301e-05
394   5  9.01222e-05
395   6  8.08239e-05
396   4  8.70228e-05
397   5  7.77245e-05
398   7  8.79765e-05
399   5  8.79765e-05
400   4  9.08375e-05
401   5  8.70228e-05
402   4  8.79765e-05
403   5  8.79765e-05
404   4  8.77380e-05
405   4  8.89301e-05
406   5  8.51154e-05
407   4  8.60691e-05
408   4  8.51154e-05
409   6  8.70228e-05
410   5  8.48770e-05
411   5  8.60691e-05
412   5  8.70228e-05
413   5  8.91685e-05
414   6  1.02997e-04
415   5  9.08375e-05
416   5  7.51019e-05
417   5  8.20160e-05
418   6  7.91550e-05
419   6  8.20160e-05
420   5  8.60691e-05
421   4  8.79765e-05
422   5  8.79765e-05
423   5  1.66893e-04
424   6  9.17912e-05
425   5  7.39098e-05
426   5  8.79765e-05
427   4  8.10623e-05
428   4  8.79765e-05
429   4  9.01222e-05
430   5  8.89301e-05
431   5  9.01222e-05
432   4  8.79765e-05
433   4  8.51154e-05
434   5  1.71900e-04
435   5  1.44720e-04
436   6  8.60691e-05
437   4  1.18017e-04
438   5  1.36852e-04
439   4  1.32084e-04
440   6  9.87053e-05
441   4  9.70364e-05
442   4  1.29938e-04
443   5  1.01089e-04
444   5  9.60827e-05
445   5  9.20296e-05
446   5  1.19686e-04
447   4  1.06096e-04
448   5  9.13143e-05
449   4  9.13143e-05
450   7  8.98838e-05
451   4  9.22680e-05
452   4  8.70228e-05
453   6  8.96454e-05
454   5  8.77380e-05
455   4  8.82149e-05
456   5  8.01086e-05
457   4  9.48906e-05
458   6  9.41753e-05
459   6  8.41618e-05
460   4  8.39233e-05
461   5  8.70228e-05
462   5  9.01222e-05
463   5  8.08239e-05
464   4  8.03471e-05
465   5  7.48634e-05
466   5  8.70228e-05
467   6  8.98838e-05
468   5  8.86917e-05
469   6  8.48770e-05
470   4  8.48770e-05
471   5  7.22408e-05
472   4  8.70228e-05
473   4  8.82149e-05
474   4  8.70228e-05
475   4  7.00951e-05
476   5  8.48770e-05
477   4  8.17776e-05
478   5  8.48770e-05
479   4  8.17776e-05
480   4  8.60691e-05
481   5  9.91821e-05
482   5  8.51154e-05
483   4  8.39233e-05
484   5  8.67844e-05
485   5  8.51154e-05
486   4  8.48770e-05
487   4  1.26123e-04
488   5  1.08719e-04
489   4  9.29832e-05
490   4  9.01222e-05
491   5  8.70228e-05
492   4  8.79765e-05
493   6  9.29832e-05
494   4  9.01222e-05
495   4  8.70228e-05
496   5  8.77380e-05
497   4  8.48770e-05
498   4  9.91821e-05
499   5  8.60691e-05
500   4  8.58307e-05
501   7  8.77380e-05
502   6  8.29697e-05
503   4  8.48770e-05
504   4  8.48770e-05
505   4  7.29561e-05
506   5  9.20296e-05
507   5  8.58307e-05
508   4  7.89165e-05
509   5  8.22544e-05
510   4  7.08103e-05
511   5  8.01086e-05
512   5  8.48770e-05
513   5  1.96695e-04
514   4  1.73092e-04
515   5  1.25885e-04
516   5  1.23024e-04
517   5  9.39369e-05
518   4  8.91685e-05
519   4  7.98702e-05
520   6  7.98702e-05
521   4  8.22544e-05
522   6  8.22544e-05
523   5  9.29832e-05
524   5  8.51154e-05
525   5  7.60555e-05
526   4  8.39233e-05
527   6  7.91550e-05
528   5  8.20160e-05
529   6  8.39233e-05
530   5  8.39233e-05
531   4  8.39233e-05
532   5  8.70228e-05
533   5  7.41482e-05
534   5  1.79052e-04
535   4  8.70228e-05
536   4  7.60555e-05
537   4  8.10623e-05
538   4  7.91550e-05
539   6  7.60555e-05
540   6  7.91550e-05
541   5  8.39233e-05
542   4  8.39233e-05
543   5  7.67708e-05
544   4  8.01086e-05
545   6  8.39233e-05
546   4  8.39233e-05
547   4  8.29697e-05
548   4  8.39233e-05
549   5  8.60691e-05
550   5  8.39233e-05
551   5  8.51154e-05
552   8  7.82013e-05
553   5  8.39233e-05
554   4  8.29697e-05
555   5  7.29561e-05
556   5  8.32081e-05
557   5  8.39233e-05
558   4  7.79629e-05
559   5  8.91685e-05
560   4  8.39233e-05
561   6  8.48770e-05
562   5  2.38895e-04
563   4  1.14918e-04
564   4  9.79900e-05
565   6  9.48906e-05
566   4  8.20160e-05
567   6  1.29938e-04
568   5  1.07050e-04
569   5  1.69992e-04
570   5  9.22680e-05
571   4  8.41618e-05
572   5  8.70228e-05
573   7  8.60691e-05
574   5  8.41618e-05
575   4  8.20160e-05
576   4  8.29697e-05
577   4  8.20160e-05
578   5  8.13007e-05
579   5  7.39098e-05
580   5  8.60691e-05
581   5  8.51154e-05
582   4  8.10623e-05
583   5  8.29697e-05
584   5  8.60691e-05
585   5  8.20160e-05
586   4  8.41618e-05
587   6  7.86781e-05
588   5  8.70228e-05
589   5  8.29697e-05
590   4  8.29697e-05
591   4  8.01086e-05
592   6  1.02282e-04
593   6  7.86781e-05
594   5  7.91550e-05
595   5  8.51154e-05
596   5  8.41618e-05
597   4  8.32081e-05
598   4  8.29697e-05
599   6  9.01222e-05
600   5  8.41618e-05
601   4  6.60419e-05
602   5  8.01086e-05
603   5  8.20160e-05
604   4  7.67708e-05
605   4  7.70092e-05
606   4  8.20160e-05
607   5  8.70228e-05
608   5  8.60691e-05
609   5  8.41618e-05
610   4  6.69956e-05
611   5  8.39233e-05
612   5  7.29561e-05
613   5  8.70228e-05
614   4  8.51154e-05
615   4  8.10623e-05
616   4  8.39233e-05
617   5  8.39233e-05
618   6  8.41618e-05
619   5  8.10623e-05
620   5  8.51154e-05
621   6  8.20160e-05
622   4  7.79629e-05
623   4  8.29697e-05
624   5  7.58171e-05
625   4  9.10759e-05
626   4  8.39233e-05
627   6  8.27312e-05
628   4  8.60691e-05
629   6  7.60555e-05
630   5  8.60691e-05
631   4  9.17912e-05
632   4  8.01086e-05
633   5  8.70228e-05
634   4  8.39233e-05
635   4  8.39233e-05
636   6  9.17912e-05
637   6  7.98702e-05
638   4  2.36034e-04
639   4  1.40905e-04
640   5  1.03712e-04
641   5  9.70364e-05
642   4  9.10759e-05
643   5  9.10759e-05
644   6  7.98702e-05
645   4  1.86205e-04
646   4  8.72612e-05
647   5  8.67844e-05
648   5  8.44002e-05
649   6  8.48770e-05
650   6  7.89165e-05
651   4  7.82013e-05
652   4  8.20160e-05
653   5  8.48770e-05
654   8  9.51290e-05
655   5  8.48770e-05
656   4  9.29832e-05
657   4  8.20160e-05
658   4  8.29697e-05
659   4  8.29697e-05
660   4  9.01222e-05
661   4  8.89301e-05
662   4  8.58307e-05
663   5  9.89437e-05
664   4  9.60827e-05
665   5  8.91685e-05
666   4  8.39233e-05
667   4  8.01086e-05
668   4  8.70228e-05
669   4  8.77380e-05
670   4  8.27312e-05
671   5  9.10759e-05
672   5  9.13143e-05
673   5  8.39233e-05
674   5  8.91685e-05
675   4  8.79765e-05
676   4  8.51154e-05
677   6  8.29697e-05
678   5  9.08375e-05
679   4  8.91685e-05
680   5  9.10759e-05
681   4  8.89301e-05
682   5  9.01222e-05
683   4  9.77516e-05
684   5  8.67844e-05
685   5  8.79765e-05
686   4  8.79765e-05
687   5  9.08375e-05
688   4  8.39233e-05
689   5  8.70228e-05
690   4  7.39098e-05
691   4  8.20160e-05
692   6  9.10759e-05
693   4  8.82149e-05
694   6  8.29697e-05
695   4  8.91685e-05
696   4  8.98838e-05
697   5  8.01086e-05
698   5  7.58171e-05
699   6  8.70228e-05
700   5  7.60555e-05
701   4  9.29832e-05
702   5  9.89437e-05
703   4  8.51154e-05
704   5  7.70092e-05
705   4  8.48770e-05
706   4  8.39233e-05
707   4  8.70228e-05
708   4  8.60691e-05
709   5  8.29697e-05
710   6  9.60827e-05
711   6  8.29697e-05
712   4  8.70228e-05
713   5  8.70228e-05
714   5  9.08375e-05
715   5  8.60691e-05
716   5  8.22544e-05
717   4  2.32935e-04
718   6  1.88112e-04
719   4  1.74999e-04
720   4  1.10865e-04
721   6  1.82867e-04
722   4  9.89437e-05
723   5  9.79900e-05
724   5  1.36137e-04
725   5  1.16110e-04
726   6  1.00851e-04
727   4  1.05143e-04
728   5  1.31130e-04
729   5  1.07765e-04
730   5  8.82149e-05
731   4  1.12772e-04
732   5  1.44720e-04
733   5  1.12295e-04
734   4  8.79765e-05
735   5  9.29832e-05
736   5  1.22070e-04
737   4  9.22680e-05
738   6  9.60827e-05
739   6  8.20160e-05
740   4  8.48770e-05
741   4  1.04904e-04
742   4  1.87159e-04
743   4  1.69992e-04
744   5  1.04189e-04
745   4  9.39369e-05
746   4  9.29832e-05
747   4  8.79765e-05
748   5  8.98838e-05
749   5  8.89301e-05
750   4  8.89301e-05
751   5  9.58443e-05
752   5  7.82013e-05
753   4  8.51154e-05
754   4  8.96454e-05
755   4  8.86917e-05
756   4  1.88828e-04
757   4  9.08375e-05
758   4  1.02282e-04
759   6  9.70364e-05
760   5  9.70364e-05
761   5  9.22680e-05
762   5  9.48906e-05
763   4  9.79900e-05
764   5  9.32217e-05
765   5  9.01222e-05
766   5  8.10623e-05
767   8  9.60827e-05
768   4  2.58923e-04
769   7  1.66893e-04
770   4  1.25885e-04
771   5  9.91821e-05
772   4  9.51290e-05
773   4  1.00136e-04
774   4  2.41995e-04
775   4  1.15871e-04
776   4  9.10759e-05
777   5  9.10759e-05
778   4  8.91685e-05
779   4  8.89301e-05
780   4  8.79765e-05
781   8  1.12295e-04
782   5  8.82149e-05
783   4  8.79765e-05
784   5  9.10759e-05
785   4  9.13143e-05
786   6  8.60691e-05
787   4  8.89301e-05
788   5  8.91685e-05
789   4  8.98838e-05
790   5  9.08375e-05
791   6  8.89301e-05
792   6  8.79765e-05
793   4  5.23090e-04
794   4  3.64065e-04
795   6  1.47104e-04
796   4  9.96590e-05
797   5  9.29832e-05
798   5  9.29832e-05
799   4  8.77380e-05
800   6  9.98974e-05
801   5  7.98702e-05
802   5  7.91550e-05
803   4  7.51019e-05
804   4  9.01222e-05
805   4  8.79765e-05
806   6  9.29832e-05
807   4  1.08004e-04
808   4  7.10487e-05
809   4  8.60691e-05
810   4  8.51154e-05
811   4  9.01222e-05
812   4  8.86917e-05
813   5  8.82149e-05
814   5  8.22544e-05
815   4  1.00851e-04
816   4  9.08375e-05
817   5  8.79765e-05
818   4  8.17776e-05
819   4  8.39233e-05
820   4  7.60555e-05
821   4  8.29697e-05
822   4  8.51154e-05
823   4  7.82013e-05
824   4  8.48770e-05
825   5  8.60691e-05
826   4  8.60691e-05
827   5  8.79765e-05
828   4  8.29697e-05
829   4  1.00136e-04
830   4  9.70364e-05
831   4  8.70228e-05
832   4  8.51154e-05
833   5  8.51154e-05
834   5  7.60555e-05
835   4  8.51154e-05
836   4  8.39233e-05
837   4  8.41618e-05
838   7  9.01222e-05
839   5  8.39233e-05
840   4  7.89165e-05
841   4  8.48770e-05
842   5  7.43866e-05
843   5  8.60691e-05
844   4  8.51154e-05
845   4  9.87053e-05
846   5  8.51154e-05
847   6  7.98702e-05
848   5  8.44002e-05
849   5  8.41618e-05
850   6  8.17776e-05
851   5  8.39233e-05
852   4  7.39098e-05
853   4  8.60691e-05
854   5  8.41618e-05
855   6  8.20160e-05
856   4  8.20160e-05
857   5  8.29697e-05
858   5  8.70228e-05
859   5  7.51019e-05
860   5  8.48770e-05
861   6  8.39233e-05
862   4  8.70228e-05
863   5  8.10623e-05
864   4  8.17776e-05
865   5  8.10623e-05
866   4  6.50883e-04
867   5  6.10113e-04
868   4  1.50919e-04
869   5  1.12057e-04
870   5  1.06096e-04
871   5  8.96454e-05
872   4  8.58307e-05
873   4  1.27077e-04
874   5  1.05143e-04
875   4  9.32217e-05
876   5  4.83990e-04
877   4  1.74999e-04
878   5  1.01089e-04
879   4  8.39233e-05
880   4  8.79765e-05
881   4  7.60555e-05
882   4  8.41618e-05
883   5  8.60691e-05
884   5  8.48770e-05
885   4  8.91685e-05
886   5  8.39233e-05
887   4  8.29697e-05
888   4  8.17776e-05
889   7  8.79765e-05
890   4  8.67844e-05
891   5  8.70228e-05
892   6  8.17776e-05
893   5  7.86781e-05
894   4  8.48770e-05
895   6  8.20160e-05
896   5  8.13007e-05
897   5  8.77380e-05
898   7  8.48770e-05
899   4  8.82149e-05
900   4  8.29697e-05
901   7  8.91685e-05
902   6  8.51154e-05
903   4  8.17776e-05
904   6  8.39233e-05
905   5  8.60691e-05
906   4  8.48770e-05
907   6  8.20160e-05
908   5  8.39233e-05
909   4  8.39233e-05
910   4  8.67844e-05
911   6  8.60691e-05
912   4  7.55787e-05
913   4  8.51154e-05
914   5  8.32081e-05
915   4  8.41618e-05
916   5  8.39233e-05
917   4  8.41618e-05
918   5  8.41618e-05
919   4  8.48770e-05
920   5  8.70228e-05
921   4  8.08239e-05
922   5  7.29561e-05
923   4  8.41618e-05
924   4  8.41618e-05
925   4  8.51154e-05
926   5  8.79765e-05
927   5  8.58307e-05
928   4  6.72340e-05
929   6  1.07050e-04
930   4  8.70228e-05
931   4  7.29561e-05
932   4  8.20160e-05
933   5  8.17776e-05
934   4  8.08239e-05
935   4  8.13007e-05
936   6  8.48770e-05
937   4  8.60691e-05
938   5  7.91550e-05
939   6  8.01086e-05
940   4  8.17776e-05
941   4  8.39233e-05
942   6  7.51019e-05
943   5  8.29697e-05
944   6  8.48770e-05
945   4  8.17776e-05
946   4  8.29697e-05
947   4  7.60555e-05
948   4  8.51154e-05
949   6  7.60555e-05
950   5  8.10623e-05
951   5  8.29697e-05
952   6  8.60691e-05
953   6  8.22544e-05
954   4  8.60691e-05
955   5  8.41618e-05
956   4  8.39233e-05
957   4  8.29697e-05
958   4  8.39233e-05
959   5  8.10623e-05
960   4  8.39233e-05
961   7  7.79629e-05
962   4  7.77245e-05
963   5  8.70228e-05
964   4  8.29697e-05
965   6  8.20160e-05
966   4  8.10623e-05
967   5  6.38962e-04
968   5  1.75953e-04
969   4  1.02282e-04
970   4  8.89301e-05
971   8  1.25885e-04
972   4  1.03235e-04
973   7  2.94924e-04
974   4  1.64270e-04
975   4  9.89437e-05
976   5  9.98974e-05
977   4  1.40905e-04
978   5  2.05040e-04
979   4  9.08375e-05
980   4  8.60691e-05
981   4  9.96590e-05
982   4  1.02997e-04
983   4  8.20160e-05
984   5  8.51154e-05
985   5  6.89030e-05
986   4  8.29697e-05
987   5  8.58307e-05
988   5  8.39233e-05
989   5  8.39233e-05
990   5  8.70228e-05
991   5  8.60691e-05
992   5  8.41618e-05
993   4  8.48770e-05
994   4  9.01222e-05
995   5  8.39233e-05
996   5  8.79765e-05
997   5  8.20160e-05
998   5  8.67844e-05
999   6  1.22309e-04
1000   7  1.25885e-04
1001   9  1.06812e-04
1002   8  8.70228e-05
1003   5  9.22680e-05
1004   4  9.01222e-05
1005   6  8.89301e-05
1006   6  8.86917e-05
1007   4  8.77380e-05
1008   6  8.60691e-05
1009   4  8.58307e-05
1010   6  8.79765e-05
1011   4  8.20160e-05
1012   5  8.17776e-05
1013   5  9.01222e-05
1014   5  7.79629e-05
1015   4  8.79765e-05
1016   4  8.58307e-05
1017   5  7.89165e-05
1018   7  9.48906e-05
1019   4  8.39233e-05
1020   6  8.20160e-05
1021   4  8.41618e-05
1022   4  8.39233e-05
1023   4  8.20160e-05
1024   5  8.39233e-05
1025   4  8.29697e-05
1026   5  8.67844e-05
1027   4  8.20160e-05
1028   4  8.39233e-05
1029   4  8.48770e-05
1030   5  8.60691e-05
1031   6  9.01222e-05
1032   6  8.10623e-05
1033   5  8.39233e-05
1034   5  8.60691e-05
1035   5  8.51154e-05
1036   4  8.48770e-05
1037   6  2.37942e-04
1038   4  1.59979e-04
1039   4  1.00851e-04
1040   5  1.38044e-04
1041   5  9.56059e-05
1042   5  8.70228e-05
1043   5  8.29697e-05
1044   4  8.27312e-05
1045   5  8.70228e-05
1046   5  8.48770e-05
1047   4  8.39233e-05
1048   4  8.29697e-05
1049   5  7.48634e-05
1050   5  7.20024e-05
1051   6  8.39233e-05
1052   6  8.48770e-05
1053   4  8.79765e-05
1054   5  7.70092e-05
1055   6  8.32081e-05
1056   5  8.39233e-05
1057   4  8.51154e-05
1058   4  8.51154e-05
1059   6  8.29697e-05
1060   4  8.13007e-05
1061   4  8.08239e-05
1062   4  8.53539e-05
1063   5  8.20160e-05
1064   5  7.60555e-05
1065   5  8.48770e-05
1066   5  7.67708e-05
1067   4  8.20160e-05
1068   4  8.22544e-05
1069   5  8.70228e-05
1070   4  8.17776e-05
1071   4  7.89165e-05
1072   5  8.08239e-05
1073   4  8.39233e-05
1074   4  8.08239e-05
1075   6  8.41618e-05
1076   5  8.29697e-05
1077   4  8.08239e-05
1078   5  8.29697e-05
1079   4  8.10623e-05
1080   4  9.89437e-05
1081   8  7.72476e-05
1082   5  8.29697e-05
1083   4  8.41618e-05
1084   6  7.70092e-05
1085   5  9.20296e-05
1086   5  8.51154e-05
1087   5  8.48770e-05
1088   4  8.22544e-05
1089   4  1.75238e-04
1090   4  8.48770e-05
1091   4  8.20160e-05
1092   4  8.51154e-05
1093   5  8.48770e-05
1094   6  8.01086e-05
1095   5  7.70092e-05
1096   4  8.51154e-05
1097   4  8.82149e-05
1098   4  1.93834e-04
1099   4  1.20163e-04
1100   5  1.03951e-04
1101   5  9.29832e-05
1102   5  8.82149e-05
1103   7  9.13143e-05
1104   6  8.22544e-05
1105   4  2.07186e-04
1106   4  1.16110e-04
1107   5  1.24931e-04
1108   4  1.04904e-04
1109   4  9.98974e-05
1110   6  8.98838e-05
1111   5  9.63211e-05
1112   7  1.01089e-04
1113   4  8.91685e-05
1114   4  8.48770e-05
1115   4  9.01222e-05
1116   5  1.39952e-04
1117   6  9.01222e-05
1118   5  8.89301e-05
1119   4  8.39233e-05
1120   4  8.20160e-05
1121   7  7.60555e-05
1122   5  8.82149e-05
1123   4  8.60691e-05
1124   4  9.10759e-05
1125   4  8.29697e-05
1126   5  8.39233e-05
1127   5  8.41618e-05
1128   6  8.60691e-05
1129   4  8.51154e-05
1130   5  7.48634e-05
1131   4  8.79765e-05
1132   4  8.60691e-05
1133   4  9.70364e-05
1134   4  6.69956e-05
1135   4  8.10623e-05
1136   4  8.51154e-05
1137   6  9.96590e-05
1138   5  8.32081e-05
1139   5  8.58307e-05
1140   4  8.32081e-05
1141   4  8.22544e-05
1142   4  8.10623e-05
1143   6  8.39233e-05
1144   4  8.48770e-05
1145   4  8.48770e-05
1146   4  8.51154e-05
1147   5  8.67844e-05
1148   4  8.32081e-05
1149   4  8.08239e-05
1150   4  8.29697e-05
1151   4  8.10623e-05
1152   5  7.60555e-05
1153   4  8.60691e-05
1154   4  8.39233e-05
1155   6  8.17776e-05
1156   5  8.39233e-05
1157   5  8.39233e-05
1158   4  8.29697e-05
1159   6  8.39233e-05
1160   4  8.29697e-05
1161   6  8.60691e-05
1162   5  2.07186e-04
1163   5  1.03951e-04
1164   4  8.89301e-05
1165   6  3.01123e-04
1166   6  1.43766e-04
1167   5  1.18017e-04
1168   6  1.02043e-04
1169   5  1.53065e-04
1170   5  9.98974e-05
1171   5  9.79900e-05
1172   5  8.10623e-05
1173   6  8.79765e-05
1174   4  8.70228e-05
1175   4  8.32081e-05
1176   4  8.48770e-05
1177   4  8.60691e-05
1178   5  7.82013e-05
1179   4  8.29697e-05
1180   5  8.39233e-05
1181   4  8.32081e-05
1182   5  8.48770e-05
1183   6  8.98838e-05
1184   5  8.82149e-05
1185   6  8.89301e-05
1186   4  7.70092e-05
1187   5  8.70228e-05
1188   4  8.29697e-05
1189   4  8.39233e-05
1190   4  8.58307e-05
1191   5  8.20160e-05
1192   6  8.67844e-05
1193   4  8.60691e-05
1194   4  8.82149e-05
1195   5  8.60691e-05
1196   4  8.17776e-05
1197   5  8.48770e-05
1198   5  8.70228e-05
1199   4  7.55787e-05
1200   6  1.80960e-04
1201   4  8.60691e-05
1202   4  8.29697e-05
1203   5  7.70092e-05
1204   5  8.51154e-05
1205   5  8.60691e-05
1206   4  8.17776e-05
1207   4  7.70092e-05
1208   4  9.01222e-05
1209   4  1.00136e-04
1210   6  9.10759e-05
1211   4  8.22544e-05
1212   5  7.51019e-05
1213   4  8.48770e-05
1214   5  9.08375e-05
1215   4  8.48770e-05
1216   5  8.41618e-05
1217   4  8.20160e-05
1218   4  8.60691e-05
1219   5  8.48770e-05
1220   4  8.48770e-05
1221   5  2.33889e-04
1222   5  1.12295e-04
1223   6  2.72989e-04
1224   5  3.90053e-04
1225   5  1.70946e-04
1226   4  1.04904e-04
1227   5  9.70364e-05
1228   4  7.60555e-05
1229   4  9.01222e-05
1230   4  8.70228e-05
1231   5  9.01222e-05
1232   5  8.29697e-05
1233   4  8.60691e-05
1234   4  8.60691e-05
1235   5  8.48770e-05
1236   5  7.51019e-05
1237   4  6.81877e-05
1238   4  8.39233e-05
1239   6  8.51154e-05
1240   5  8.60691e-05
1241   4  9.27448e-05
1242   5  9.01222e-05
1243   4  8.48770e-05
1244   4  8.70228e-05
1245   4  7.03335e-05
1246   5  8.98838e-05
1247   6  9.29832e-05
1248   5  8.29697e-05
1249   6  8.51154e-05
1250   6  8.22544e-05
1251   4  8.82149e-05
1252   5  7.60555e-05
1253   5  1.03951e-04
1254   5  8.82149e-05
1255   5  8.82149e-05
1256   6  9.01222e-05
1257   5  8.39233e-05
1258   4  8.60691e-05
1259   5  8.70228e-05
1260   4  1.92642e-04
1261   5  1.12057e-04
1262   6  9.96590e-05
1263   4  1.23978e-04
1264   4  9.29832e-05
1265   5  1.02997e-04
1266   4  9.08375e-05
1267   5  1.01089e-04
1268   5  9.08375e-05
1269   5  8.70228e-05
1270   6  8.98838e-05
1271   5  9.01222e-05
1272   7  1.26123e-04
1273   4  1.04904e-04
1274   6  9.79900e-05
1275   4  9.39369e-05
1276   5  8.10623e-05
1277   5  9.10759e-05
1278   4  8.67844e-05
1279   6  1.01805e-04
1280   4  1.02758e-04
1281   4  9.29832e-05
1282   4  8.82149e-05
1283   5  9.01222e-05
1284   5  9.70364e-05
1285   4  8.60691e-05
1286   4  7.89165e-05
1287   7  9.48906e-05
1288   4  8.29697e-05
1289   4  9.39369e-05
1290   5  7.82013e-05
1291   4  8.70228e-05
1292   4  8.79765e-05
1293   5  8.10623e-05
1294   5  8.77380e-05
1295   4  8.77380e-05
1296   5  8.98838e-05
1297   4  8.48770e-05
1298   5  8.89301e-05
1299   4  8.41618e-05
1300   4  9.08375e-05
1301   4  8.29697e-05
1302   5  7.91550e-05
1303   5  7.58171e-05
1304   4  8.91685e-05
1305   4  8.70228e-05
1306   5  8.48770e-05
1307   5  8.70228e-05
1308   4  8.39233e-05
1309   5  8.98838e-05
1310   5  7.51019e-05
1311   4  1.88828e-04
1312   5  8.70228e-05
1313   5  8.44002e-05
1314   4  8.17776e-05
1315   5  8.29697e-05
1316   5  8.20160e-05
1317   5  8.70228e-05
1318   4  8.17776e-05
1319   5  7.39098e-05
1320   5  8.48770e-05
1321   5  7.70092e-05
1322   5  8.51154e-05
1323   4  8.22544e-05
1324   4  8.82149e-05
1325   5  8.79765e-05
1326   4  7.29561e-05
1327   4  8.29697e-05
1328   4  8.51154e-05
1329   6  8.29697e-05
1330   5  8.48770e-05
1331   5  7.20024e-05
1332   7  7.91550e-05
1333   5  9.87053e-05
1334   4  8.29697e-05
1335   5  7.22408e-05
1336   6  8.48770e-05
1337   6  8.44002e-05
1338   4  8.67844e-05
1339   7  8.86917e-05
1340   5  8.20160e-05
1341   4  8.29697e-05
1342   5  9.08375e-05
1343   5  7.17640e-05
1344   5  8.48770e-05
1345   4  8.20160e-05
1346   4  8.29697e-05
1347   6  8.10623e-05
1348   4  8.39233e-05
1349   6  8.29697e-05
1350   4  8.20160e-05
1351   4  8.51154e-05
1352   5  9.48906e-05
1353   6  9.39369e-05
1354   4  8.77380e-05
1355   5  8.13007e-05
1356   6  8.41618e-05
1357   4  8.60691e-05
1358   6  2.35796e-04
1359   5  1.39952e-04
1360   5  9.08375e-05
1361   5  1.33991e-04
1362   4  1.52111e-04
1363   6  1.21117e-04
1364   5  2.84910e-04
1365   4  1.59025e-04
1366   4  1.02043e-04
1367   4  9.01222e-05
1368   4  8.39233e-05
1369   5  9.08375e-05
1370   5  7.98702e-05
1371   6  8.41618e-05
1372   4  8.29697e-05
1373   5  8.70228e-05
1374   4  8.98838e-05
1375   5  8.98838e-05
1376   5  8.29697e-05
1377   5  8.51154e-05
1378   5  7.91550e-05
1379   5  9.27448e-05
1380   6  9.58443e-05
1381   4  8.89301e-05
1382   4  8.51154e-05
1383   5  8.82149e-05
1384   5  7.70092e-05
1385   4  1.01328e-04
1386   5  8.77380e-05
1387   4  8.79765e-05
1388   6  8.70228e-05
1389   5  9.01222e-05
1390   5  8.89301e-05
1391   4  8.70228e-05
1392   4  8.70228e-05
1393   6  9.17912e-05
1394   4  8.77380e-05
1395   6  8.79765e-05
1396   5  8.58307e-05
1397   4  8.91685e-05
1398   4  7.39098e-05
1399   5  8.79765e-05
1400   4  8.10623e-05
1401   4  9.08375e-05
1402   4  8.29697e-05
1403   5  8.79765e-05
1404   4  8.10623e-05
1405   5  8.13007e-05
1406   6  8.17776e-05
1407   5  8.10623e-05
1408   5  8.29697e-05
1409   5  8.41618e-05
1410   5  7.51019e-05
1411   6  8.29697e-05
1412   4  9.58443e-05
1413   4  8.39233e-05
1414   4  8.51154e-05
1415   5  7.60555e-05
1416   4  7.70092e-05
1417   5  9.44138e-05
1418   4  8.20160e-05
1419   5  8.48770e-05
1420   6  7.72476e-05
1421   7  1.00136e-04
1422   6  3.71933e-04
1423   6  1.78814e-04
1424   6  2.03133e-04
1425   5  1.13010e-04
1426   4  9.51290e-05
1427   6  8.39233e-05
1428   4  8.51154e-05
1429   5  8.29697e-05
1430   4  8.67844e-05
1431   4  8.17776e-05
1432   4  8.60691e-05
1433   5  9.10759e-05
1434   4  8.60691e-05
1435   4  8.51154e-05
1436   4  8.51154e-05
1437   5  9.01222e-05
1438   5  8.82149e-05
1439   6  8.13007e-05
1440   4  8.70228e-05
1441   4  9.01222e-05
1442   4  8.82149e-05
1443   4  8.82149e-05
1444   6  8.70228e-05
1445   6  8.29697e-05
1446   5  9.08375e-05
1447   4  9.29832e-05
1448   6  8.13007e-05
1449   5  9.01222e-05
1450   6  8.82149e-05
1451   4  8.60691e-05
1452   6  8.70228e-05
1453   4  8.51154e-05
1454   6  8.98838e-05
1455   4  9.01222e-05
1456   6  8.20160e-05
1457   5  8.67844e-05
1458   6  8.48770e-05
1459   6  7.70092e-05
1460   4  7.00951e-05
1461   4  9.10759e-05
1462   4  8.48770e-05
1463   4  8.60691e-05
1464   5  8.41618e-05
1465   5  8.82149e-05
1466   5  8.79765e-05
1467   4  8.58307e-05
1468   5  8.77380e-05
1469   4  8.29697e-05
1470   4  8.29697e-05
1471   5  8.39233e-05
1472   5  8.82149e-05
1473   5  8.98838e-05
1474   4  7.98702e-05
1475   4  8.48770e-05
1476   5  8.60691e-05
1477   4  8.70228e-05
1478   5  8.89301e-05
1479   4  8.89301e-05
1480   6  8.20160e-05
1481   4  8.51154e-05
1482   4  8.70228e-05
1483   4  9.01222e-05
1484   4  8.08239e-05
1485   4  1.52826e-04
1486   5  1.24931e-04
1487   4  1.01089e-04
1488   4  9.60827e-05
1489   4  8.98838e-05
1490   6  9.01222e-05
1491   4  1.09911e-04
1492   5  9.32217e-05
1493   5  9.17912e-05
1494   5  8.82149e-05
1495   7  8.79765e-05
1496   5  9.32217e-05
1497   4  8.58307e-05
1498   4  8.48770e-05
1499   5  8.70228e-05
1500   4  8.41618e-05
1501   6  9.08375e-05
1502   4  9.51290e-05
1503   5  8.79765e-05
1504   6  8.29697e-05
1505   4  8.79765e-05
1506   5  9.01222e-05
1507   4  9.51290e-05
1508   4  9.20296e-05
1509   5  8.58307e-05
1510   7  1.02997e-04
1511   4  8.39233e-05
1512   7  8.91685e-05
1513   5  9.17912e-05
1514   4  8.48770e-05
1515   4  7.17640e-05
1516   6  8.60691e-05
1517   4  8.89301e-05
1518   4  8.70228e-05
1519   5  9.20296e-05
1520   4  8.60691e-05
1521   4  8.20160e-05
1522   4  7.60555e-05
1523   4  8.79765e-05
1524   5  8.89301e-05
1525   5  8.70228e-05
1526   4  8.79765e-05
1527   4  8.58307e-05
1528   4  8.39233e-05
1529   4  8.89301e-05
1530   8  9.77516e-05
1531   6  7.98702e-05
1532   5  8.79765e-05
1533   4  1.65224e-04
1534   5  8.51154e-05
1535   5  8.60691e-05
1536   5  8.79765e-05
1537   5  8.70228e-05
1538   4  8.32081e-05
1539   5  7.70092e-05
1540   4  8.70228e-05
1541   4  8.79765e-05
1542   5  9.01222e-05
1543   4  8.98838e-05
1544   4  8.20160e-05
1545   6  7.60555e-05
1546   4  1.06812e-04
1547   5  8.20160e-05
1548   5  8.48770e-05
1549   4  8.29697e-05
1550   6  8.39233e-05
1551   4  8.39233e-05
1552   5  8.39233e-05
1553   5  9.70364e-05
1554   4  8.29697e-05
1555   5  8.29697e-05
1556   6  8.96454e-05
1557   6  8.79765e-05
1558   4  8.22544e-05
1559   5  8.48770e-05
1560   5  7.72476e-05
1561   5  8.51154e-05
1562   4  8.17776e-05
1563   5  8.17776e-05
1564   4  8.70228e-05
1565   4  8.13007e-05
1566   7  8.79765e-05
1567   4  6.98566e-05
1568   5  8.51154e-05
1569   4  7.60555e-05
1570   5  7.20024e-05
1571   4  8.44002e-05
1572   4  6.67572e-05
1573   5  7.31945e-05
1574   4  8.17776e-05
1575   4  8.29697e-05
1576   4  8.39233e-05
1577   6  7.89165e-05
1578   4  8.32081e-05
1579   5  8.39233e-05
1580   4  8.39233e-05
1581   4  8.10623e-05
1582   6  8.51154e-05
1583   5  7.00951e-05
1584   4  7.72476e-05
1585   4  8.39233e-05
1586   6  7.70092e-05
1587   5  8.27312e-05
1588   4  1.05858e-04
1589   4  9.58443e-05
1590   4  8.32081e-05
1591   5  8.60691e-05
1592   5  7.60555e-05
1593   4  8.51154e-05
1594   4  8.39233e-05
1595   5  8.10623e-05
1596   4  7.58171e-05
1597   7  8.13007e-05
1598   6  8.17776e-05
1599   5  8.96454e-05
1600   6  8.08239e-05
1601   4  8.41618e-05
1602   4  8.08239e-05
1603   4  9.48906e-05
1604   4  8.41618e-05
1605   6  7.89165e-05
1606   4  8.39233e-05
1607   4  8.20160e-05
1608   5  6.79493e-05
1609   7  9.29832e-05
1610   5  8.60691e-05
1611   5  8.41618e-05
1612   4  8.51154e-05
1613   5  8.60691e-05
1614   4  8.60691e-05
1615   5  8.29697e-05
1616   5  8.89301e-05
1617   5  8.32081e-05
1618   5  8.29697e-05
1619   4  8.10623e-05
1620   5  8.20160e-05
1621   5  8.13007e-05
1622   5  6.31094e-04
1623   5  1.09911e-04
1624   4  8.79765e-05
1625   5  9.01222e-05
1626   5  7.79629e-05
1627   4  8.51154e-05
1628   4  8.60691e-05
1629   4  8.70228e-05
1630   4  8.20160e-05
1631   5  7.60555e-05
1632   5  8.70228e-05
1633   4  8.20160e-05
1634   4  8.41618e-05
1635   4  8.39233e-05
1636   4  8.10623e-05
1637   5  8.39233e-05
1638   4  6.67572e-05
1639   4  8.10623e-05
1640   5  9.79900e-05
1641   5  7.29561e-05
1642   5  7.98702e-05
1643   5  8.29697e-05
1644   4  1.70946e-04
1645   6  8.32081e-05
1646   6  8.79765e-05
1647   5  8.51154e-05
1648   6  8.70228e-05
1649   5  8.29697e-05
1650   4  8.29697e-05
1651   4  8.13007e-05
1652   6  8.79765e-05
1653   4  8.29697e-05
1654   5  8.41618e-05
1655   4  8.39233e-05
1656   5  8.39233e-05
1657   4  8.41618e-05
1658   4  8.20160e-05
1659   8  9.10759e-05
1660   6  8.70228e-05
1661   6  8.39233e-05
1662   4  8.29697e-05
1663   5  8.10623e-05
1664   6  8.20160e-05
1665   4  8.08239e-05
1666   5  9.08375e-05
1667   4  8.10623e-05
1668   4  4.84943e-04
1669   5  2.67029e-04
1670   5  1.30177e-04
1671   5  1.18017e-04
1672   5  1.40667e-04
1673   5  1.02997e-04
1674   5  2.13861e-04
1675   4  1.18017e-04
1676   6  1.03951e-04
1677   4  1.08004e-04
1678   4  1.06812e-04
1679   6  8.08239e-05
1680   5  7.22408e-05
1681   8  1.12295e-04
1682   5  9.82285e-05
1683   4  2.44141e-04
1684   4  1.08004e-04
1685   5  8.60691e-05
1686   5  8.48770e-05
1687   4  8.29697e-05
1688   4  8.60691e-05
1689   4  8.51154e-05
1690   5  8.20160e-05
1691   4  7.60555e-05
1692   4  7.39098e-05
1693   4  8.58307e-05
1694   5  7.39098e-05
1695   5  8.96454e-05
1696   7  7.60555e-05
1697   5  8.29697e-05
1698   4  8.39233e-05
1699   5  8.39233e-05
1700   6  8.60691e-05
1701   5  7.17640e-05
1702   5  8.79765e-05
1703   5  8.60691e-05
1704   4  8.51154e-05
1705   5  8.51154e-05
1706   7  9.60827e-05
1707   4  1.85013e-04
1708   5  1.30892e-04
1709   5  1.09196e-04
1710   4  9.89437e-05
1711   5  8.22544e-05
1712   6  1.50919e-04
1713   5  1.04904e-04
1714   4  9.53674e-05
1715   5  9.70364e-05
1716   5  8.08239e-05
1717   6  8.17776e-05
1718   5  1.29938e-04
1719   5  1.08004e-04
1720   7  2.65121e-04
1721   5  8.51154e-05
1722   6  8.91685e-05
1723   6  1.20163e-04
1724   4  1.76907e-04
1725   5  1.04904e-04
1726   4  9.70364e-05
1727   4  9.29832e-05
1728   4  8.96454e-05
1729   5  1.43766e-04
1730   4  1.00851e-04
1731   5  8.82149e-05
1732   6  9.17912e-05
1733   5  8.39233e-05
1734   4  1.08957e-04
1735   4  1.14918e-04
1736   8  1.13964e-04
1737   5  8.08239e-05
1738   5  1.03951e-04
1739   4  9.48906e-05
1740   5  9.01222e-05
1741   5  9.01222e-05
1742   4  8.89301e-05
1743   4  8.79765e-05
1744   4  8.79765e-05
1745   7  1.01805e-04
1746   6  9.41753e-05
1747   5  7.67708e-05
1748   5  8.29697e-05
1749   4  8.39233e-05
1750   5  8.70228e-05
1751   5  8.60691e-05
1752   4  7.20024e-05
1753   5  8.89301e-05
1754   6  8.51154e-05
1755   4  8.77380e-05
1756   7  1.04904e-04
1757   4  8.22544e-05
1758   4  8.67844e-05
1759   7  8.96454e-05
1760   5  8.51154e-05
1761   4  8.32081e-05
1762   4  8.22544e-05
1763   5  8.82149e-05
1764   6  8.08239e-05
1765   4  8.51154e-05
1766   4  8.17776e-05
1767   7  7.82013e-05
1768   5  8.29697e-05
1769   4  8.17776e-05
1770   4  8.29697e-05
1771   4  8.70228e-05
1772   4  8.91685e-05
1773   6  8.98838e-05
1774   4  8.51154e-05
1775   6  8.17776e-05
1776   6  8.79765e-05
1777   4  8.29697e-05
1778   5  8.82149e-05
1779   6  1.01089e-04
1780   4  8.89301e-05
1781   7  9.27448e-05
1782   4  8.48770e-05
1783   4  8.60691e-05
1784   4  8.39233e-05
1785   6  7.98702e-05
1786   5  9.01222e-05
1787   4  8.79765e-05
1788   6  8.70228e-05
1789   6  8.70228e-05
1790   5  8.91685e-05
1791   6  9.08375e-05
1792   4  8.58307e-05
1793   7  8.48770e-05
1794   4  7.29561e-05
1795   4  9.10759e-05
1796   5  9.08375e-05
1797   4  8.29697e-05
1798   6  8.41618e-05
1799   5  8.27312e-05
1800   4  8.60691e-05
1801   4  9.01222e-05
1802   4  1.64747e-04
1803   6  1.40905e-04
1804   5  1.13010e-04
1805   7  1.05143e-04
1806   4  8.60691e-05
1807   4  8.67844e-05
1808   4  8.48770e-05
1809   6  8.13007e-05
1810   5  8.91685e-05
1811   6  8.27312e-05
1812   5  8.51154e-05
1813   5  1.66893e-04
1814   5  1.08004e-04
1815   4  1.26123e-04
1816   4  1.11103e-04
1817   5  1.25170e-04
1818   7  1.01089e-04
1819   6  8.77380e-05
1820   5  9.01222e-05
1821   4  9.89437e-05
1822   4  1.94073e-04
1823   4  1.04904e-04
1824   5  9.87053e-05
1825   5  9.91821e-05
1826   4  9.17912e-05
1827   4  9.01222e-05
1828   5  9.01222e-05
1829   4  7.79629e-05
1830   4  8.48770e-05
1831   4  8.51154e-05
1832   4  8.91685e-05
1833   4  8.70228e-05
1834   4  9.39369e-05
1835   4  9.10759e-05
1836   4  9.01222e-05
1837   4  9.10759e-05
1838   5  9.70364e-05
1839   5  1.05858e-04
1840   4  1.03712e-04
1841   6  9.79900e-05
1842   4  8.98838e-05
1843   6  8.20160e-05
1844   5  8.98838e-05
1845   4  8.82149e-05
1846   4  8.67844e-05
1847   4  7.29561e-05
1848   5  7.48634e-05
1849   4  8.39233e-05
1850   4  8.82149e-05
1851   5  9.08375e-05
1852   5  8.10623e-05
1853   4  8.51154e-05
1854   5  7.91550e-05
1855   4  1.00136e-04
1856   6  8.82149e-05
1857   4  9.20296e-05
1858   5  8.82149e-05
1859   5  9.10759e-05
1860   4  9.39369e-05
1861   5  7.51019e-05
1862   5  8.79765e-05
1863   7  8.79765e-05
1864   6  8.20160e-05
1865   7  1.83105e-04
1866   4  8.98838e-05
1867   5  8.01086e-05
1868   4  8.70228e-05
1869   6  8.08239e-05
1870   5  8.89301e-05
1871   6  8.51154e-05
1872   6  9.70364e-05
1873   5  9.08375e-05
1874   5  9.08375e-05
1875   5  8.60691e-05
1876   4  8.51154e-05
1877   4  8.70228e-05
1878   4  7.91550e-05
1879   5  9.29832e-05
1880   5  8.41618e-05
0   4  2.50101e-04
1   4  1.61886e-04
2   4  1.49965e-04
3   5  2.33889e-04
4   4  1.07050e-04
5   5  1.16110e-04
6   5  1.48773e-04
7   5  9.89437e-05
8   5  1.02282e-04
9   5  1.09673e-04
10   5  9.48906e-05
11   4  1.39713e-04
12   5  1.21117e-04
13   5  9.91821e-05
14   6  1.58072e-04
15   5  1.07050e-04
16   4  1.06096e-04
17   4  9.39369e-05
18   6  9.27448e-05
19   6  8.89301e-05
20   5  8.10623e-05
21   6  1.02043e-04
22   4  1.11818e-04
23   5  1.01805e-04
24   6  9.39369e-05
25   4  9.01222e-05
26   4  9.20296e-05
27   4  1.65939e-04
28   5  9.96590e-05
29   6  9.48906e-05
30   4  9.39369e-05
31   5  9.29832e-05
32   5  9.39369e-05
33   5  9.39369e-05
34   4  8.79765e-05
35   5  9.39369e-05
36   5  1.25885e-04
37   5  9.60827e-05
38   7  9.01222e-05
39   4  1.51157e-04
40   4  1.06812e-04
41   4  1.01089e-04
42   5  9.87053e-05
43   4  9.39369e-05
44   4  9.29832e-05
45   5  8.58307e-05
46   6  8.91685e-05
47   4  8.70228e-05
48   4  2.17915e-04
49   4  1.37806e-04
50   6  9.98974e-05
51   4  8.79765e-05
52   5  8.96454e-05
53   4  9.10759e-05
54   6  8.77380e-05
55   4  8.98838e-05
56   4  8.89301e-05
57   7  1.04904e-04
58   6  8.48770e-05
59   4  9.08375e-05
60   6  9.08375e-05
61   5  8.89301e-05
62   5  9.08375e-05
63   4  8.60691e-05
64   4  7.79629e-05
65   4  8.60691e-05
66   5  9.67979e-05
67   5  8.79765e-05
68   5  8.48770e-05
69   5  8.82149e-05
70   6  8.41618e-05
71   4  8.79765e-05
72   4  8.79765e-05
73   6  8.60691e-05
74   4  9.13143e-05
75   7  9.10759e-05
76   4  8.79765e-05
77   4  9.10759e-05
78   4  9.10759e-05
79   6  8.39233e-05
80   4  8.67844e-05
81   4  8.29697e-05
82   5  8.79765e-05
83   6  8.29697e-05
84   4  8.51154e-05
85   4  8.51154e-05
86   4  8.79765e-05
87   4  9.10759e-05
88   5  8.79765e-05
89   4  8.41618e-05
90   5  8.29697e-05
91   5  8.70228e-05
92   4  8.39233e-05
93   5  9.10759e-05
94   5  8.08239e-05
95   5  7.39098e-05
96   4  7.77245e-05
97   4  1.70946e-04
98   5  7.89165e-05
99   4  8.60691e-05
100   4  8.79765e-05
101   6  8.10623e-05
102   5  9.10759e-05
103   5  9.08375e-05
104   5  8.70228e-05
105   5  7.41482e-05
106   5  8.39233e-05
107   5  7.82013e-05
108   5  7.48634e-05
109   4  8.10623e-05
110   4  9.79900e-05
111   4  9.08375e-05
112   4  8.51154e-05
113   5  1.31845e-04
114   4  8.70228e-05
115   5  8.22544e-05
116   4  1.08385e-03
117   4  1.41144e-04
118   4  2.98023e-04
119   4  1.23978e-04
120   6  1.74761e-04
121   4  1.00851e-04
122   5  9.48906e-05
123   5  2.19822e-04
124   4  1.15871e-04
125   4  9.08375e-05
126   4  9.20296e-05
127   4  8.60691e-05
128   4  8.82149e-05
129   4  1.40524e-03
130   5  1.54305e-03
131   6  1.00851e-04
132   4  8.79765e-05
133   5  8.79765e-05
134   5  8.60691e-05
135   4  1.22190e-03
136   5  1.15156e-04
137   5  9.91821e-05
138   5  8.67844e-05
139   4  8.41618e-05
140   4  2.15054e-04
141   7  1.05143e-04
142   5  8.86917e-05
143   5  8.20160e-05
144   5  8.51154e-05
145   4  8.70228e-05
146   4  8.32081e-05
147   4  8.17776e-05
148   4  9.79900e-05
149   7  8.70228e-05
150   5  9.01222e-05
151   4  8.72612e-05
152   4  8.48770e-05
153   4  8.48770e-05
154   6  7.98702e-05
155   5  8.79765e-05
156   5  8.67844e-05
157   4  8.29697e-05
158   5  7.70092e-05
159   4  8.77380e-05
160   6  8.48770e-05
161   5  8.51154e-05
162   4  8.70228e-05
163   5  8.41618e-05
164   4  8.60691e-05
165   5  8.48770e-05
166   4  8.39233e-05
167   4  8.79765e-05
168   6  8.10623e-05
169   4  8.79765e-05
170   5  8.39233e-05
171   6  8.13007e-05
172   5  8.89301e-05
173   6  1.44243e-04
174   4  1.17064e-04
175   4  1.01089e-04
176   5  9.41753e-05
177   6  9.79900e-05
178   5  9.60827e-05
179   4  9.20296e-05
180   5  9.48906e-05
181   5  9.13143e-05
182   5  9.08375e-05
183   5  8.79765e-05
184   4  9.10759e-05
185   4  7.10487e-05
186   4  8.70228e-05
187   5  9.10759e-05
188   5  8.70228e-05
189   5  8.79765e-05
190   4  9.13143e-05
191   4  8.48770e-05
192   4  8.70228e-05
193   5  8.86917e-05
194   7  9.58443e-05
195   5  9.39369e-05
196   4  8.79765e-05
197   4  9.17912e-05
198   4  8.60691e-05
199   6  8.58307e-05
200   4  1.02043e-04
201   7  8.60691e-05
202   4  2.17915e-04
203   4  2.65837e-04
204   4  1.51873e-04
205   4  8.86917e-05
206   6  2.22921e-04
207   4  1.96934e-04
208   5  1.65224e-04
209   4  1.68085e-04
210   5  1.34230e-04
211   4  1.02997e-04
212   6  1.50919e-04
213   4  1.07050e-04
214   8  1.07050e-04
215   5  1.42097e-04
216   6  1.29938e-04
217   4  1.11818e-04
218   5  1.12057e-04
219   6  8.39233e-05
220   4  1.23978e-04
221   4  1.33753e-04
222   4  9.51290e-05
223   4  1.22309e-04
224   6  1.13964e-04
225   6  9.29832e-05
226   5  9.41753e-05
227   5  9.29832e-05
228   4  1.29938e-04
229   6  1.12772e-04
230   4  1.00136e-04
231   5  1.23024e-04
232   4  9.01222e-05
233   5  1.54018e-04
234   5  1.35183e-04
235   4  9.48906e-05
236   5  9.01222e-05
237   4  8.41618e-05
238   5  9.17912e-05
239   5  8.89301e-05
240   4  1.26839e-04
241   5  9.79900e-05
242   4  9.70364e-05
243   4  9.39369e-05
244   5  9.01222e-05
245   5  9.10759e-05
246   4  8.98838e-05
247   4  9.70364e-05
248   5  1.60933e-04
249   5  1.14202e-04
250   5  9.82285e-05
251   6  9.41753e-05
252   5  9.10759e-05
253   6  8.48770e-05
254   5  9.20296e-05
255   4  8.70228e-05
256   5  8.82149e-05
257   5  8.79765e-05
258   4  8.77380e-05
259   4  8.70228e-05
260   5  9.13143e-05
261   5  7.72476e-05
262   5  9.32217e-05
263   4  7.91550e-05
264   5  8.79765e-05
265   4  8.39233e-05
266   5  9.32217e-05
267   7  9.01222e-05
268   5  8.89301e-05
269   5  9.01222e-05
270   6  8.32081e-05
271   4  8.82149e-05
272   5  9.01222e-05
273   4  8.58307e-05
274   5  8.89301e-05
275   5  1.32799e-04
276   4  1.04904e-04
277   4  9.70364e-05
278   5  8.29697e-05
279   5  9.39369e-05
280   4  7.98702e-05
281   4  7.82013e-05
282   6  8.79765e-05
283   6  8.29697e-05
284   4  8.79765e-05
285   6  1.63078e-04
286   5  9.89437e-05
287   4  8.91685e-05
288   5  8.29697e-05
289   4  8.82149e-05
290   5  7.79629e-05
291   5  8.98838e-05
292   4  8.51154e-05
293   5  8.77380e-05
294   5  1.35899e-04
295   5  1.07765e-04
296   4  9.98974e-05
297   4  9.32217e-05
298   5  9.51290e-05
299   4  8.79765e-05
300   5  9.08375e-05
301   4  9.01222e-05
302   4  8.98838e-05
303   5  9.01222e-05
304   5  9.58443e-05
305   5  8.70228e-05
306   6  1.60933e-04
307   5  1.13964e-04
308   5  9.60827e-05
309   5  9.27448e-05
310   4  8.29697e-05
311   4  9.60827e-05
312   5  8.60691e-05
313   4  6.27041e-04
314   5  9.48906e-05
315   4  8.82149e-05
316   5  8.39233e-05
317   5  9.08375e-05
318   5  8.91685e-05
319   4  8.79765e-05
320   4  7.12872e-05
321   5  8.60691e-05
322   4  8.82149e-05
323   5  7.67708e-05
324   6  8.82149e-05
325   4  8.48770e-05
326   4  6.69956e-05
327   4  1.95026e-04
328   6  1.04904e-04
329   4  9.70364e-05
330   4  1.05143e-04
331   5  1.05858e-04
332   4  8.70228e-05
333   4  8.67844e-05
334   6  8.58307e-05
335   5  9.67979e-05
336   4  7.91550e-05
337   8  9.79900e-05
338   4  8.70228e-05
339   4  8.51154e-05
340   5  8.79765e-05
341   6  8.20160e-05
342   4  9.39369e-05
343   4  8.51154e-05
344   5  9.58443e-05
345   4  9.13143e-05
346   4  6.91414e-05
347   5  8.29697e-05
348   6  8.29697e-05
349   5  8.60691e-05
350   4  1.05858e-04
351   6  8.89301e-05
352   4  8.89301e-05
353   5  8.77380e-05
354   7  8.98838e-05
355   4  9.10759e-05
356   4  1.33276e-04
357   4  9.48906e-05
358   5  9.70364e-05
359   5  9.01222e-05
360   5  7.89165e-05
361   4  8.70228e-05
362   4  9.01222e-05
363   4  8.89301e-05
364   4  8.91685e-05
365   5  8.10623e-05
366   6  8.89301e-05
367   5  8.82149e-05
368   5  7.91550e-05
369   5  9.08375e-05
370   5  8.86917e-05
371   6  8.70228e-05
372   7  8.79765e-05
373   5  9.22680e-05
374   5  8.82149e-05
375   5  8.98838e-05
376   5  8.72612e-05
377   4  9.17912e-05
378   6  8.39233e-05
379   4  8.70228e-05
380   4  6.98566e-05
381   4  8.79765e-05
382   4  9.08375e-05
383   4  8.10623e-05
384   4  8.77380e-05
385   4  8.70228e-05
386   4  7.98702e-05
387   5  9.08375e-05
388   5  9.10759e-05
389   8  1.00851e-04
390   4  8.48770e-05
391   5  7.98702e-05
392   5  8.79765e-05
393   4  9.08375e-05
394   5  8.91685e-05
395   6  8.01086e-05
396   4  9.10759e-05
397   5  7.67708e-05
398   7  9.01222e-05
399   5  8.89301e-05
400   4  9.08375e-05
401   5  8.70228e-05
402   4  8.70228e-05
403   5  9.08375e-05
404   4  2.05994e-04
405   4  1.74284e-04
406   5  1.02758e-04
407   4  1.62125e-04
408   4  1.13010e-04
409   6  9.60827e-05
410   5  1.23978e-04
411   5  1.52111e-04
412   5  1.02043e-04
413   5  9.08375e-05
414   6  1.04904e-04
415   5  9.08375e-05
416   5  7.70092e-05
417   5  8.32081e-05
418   6  8.01086e-05
419   6  8.20160e-05
420   5  8.82149e-05
421   4  8.51154e-05
422   5  8.89301e-05
423   5  1.70946e-04
424   6  9.08375e-05
425   5  7.51019e-05
426   5  8.89301e-05
427   4  8.48770e-05
428   4  8.91685e-05
429   4  8.91685e-05
430   5  9.01222e-05
431   5  9.08375e-05
432   4  8.79765e-05
433   4  8.60691e-05
434   5  8.58307e-05
435   5  8.82149e-05
436   6  7.60555e-05
437   4  8.79765e-05
438   5  9.08375e-05
439   4  8.91685e-05
440   6  8.29697e-05
441   4  1.58072e-04
442   4  1.09196e-04
443   5  1.27077e-04
444   5  9.89437e-05
445   5  8.79765e-05
446   5  7.70092e-05
447   4  1.25885e-04
448   5  1.35899e-04
449   4  1.04189e-04
450   7  1.29938e-04
451   4  1.01805e-04
452   4  8.79765e-05
453   6  9.08375e-05
454   5  9.10759e-05
455   4  9.32217e-05
456   5  8.20160e-05
457   4  8.77380e-05
458   6  9.58443e-05
459   6  8.70228e-05
460   4  8.60691e-05
461   5  1.42813e-04
462   5  1.00851e-04
463   5  8.39233e-05
464   4  9.29832e-05
465   5  9.91821e-05
466   5  9.10759e-05
467   6  9.08375e-05
468   5  9.08375e-05
469   6  8.67844e-05
470   4  8.67844e-05
471   5  7.29561e-05
472   4  8.91685e-05
473   4  8.89301e-05
474   4  8.70228e-05
475   4  7.20024e-05
476   5  8.77380e-05
477   4  8.39233e-05
478   5  8.82149e-05
479   4  8.70228e-05
480   4  8.89301e-05
481   5  8.98838e-05
482   5  1.26839e-04
483   4  1.02043e-04
484   5  9.60827e-05
485   5  9.08375e-05
486   4  8.98838e-05
487   4  8.60691e-05
488   5  8.79765e-05
489   4  8.39233e-05
490   4  1.33038e-04
491   5  1.02043e-04
492   4  9.79900e-05
493   6  9.70364e-05
494   4  1.05143e-04
495   4  9.48906e-05
496   5  9.29832e-05
497   4  8.70228e-05
498   4  8.48770e-05
499   5  8.96454e-05
500   4  8.91685e-05
501   7  9.39369e-05
502   6  8.70228e-05
503   4  9.10759e-05
504   4  8.91685e-05
505   4  8.08239e-05
506   5  9.20296e-05
507   5  1.68800e-04
508   4  9.82285e-05
509   5  9.08375e-05
510   4  7.91550e-05
511   5  8.67844e-05
512   5  1.59979e-04
513   5  1.69039e-04
514   4  1.06096e-04
515   5  1.06096e-04
516   5  8.89301e-05
517   5  8.79765e-05
518   4  8.91685e-05
519   4  8.32081e-05
520   6  8.39233e-05
521   4  1.53780e-04
522   6  1.04904e-04
523   5  1.20878e-04
524   5  9.96590e-05
525   5  8.29697e-05
526   4  8.91685e-05
527   6  8.48770e-05
528   5  1.04904e-04
529   6  9.29832e-05
530   5  9.08375e-05
531   4  8.98838e-05
532   5  9.20296e-05
533   5  7.89165e-05
534   5  1.79052e-04
535   4  9.10759e-05
536   4  8.17776e-05
537   4  8.58307e-05
538   4  8.32081e-05
539   6  8.10623e-05
540   6  8.32081e-05
541   5  8.91685e-05
542   4  8.77380e-05
543   5  8.29697e-05
544   4  8.41618e-05
545   6  8.60691e-05
546   4  9.20296e-05
547   4  8.70228e-05
548   4  8.89301e-05
549   5  8.89301e-05
550   5  8.89301e-05
551   5  1.10149e-04
552   8  8.98838e-05
553   5  9.10759e-05
554   4  9.27448e-05
555   5  7.98702e-05
556   5  9.01222e-05
557   5  8.98838e-05
558   4  8.29697e-05
559   5  8.89301e-05
560   4  8.91685e-05
561   6  9.22680e-05
562   5  8.98838e-05
563   4  7.82013e-05
564   4  8.77380e-05
565   6  8.60691e-05
566   4  8.01086e-05
567   6  8.51154e-05
568   5  9.08375e-05
569   5  8.86917e-05
570   5  8.51154e-05
571   4  8.70228e-05
572   5  9.10759e-05
573   7  8.89301e-05
574   5  1.74284e-04
575   4  1.52111e-04
576   4  1.07050e-04
577   4  9.51290e-05
578   5  9.01222e-05
579   5  8.22544e-05
580   5  9.17912e-05
581   5  1.27077e-04
582   4  1.03951e-04
583   5  1.05381e-04
584   5  9.82285e-05
585   5  9.39369e-05
586   4  8.79765e-05
587   6  8.29697e-05
588   5  9.08375e-05
589   5  8.82149e-05
590   4  8.51154e-05
591   4  8.39233e-05
592   6  1.06096e-04
593   6  8.22544e-05
594   5  8.44002e-05
595   5  9.08375e-05
596   5  8.89301e-05
597   4  8.58307e-05
598   4  8.48770e-05
599   6  9.29832e-05
600   5  8.70228e-05
601   4  7.29561e-05
602   5  8.17776e-05
603   5  8.39233e-05
604   4  7.70092e-05
605   4  8.17776e-05
606   4  1.87159e-04
607   5  9.48906e-05
608   5  8.79765e-05
609   5  8.79765e-05
610   4  6.81877e-05
611   5  8.48770e-05
612   5  7.77245e-05
613   5  9.10759e-05
614   4  8.77380e-05
615   4  8.41618e-05
616   4  8.70228e-05
617   5  8.77380e-05
618   6  8.82149e-05
619   5  8.60691e-05
620   5  8.70228e-05
621   6  8.39233e-05
622   4  8.20160e-05
623   4  8.51154e-05
624   5  1.79052e-04
625   4  1.08957e-04
626   4  1.16110e-04
627   6  1.02282e-04
628   4  9.17912e-05
629   6  1.25885e-04
630   5  1.06812e-04
631   4  9.51290e-05
632   4  8.79765e-05
633   5  1.08004e-04
634   4  9.10759e-05
635   4  8.79765e-05
636   6  9.58443e-05
637   6  8.29697e-05
638   4  8.29697e-05
639   4  1.00136e-04
640   5  8.91685e-05
641   5  9.17912e-05
642   4  9.10759e-05
643   5  9.10759e-05
644   6  7.98702e-05
645   4  1.85013e-04
646   4  8.70228e-05
647   5  8.70228e-05
648   5  8.60691e-05
649   6  8.77380e-05
650   6  7.98702e-05
651   4  8.10623e-05
652   4  8.51154e-05
653   5  8.79765e-05
654   8  1.18017e-04
655   5  9.48906e-05
656   4  9.89437e-05
657   4  8.60691e-05
658   4  8.91685e-05
659   4  8.79765e-05
660   4  8.67844e-05
661   4  8.82149e-05
662   4  8.89301e-05
663   5  9.10759e-05
664   4  1.03951e-04
665   5  9.29832e-05
666   4  8.51154e-05
667   4  8.48770e-05
668   4  8.70228e-05
669   4  8.79765e-05
670   4  8.41618e-05
671   5  9.39369e-05
672   5  9.01222e-05
673   5  8.01086e-05
674   5  9.08375e-05
675   4  8.48770e-05
676   4  8.70228e-05
677   6  8.39233e-05
678   5  9.32217e-05
679   4  8.82149e-05
680   5  8.51154e-05
681   4  8.70228e-05
682   5  8.89301e-05
683   4  8.60691e-05
684   5  9.01222e-05
685   5  8.79765e-05
686   4  8.89301e-05
687   5  9.10759e-05
688   4  8.39233e-05
689   5  8.91685e-05
690   4  7.70092e-05
691   4  8.48770e-05
692   6  8.82149e-05
693   4  8.91685e-05
694   6  2.15769e-04
695   4  1.08004e-04
696   4  9.98974e-05
697   5  1.21832e-04
698   5  9.98974e-05
699   6  1.16110e-04
700   5  9.39369e-05
701   4  1.04904e-04
702   5  1.02997e-04
703   4  1.16825e-04
704   5  1.35183e-04
705   4  9.48906e-05
706   4  1.02043e-04
707   4  9.17912e-05
708   4  8.67844e-05
709   5  8.70228e-05
710   6  9.89437e-05
711   6  8.29697e-05
712   4  8.70228e-05
713   5  9.13143e-05
714   5  9.51290e-05
715   5  8.82149e-05
716   5  8.20160e-05
717   4  8.60691e-05
718   6  8.60691e-05
719   4  9.77516e-05
720   4  8.51154e-05
721   6  8.22544e-05
722   4  8.29697e-05
723   5  8.48770e-05
724   5  8.51154e-05
725   5  8.70228e-05
726   6  8.60691e-05
727   4  8.22544e-05
728   5  8.22544e-05
729   5  7.51019e-05
730   5  7.82013e-05
731   4  8.48770e-05
732   5  8.89301e-05
733   5  8.48770e-05
734   4  8.17776e-05
735   5  8.60691e-05
736   5  8.70228e-05
737   4  8.17776e-05
738   6  8.20160e-05
739   6  7.70092e-05
740   4  8.01086e-05
741   4  8.89301e-05
742   4  8.39233e-05
743   4  8.55923e-05
744   5  8.32081e-05
745   4  8.08239e-05
746   4  8.20160e-05
747   4  8.39233e-05
748   5  8.39233e-05
749   5  8.27312e-05
750   4  8.10623e-05
751   5  8.41618e-05
752   5  7.39098e-05
753   4  8.70228e-05
754   4  8.22544e-05
755   4  8.82149e-05
756   4  1.80006e-04
757   4  8.67844e-05
758   4  9.22680e-05
759   6  8.51154e-05
760   5  8.79765e-05
761   5  8.39233e-05
762   5  8.51154e-05
763   4  7.70092e-05
764   5  8.60691e-05
765   5  9.32217e-05
766   5  7.51019e-05
767   8  9.13143e-05
768   4  8.72612e-05
769   7  8.53539e-05
770   4  9.48906e-05
771   5  8.98838e-05
772   4  8.20160e-05
773   4  8.70228e-05
774   4  8.58307e-05
775   4  9.10759e-05
776   4  8.29697e-05
777   5  8.29697e-05
778   4  8.20160e-05
779   4  8.51154e-05
780   4  8.22544e-05
781   8  9.89437e-05
782   5  8.51154e-05
783   4  8.39233e-05
784   5  8.41618e-05
785   4  8.39233e-05
786   6  7.70092e-05
787   4  8.29697e-05
788   5  8.13007e-05
789   4  8.48770e-05
790   5  8.41618e-05
791   6  8.48770e-05
792   6  8.39233e-05
793   4  8.39233e-05
794   4  8.60691e-05
795   6  8.29697e-05
796   4  8.20160e-05
797   5  8.29697e-05
798   5  8.39233e-05
799   4  8.22544e-05
800   6  8.51154e-05
801   5  7.41482e-05
802   5  7.39098e-05
803   4  6.77109e-05
804   4  8.39233e-05
805   4  8.51154e-05
806   6  8.41618e-05
807   4  1.06096e-04
808   4  6.89030e-05
809   4  8.51154e-05
810   4  8.20160e-05
811   4  8.79765e-05
812   4  8.10623e-05
813   5  8.48770e-05
814   5  8.10623e-05
815   4  9.89437e-05
816   4  8.89301e-05
817   5  8.60691e-05
818   4  8.20160e-05
819   4  8.22544e-05
820   4  7.41482e-05
821   4  8.20160e-05
822   4  2.41995e-04
823   4  1.20878e-04
824   4  9.58443e-05
825   5  1.41144e-04
826   4  1.29938e-04
827   5  9.29832e-05
828   4  8.60691e-05
829   4  1.02282e-04
830   4  1.02282e-04
831   4  9.29832e-05
832   4  8.70228e-05
833   5  9.08375e-05
834   5  7.79629e-05
835   4  8.60691e-05
836   4  8.39233e-05
837   4  8.41618e-05
838   7  8.98838e-05
839   5  8.58307e-05
840   4  7.89165e-05
841   4  8.29697e-05
842   5  7.20024e-05
843   5  8.41618e-05
844   4  8.51154e-05
845   4  9.67979e-05
846   5  8.51154e-05
847   6  7.98702e-05
848   5  8.39233e-05
849   5  8.39233e-05
850   6  8.22544e-05
851   5  8.39233e-05
852   4  7.39098e-05
853   4  8.10623e-05
854   5  8.29697e-05
855   6  8.29697e-05
856   4  8.39233e-05
857   5  8.32081e-05
858   5  8.60691e-05
859   5  2.36011e-03
860   5  5.14030e-04
861   6  1.16825e-04
862   4  9.79900e-05
863   5  8.70228e-05
864   4  8.51154e-05
865   5  8.48770e-05
866   4  8.60691e-05
867   5  1.71900e-04
868   4  8.58307e-05
869   5  7.51019e-05
870   5  8.82149e-05
871   5  8.58307e-05
872   4  8.39233e-05
873   4  8.20160e-05
874   5  8.48770e-05
875   4  8.51154e-05
876   5  7.72476e-05
877   4  7.98702e-05
878   5  2.83074e-03
879   4  8.05855e-04
880   4  3.01838e-04
881   4  1.90020e-04
882   4  1.02997e-04
883   5  9.60827e-05
884   5  9.20296e-05
885   4  1.93119e-04
886   5  1.08957e-04
887   4  9.17912e-05
888   4  8.70228e-05
889   7  9.20296e-05
890   4  8.86917e-05
891   5  8.86917e-05
892   6  8.41618e-05
893   5  7.86781e-05
894   4  8.48770e-05
895   6  8.27312e-05
896   5  7.49111e-04
897   5  1.77145e-04
898   7  1.03951e-04
899   4  1.10149e-04
900   4  4.10199e-03
901   7  2.06232e-04
902   6  9.48906e-05
903   4  8.82149e-05
904   6  8.72612e-05
905   5  8.98838e-05
906   4  8.60691e-05
907   6  8.39233e-05
908   5  8.51154e-05
909   4  8.70228e-05
910   4  8.91685e-05
911   6  8.82149e-05
912   4  7.79629e-05
913   4  8.67844e-05
914   5  7.60555e-05
915   4  8.48770e-05
916   5  8.48770e-05
917   4  8.53539e-05
918   5  8.51154e-05
919   4  1.86682e-04
920   5  1.07050e-04
921   4  9.27448e-05
922   5  1.11818e-04
923   4  1.02282e-04
924   4  8.79765e-05
925   4  8.98838e-05
926   5  9.20296e-05
927   5  8.82149e-05
928   4  1.52826e-04
929   6  1.26123e-04
930   4  8.89301e-05
931   4  7.70092e-05
932   4  8.29697e-05
933   5  8.39233e-05
934   4  8.41618e-05
935   4  8.17776e-05
936   6  1.22118e-03
937   4  3.29018e-04
938   5  1.21832e-04
939   6  3.59774e-04
940   4  1.13964e-04
941   4  2.65837e-04
942   6  9.20296e-05
943   5  8.86917e-05
944   6  8.70228e-05
945   4  8.32081e-05
946   4  8.51154e-05
947   4  7.77245e-05
948   4  8.48770e-05
949   6  7.67708e-05
950   5  8.20160e-05
951   5  5.71108e-03
952   6  2.19107e-04
953   6  9.79900e-05
954   4  9.39369e-05
955   5  8.98838e-05
956   4  8.77380e-05
957   4  8.39233e-05
958   4  8.70228e-05
959   5  8.39233e-05
960   4  8.58307e-05
961   7  8.39233e-05
962   4  8.01086e-05
963   5  8.89301e-05
964   4  1.33038e-04
965   6  9.96590e-05
966   4  9.85146e-04
967   5  1.66893e-04
968   5  1.49012e-04
969   4  1.02282e-04
970   4  9.27448e-05
971   8  9.13143e-05
972   4  9.01222e-05
973   7  8.89301e-05
974   4  1.87159e-04
975   4  9.89437e-05
976   5  9.48906e-05
977   4  8.48770e-05
978   5  1.88112e-04
979   4  8.70228e-05
980   4  9.58443e-05
981   4  4.40383e-03
982   4  2.38180e-04
983   4  1.14918e-04
984   5  9.29832e-05
985   5  8.39233e-05
986   4  8.48770e-05
987   5  1.28984e-04
988   5  1.02997e-04
989   5  9.51290e-05
990   5  9.29832e-05
991   5  9.20296e-05
992   5  9.01222e-05
993   4  8.89301e-05
994   4  1.21832e-04
995   5  1.28031e-04
996   5  1.00136e-04
997   5  9.22680e-05
998   5  3.11136e-04
999   6  1.09911e-04
1000   7  9.96590e-05
1001   9  9.77516e-05
1002   8  8.32081e-05
1003   5  9.01222e-05
1004   4  8.70228e-05
1005   6  1.72138e-04
1006   6  1.01805e-04
1007   4  9.01222e-05
1008   6  8.70228e-05
1009   4  8.60691e-05
1010   6  8.60691e-05
1011   4  8.39233e-05
1012   5  8.01086e-05
1013   5  9.08375e-05
1014   5  7.58171e-05
1015   4  8.48770e-05
1016   4  8.51154e-05
1017   5  7.82013e-05
1018   7  9.70364e-05
1019   4  8.51154e-05
1020   6  8.29697e-05
1021   4  8.51154e-05
1022   4  8.39233e-05
1023   4  8.22544e-05
1024   5  8.51154e-05
1025   4  8.17776e-05
1026   5  8.70228e-05
1027   4  8.20160e-05
1028   4  4.58956e-04
1029   4  1.64032e-04
1030   5  9.51290e-05
1031   6  9.79900e-05
1032   6  8.08239e-05
1033   5  1.86920e-04
1034   5  1.20163e-04
1035   5  1.02043e-04
1036   4  1.44005e-04
1037   6  9.08375e-05
1038   4  3.85761e-04
1039   4  1.24216e-04
1040   5  9.58443e-05
1041   5  9.20296e-05
1042   5  9.10759e-05
1043   5  8.60691e-05
1044   4  8.51154e-05
1045   5  8.82149e-05
1046   5  8.48770e-05
1047   4  9.79900e-05
1048   4  2.49863e-04
1049   5  9.10759e-05
1050   5  8.13007e-05
1051   6  1.01089e-04
1052   6  1.26362e-04
1053   4  9.39369e-05
1054   5  8.08239e-05
1055   6  8.60691e-05
1056   5  8.70228e-05
1057   4  8.60691e-05
1058   4  8.67844e-05
1059   6  8.41618e-05
1060   4  8.29697e-05
1061   4  8.39233e-05
1062   4  8.70228e-05
1063   5  8.41618e-05
1064   5  7.82013e-05
1065   5  8.39233e-05
1066   5  7.70092e-05
1067   4  8.17776e-05
1068   4  8.29697e-05
1069   5  8.82149e-05
1070   4  8.29697e-05
1071   4  7.91550e-05
1072   5  8.20160e-05
1073   4  8.48770e-05
1074   4  8.08239e-05
1075   6  8.39233e-05
1076   5  8.51154e-05
1077   4  8.32081e-05
1078   5  8.51154e-05
1079   4  8.39233e-05
1080   4  1.01089e-04
1081   8  7.89165e-05
1082   5  8.51154e-05
1083   4  8.70228e-05
1084   6  7.79629e-05
1085   5  9.29832e-05
1086   5  8.48770e-05
1087   5  8.39233e-05
1088   4  8.13007e-05
1089   4  2.00033e-04
1090   4  8.70228e-05
1091   4  8.39233e-05
1092   4  8.51154e-05
1093   5  8.48770e-05
1094   6  8.01086e-05
1095   5  7.82013e-05
1096   4  8.60691e-05
1097   4  8.89301e-05
1098   4  8.01086e-05
1099   4  8.27312e-05
1100   5  8.91685e-05
1101   5  8.39233e-05
1102   5  8.29697e-05
1103   7  8.91685e-05
1104   6  7.98702e-05
1105   4  8.48770e-05
1106   4  8.39233e-05
1107   5  7.70092e-05
1108   4  8.39233e-05
1109   4  9.10759e-05
1110   6  7.98702e-05
1111   5  8.86917e-05
1112   7  1.33705e-03
1113   4  1.73807e-04
1114   4  1.02997e-04
1115   4  9.60827e-05
1116   5  7.91550e-05
1117   6  8.60691e-05
1118   5  9.48906e-05
1119   4  8.51154e-05
1120   4  8.51154e-05
1121   7  7.77245e-05
1122   5  8.70228e-05
1123   4  8.70228e-05
1124   4  8.58307e-05
1125   4  8.41618e-05
1126   5  8.58307e-05
1127   5  8.51154e-05
1128   6  9.10759e-05
1129   4  8.60691e-05
1130   5  7.60555e-05
1131   4  8.82149e-05
1132   4  8.82149e-05
1133   4  8.70228e-05
1134   4  6.67572e-05
1135   4  8.29697e-05
1136   4  8.60691e-05
1137   6  1.00136e-04
1138   5  2.34389e-03
1139   5  1.66893e-04
1140   4  9.89437e-05
1141   4  8.67844e-05
1142   4  8.60691e-05
1143   6  8.60691e-05
1144   4  8.60691e-05
1145   4  8.55923e-05
1146   4  8.48770e-05
1147   5  8.79765e-05
1148   4  8.20160e-05
1149   4  8.17776e-05
1150   4  8.39233e-05
1151   4  8.29697e-05
1152   5  7.70092e-05
1153   4  9.10759e-05
1154   4  8.89301e-05
1155   6  8.67844e-05
1156   5  8.79765e-05
1157   5  8.82149e-05
1158   4  8.70228e-05
1159   6  8.70228e-05
1160   4  8.60691e-05
1161   6  9.79900e-05
1162   5  2.11000e-04
1163   5  1.01089e-04
1164   4  8.70228e-05
1165   6  8.20160e-05
1166   6  9.01222e-05
1167   5  8.70228e-05
1168   6  1.21117e-04
1169   5  1.24216e-04
1170   5  1.01089e-04
1171   5  1.48773e-04
1172   5  9.70364e-05
1173   6  9.51290e-05
1174   4  9.20296e-05
1175   4  8.51154e-05
1176   4  8.86917e-05
1177   4  9.60827e-05
1178   5  8.29697e-05
1179   4  8.70228e-05
1180   5  9.01222e-05
1181   4  8.32081e-05
1182   5  9.08375e-05
1183   6  9.10759e-05
1184   5  9.08375e-05
1185   6  9.01222e-05
1186   4  8.32081e-05
1187   5  8.91685e-05
1188   4  8.48770e-05
1189   4  8.79765e-05
1190   4  8.89301e-05
1191   5  8.79765e-05
1192   6  8.70228e-05
1193   4  8.79765e-05
1194   4  9.20296e-05
1195   5  8.79765e-05
1196   4  8.32081e-05
1197   5  8.60691e-05
1198   5  8.79765e-05
1199   4  7.91550e-05
1200   6  1.86920e-04
1201   4  9.08375e-05
1202   4  8.29697e-05
1203   5  9.01222e-05
1204   5  8.67844e-05
1205   5  9.01222e-05
1206   4  8.60691e-05
1207   4  7.82013e-05
1208   4  9.41753e-05
1209   4  1.03951e-04
1210   6  9.32217e-05
1211   4  8.60691e-05
1212   5  7.70092e-05
1213   4  8.60691e-05
1214   5  8.70228e-05
1215   4  8.41618e-05
1216   5  8.77380e-05
1217   4  8.51154e-05
1218   4  8.91685e-05
1219   5  8.79765e-05
1220   4  8.91685e-05
1221   5  9.08375e-05
1222   5  8.67844e-05
1223   6  8.29697e-05
1224   5  8.48770e-05
1225   5  8.20160e-05
1226   4  8.08239e-05
1227   5  8.48770e-05
1228   4  7.00951e-05
1229   4  8.67844e-05
1230   4  8.29697e-05
1231   5  7.39098e-05
1232   5  8.41618e-05
1233   4  8.51154e-05
1234   4  8.48770e-05
1235   5  2.43187e-04
1236   5  2.49863e-04
1237   4  1.71185e-04
1238   4  7.10964e-04
1239   6  1.69039e-04
1240   5  1.12057e-04
1241   4  1.02043e-04
1242   5  9.70364e-05
1243   4  8.60691e-05
1244   4  1.45197e-04
1245   4  9.70364e-05
1246   5  1.02043e-04
1247   6  1.05143e-04
1248   5  8.48770e-05
1249   6  8.79765e-05
1250   6  8.60691e-05
1251   4  1.31130e-04
1252   5  1.30177e-04
1253   5  1.39952e-04
1254   5  9.22680e-05
1255   5  9.32217e-05
1256   6  1.56164e-04
1257   5  9.32217e-05
1258   4  1.08957e-04
1259   5  1.06096e-04
1260   4  8.91685e-05
1261   5  2.31981e-04
1262   6  1.52111e-04
1263   4  9.89437e-05
1264   4  1.01089e-04
1265   5  9.01222e-05
1266   4  8.89301e-05
1267   5  1.03951e-04
1268   5  2.51055e-04
1269   5  1.61171e-04
1270   6  9.91821e-05
1271   5  9.01222e-05
1272   7  9.29832e-05
1273   4  7.51019e-05
1274   6  8.10623e-05
1275   4  8.55923e-05
1276   5  7.51019e-05
1277   5  8.91685e-05
1278   4  8.60691e-05
1279   6  9.77516e-05
1280   4  9.77516e-05
1281   4  8.60691e-05
1282   4  8.29697e-05
1283   5  8.51154e-05
1284   5  8.58307e-05
1285   4  8.29697e-05
1286   4  8.20160e-05
1287   7  1.01089e-04
1288   4  8.58307e-05
1289   4  8.67844e-05
1290   5  7.70092e-05
1291   4  8.48770e-05
1292   4  8.89301e-05
1293   5  8.01086e-05
1294   5  9.10759e-05
1295   4  8.41618e-05
1296   5  9.32217e-05
1297   4  8.86917e-05
1298   5  9.10759e-05
1299   4  8.82149e-05
1300   4  8.89301e-05
1301   4  8.39233e-05
1302   5  7.98702e-05
1303   5  7.91550e-05
1304   4  8.98838e-05
1305   4  9.10759e-05
1306   5  8.89301e-05
1307   5  8.79765e-05
1308   4  8.67844e-05
1309   5  9.01222e-05
1310   5  7.67708e-05
1311   4  1.86205e-04
1312   5  8.91685e-05
1313   5  8.20160e-05
1314   4  8.29697e-05
1315   5  8.48770e-05
1316   5  8.29697e-05
1317   5  8.67844e-05
1318   4  8.29697e-05
1319   5  7.48634e-05
1320   5  8.58307e-05
1321   5  7.67708e-05
1322   5  9.01222e-05
1323   4  1.77145e-04
1324   4  1.28984e-04
1325   5  1.04904e-04
1326   4  1.16110e-04
1327   4  9.32217e-05
1328   4  8.98838e-05
1329   6  8.48770e-05
1330   5  8.39233e-05
1331   5  8.51154e-05
1332   7  9.10759e-05
1333   5  1.49012e-04
1334   4  1.18017e-04
1335   5  1.17064e-04
1336   6  1.06335e-04
1337   6  1.04904e-04
1338   4  1.02997e-04
1339   7  9.60827e-05
1340   5  8.29697e-05
1341   4  8.79765e-05
1342   5  8.82149e-05
1343   5  7.60555e-05
1344   5  8.91685e-05
1345   4  8.41618e-05
1346   4  8.60691e-05
1347   6  8.70228e-05
1348   4  8.67844e-05
1349   6  8.39233e-05
1350   4  8.48770e-05
1351   4  9.08375e-05
1352   5  9.70364e-05
1353   6  8.89301e-05
1354   4  1.02043e-04
1355   5  8.39233e-05
1356   6  8.77380e-05
1357   4  8.60691e-05
1358   6  8.60691e-05
1359   5  9.08375e-05
1360   5  7.58171e-05
1361   5  9.70364e-05
1362   4  1.59025e-04
1363   6  8.39233e-05
1364   5  8.91685e-05
1365   4  1.31845e-04
1366   4  9.08375e-05
1367   4  1.70946e-04
1368   4  9.79900e-05
1369   5  9.48906e-05
1370   5  8.60691e-05
1371   6  8.08239e-05
1372   4  8.29697e-05
1373   5  8.60691e-05
1374   4  8.51154e-05
1375   5  9.10759e-05
1376   5  9.17912e-05
1377   5  8.70228e-05
1378   5  7.79629e-05
1379   5  9.08375e-05
1380   6  9.20296e-05
1381   4  8.89301e-05
1382   4  8.89301e-05
1383   5  8.79765e-05
1384   5  7.39098e-05
1385   4  1.00136e-04
1386   5  8.91685e-05
1387   4  8.77380e-05
1388   6  8.51154e-05
1389   5  9.08375e-05
1390   5  9.10759e-05
1391   4  8.79765e-05
1392   4  8.60691e-05
1393   6  8.91685e-05
1394   4  8.70228e-05
1395   6  8.39233e-05
1396   5  8.91685e-05
1397   4  8.70228e-05
1398   4  7.31945e-05
1399   5  8.70228e-05
1400   4  7.79629e-05
1401   4  8.58307e-05
1402   4  8.08239e-05
1403   5  8.70228e-05
1404   4  8.58307e-05
1405   5  8.41618e-05
1406   6  8.39233e-05
1407   5  8.20160e-05
1408   5  8.39233e-05
1409   5  8.70228e-05
1410   5  7.89165e-05
1411   6  8.39233e-05
1412   4  8.70228e-05
1413   4  8.70228e-05
1414   4  8.70228e-05
1415   5  7.91550e-05
1416   4  7.70092e-05
1417   5  9.70364e-05
1418   4  8.82149e-05
1419   5  9.32217e-05
1420   6  7.98702e-05
1421   7  1.02997e-04
1422   6  1.93119e-04
1423   6  9.01222e-05
1424   6  8.70228e-05
1425   5  8.60691e-05
1426   4  8.89301e-05
1427   6  8.20160e-05
1428   4  8.29697e-05
1429   5  8.39233e-05
1430   4  1.49012e-04
1431   4  1.09911e-04
1432   4  1.59979e-04
1433   5  1.59979e-04
1434   4  1.41859e-04
1435   4  1.05143e-04
1436   4  8.70228e-05
1437   5  9.10759e-05
1438   5  9.08375e-05
1439   6  8.39233e-05
1440   4  9.08375e-05
1441   4  9.39369e-05
1442   4  9.29832e-05
1443   4  8.79765e-05
1444   6  8.91685e-05
1445   6  8.39233e-05
1446   5  8.10623e-05
1447   4  9.10759e-05
1448   6  8.20160e-05
1449   5  8.89301e-05
1450   6  9.13143e-05
1451   4  8.48770e-05
1452   6  8.51154e-05
1453   4  8.60691e-05
1454   6  8.67844e-05
1455   4  8.89301e-05
1456   6  8.20160e-05
1457   5  8.79765e-05
1458   6  8.48770e-05
1459   6  7.82013e-05
1460   4  6.98566e-05
1461   4  8.98838e-05
1462   4  8.70228e-05
1463   4  8.79765e-05
1464   5  8.32081e-05
1465   5  8.79765e-05
1466   5  8.79765e-05
1467   4  8.51154e-05
1468   5  9.01222e-05
1469   4  8.39233e-05
1470   4  8.32081e-05
1471   5  8.39233e-05
1472   5  8.77380e-05
1473   5  9.20296e-05
1474   4  8.08239e-05
1475   4  9.08375e-05
1476   5  7.60555e-05
1477   4  8.51154e-05
1478   5  8.89301e-05
1479   4  9.20296e-05
1480   6  8.10623e-05
1481   4  8.77380e-05
1482   4  8.70228e-05
1483   4  8.48770e-05
1484   4  8.60691e-05
1485   4  8.58307e-05
1486   5  9.10759e-05
1487   4  8.86917e-05
1488   4  8.67844e-05
1489   4  8.98838e-05
1490   6  8.67844e-05
1491   4  1.06096e-04
1492   5  9.51290e-05
1493   5  8.98838e-05
1494   5  8.77380e-05
1495   7  8.79765e-05
1496   5  8.89301e-05
1497   4  8.70228e-05
1498   4  8.82149e-05
1499   5  8.67844e-05
1500   4  1.90020e-04
1501   6  1.01089e-04
1502   4  1.03951e-04
1503   5  9.77516e-05
1504   6  8.67844e-05
1505   4  1.21117e-04
1506   5  1.03951e-04
1507   4  1.00851e-04
1508   4  9.08375e-05
1509   5  9.39369e-05
1510   7  1.08004e-04
1511   4  8.70228e-05
1512   7  9.08375e-05
1513   5  9.39369e-05
1514   4  1.28984e-04
1515   4  1.12057e-04
1516   6  1.02758e-04
1517   4  9.51290e-05
1518   4  9.20296e-05
1519   5  1.06812e-04
1520   4  8.98838e-05
1521   4  8.79765e-05
1522   4  7.67708e-05
1523   4  8.89301e-05
1524   5  9.20296e-05
1525   5  8.98838e-05
1526   4  8.39233e-05
1527   4  9.10759e-05
1528   4  9.41753e-05
1529   4  8.39233e-05
1530   8  1.00136e-04
1531   6  8.39233e-05
1532   5  2.25067e-04
1533   4  2.46048e-04
1534   5  1.17064e-04
1535   5  9.98974e-05
1536   5  9.51290e-05
1537   5  9.10759e-05
1538   4  8.51154e-05
1539   5  7.72476e-05
1540   4  8.79765e-05
1541   4  8.79765e-05
1542   5  9.91821e-05
1543   4  8.98838e-05
1544   4  8.41618e-05
1545   6  8.08239e-05
1546   4  8.60691e-05
1547   5  7.82013e-05
1548   5  8.60691e-05
1549   4  8.48770e-05
1550   6  8.48770e-05
1551   4  9.60827e-05
1552   5  8.70228e-05
1553   5  1.18971e-04
1554   4  8.27312e-05
1555   5  9.79900e-05
1556   6  9.29832e-05
1557   6  9.10759e-05
1558   4  8.60691e-05
1559   5  8.70228e-05
1560   5  8.29697e-05
1561   5  8.89301e-05
1562   4  8.51154e-05
1563   5  8.51154e-05
1564   4  8.98838e-05
1565   4  8.39233e-05
1566   7  9.08375e-05
1567   4  7.39098e-05
1568   5  8.79765e-05
1569   4  8.22544e-05
1570   5  7.58171e-05
1571   4  8.60691e-05
1572   4  6.69956e-05
1573   5  7.41482e-05
1574   4  8.58307e-05
1575   4  8.70228e-05
1576   4  8.60691e-05
1577   6  8.39233e-05
1578   4  1.93119e-04
1579   5  1.03951e-04
1580   4  8.79765e-05
1581   4  2.33889e-04
1582   6  2.15054e-04
1583   5  1.00136e-04
1584   4  9.01222e-05
1585   4  9.01222e-05
1586   6  5.67198e-04
1587   5  2.19107e-04
1588   4  1.38044e-04
1589   4  9.39369e-05
1590   4  9.13143e-05
1591   5  9.20296e-05
1592   5  8.01086e-05
1593   4  9.89437e-05
1594   4  8.51154e-05
1595   5  8.91685e-05
1596   4  7.89165e-05
1597   7  8.39233e-05
1598   6  8.29697e-05
1599   5  8.39233e-05
1600   6  8.51154e-05
1601   4  8.48770e-05
1602   4  8.51154e-05
1603   4  9.82285e-05
1604   4  8.70228e-05
1605   6  8.08239e-05
1606   4  8.51154e-05
1607   4  8.32081e-05
1608   5  6.89030e-05
1609   7  9.39369e-05
1610   5  8.51154e-05
1611   5  8.39233e-05
1612   4  8.39233e-05
1613   5  8.48770e-05
1614   4  8.29697e-05
1615   5  8.41618e-05
1616   5  9.08375e-05
1617   5  1.95026e-04
1618   5  1.05858e-04
1619   4  9.08375e-05
1620   5  8.08239e-05
1621   5  9.87053e-05
1622   5  9.82285e-05
1623   5  1.47104e-04
1624   4  1.38998e-04
1625   5  1.02043e-04
1626   5  8.20160e-05
1627   4  8.48770e-05
1628   4  1.02043e-04
1629   4  8.60691e-05
1630   4  8.20160e-05
1631   5  7.48634e-05
1632   5  8.77380e-05
1633   4  8.29697e-05
1634   4  8.51154e-05
1635   4  8.29697e-05
1636   4  8.22544e-05
1637   5  8.48770e-05
1638   4  3.26872e-04
1639   4  1.38998e-04
1640   5  2.02179e-04
1641   5  1.80960e-04
1642   5  1.12057e-04
1643   5  9.01222e-05
1644   4  1.87874e-04
1645   6  8.48770e-05
1646   6  8.89301e-05
1647   5  8.67844e-05
1648   6  8.79765e-05
1649   5  8.51154e-05
1650   4  8.51154e-05
1651   4  8.29697e-05
1652   6  8.98838e-05
1653   4  8.51154e-05
1654   5  8.39233e-05
1655   4  8.48770e-05
1656   5  8.41618e-05
1657   4  8.48770e-05
1658   4  8.17776e-05
1659   8  9.29832e-05
1660   6  8.89301e-05
1661   6  8.48770e-05
1662   4  8.48770e-05
1663   5  8.29697e-05
1664   6  8.29697e-05
1665   4  8.29697e-05
1666   5  8.39233e-05
1667   4  8.20160e-05
1668   4  8.48770e-05
1669   5  9.39369e-05
1670   5  8.79765e-05
1671   5  8.60691e-05
1672   5  7.51019e-05
1673   5  8.70228e-05
1674   5  8.39233e-05
1675   4  8.29697e-05
1676   6  8.01086e-05
1677   4  9.82285e-05
1678   4  8.10623e-05
1679   6  7.70092e-05
1680   5  6.91414e-05
1681   8  7.72476e-05
1682   5  8.48770e-05
1683   4  8.32081e-05
1684   4  8.20160e-05
1685   5  7.67708e-05
1686   5  8.29697e-05
1687   4  8.10623e-05
1688   4  8.39233e-05
1689   4  8.39233e-05
1690   5  8.20160e-05
1691   4  7.60555e-05
1692   4  7.12872e-05
1693   4  8.39233e-05
1694   5  7.60555e-05
1695   5  8.98838e-05
1696   7  7.70092e-05
1697   5  8.48770e-05
1698   4  8.41618e-05
1699   5  8.70228e-05
1700   6  8.51154e-05
1701   5  7.10487e-05
1702   5  8.91685e-05
1703   5  9.13143e-05
1704   4  8.39233e-05
1705   5  8.60691e-05
1706   7  9.48906e-05
1707   4  7.79629e-05
1708   5  7.00951e-05
1709   5  8.48770e-05
1710   4  8.70228e-05
1711   5  7.39098e-05
1712   6  8.51154e-05
1713   5  8.60691e-05
1714   4  1.54972e-04
1715   5  1.18971e-04
1716   5  8.58307e-05
1717   6  8.29697e-05
1718   5  8.82149e-05
1719   5  9.89437e-05
1720   7  8.29697e-05
1721   5  7.91550e-05
1722   6  7.58171e-05
1723   6  8.08239e-05
1724   4  8.32081e-05
1725   5  8.48770e-05
1726   4  8.60691e-05
1727   4  8.48770e-05
1728   4  8.39233e-05
1729   5  9.29832e-05
1730   4  8.39233e-05
1731   5  8.10623e-05
1732   6  8.17776e-05
1733   5  7.70092e-05
1734   4  7.17640e-05
1735   4  8.51154e-05
1736   8  9.60827e-05
1737   5  7.72476e-05
1738   5  8.17776e-05
1739   4  8.70228e-05
1740   5  8.48770e-05
1741   5  8.41618e-05
1742   4  8.60691e-05
1743   4  8.51154e-05
1744   4  8.51154e-05
1745   7  9.58443e-05
1746   6  9.01222e-05
1747   5  7.67708e-05
1748   5  8.51154e-05
1749   4  8.41618e-05
1750   5  8.70228e-05
1751   5  8.70228e-05
1752   4  7.20024e-05
1753   5  8.79765e-05
1754   6  8.41618e-05
1755   4  8.70228e-05
1756   7  1.03951e-04
1757   4  8.10623e-05
1758   4  8.91685e-05
1759   7  8.79765e-05
1760   5  8.01086e-05
1761   4  8.39233e-05
1762   4  8.17776e-05
1763   5  8.79765e-05
1764   6  8.01086e-05
1765   4  8.48770e-05
1766   4  8.17776e-05
1767   7  7.60555e-05
1768   5  8.13007e-05
1769   4  8.08239e-05
1770   4  8.20160e-05
1771   4  8.22544e-05
1772   4  8.48770e-05
1773   6  9.22680e-05
1774   4  1.89066e-04
1775   6  1.36852e-04
1776   6  1.07050e-04
1777   4  9.39369e-05
1778   5  9.32217e-05
1779   6  1.73092e-04
1780   4  9.91821e-05
1781   7  1.90020e-04
1782   4  1.13964e-04
1783   4  9.13143e-05
1784   4  9.01222e-05
1785   6  8.29697e-05
1786   5  9.01222e-05
1787   4  9.29832e-05
1788   6  8.98838e-05
1789   6  8.89301e-05
1790   5  8.82149e-05
1791   6  9.08375e-05
1792   4  8.60691e-05
1793   7  8.82149e-05
1794   4  6.98566e-05
1795   4  8.48770e-05
1796   5  9.29832e-05
1797   4  8.48770e-05
1798   6  8.32081e-05
1799   5  8.03471e-05
1800   4  8.91685e-05
1801   4  8.70228e-05
1802   4  8.48770e-05
1803   6  8.39233e-05
1804   5  8.79765e-05
1805   7  1.02282e-04
1806   4  8.60691e-05
1807   4  1.67131e-04
1808   4  1.63794e-04
1809   6  1.08957e-04
1810   5  1.07050e-04
1811   6  1.34230e-04
1812   5  1.04904e-04
1813   5  9.48906e-05
1814   5  9.17912e-05
1815   4  9.10759e-05
1816   4  8.77380e-05
1817   5  1.09911e-04
1818   7  1.00136e-04
1819   6  9.08375e-05
1820   5  9.48906e-05
1821   4  1.43051e-04
1822   4  1.09911e-04
1823   4  1.48058e-04
1824   5  1.01328e-04
1825   5  9.96590e-05
1826   4  9.20296e-05
1827   4  9.08375e-05
1828   5  8.89301e-05
1829   4  7.70092e-05
1830   4  9.70364e-05
1831   4  1.69992e-04
1832   4  2.00987e-04
1833   4  1.49965e-04
1834   4  1.37091e-04
1835   4  9.96590e-05
1836   4  1.18971e-04
1837   4  1.00851e-04
1838   5  9.27448e-05
1839   5  1.07050e-04
1840   4  9.29832e-05
1841   6  1.05143e-04
1842   4  8.79765e-05
1843   6  9.39369e-05
1844   5  9.20296e-05
1845   4  9.22680e-05
1846   4  8.70228e-05
1847   4  7.60555e-05
1848   5  7.31945e-05
1849   4  8.60691e-05
1850   4  1.23978e-04
1851   5  1.02758e-04
1852   5  8.39233e-05
1853   4  9.10759e-05
1854   5  1.01089e-04
1855   4  1.08957e-04
1856   6  1.34945e-04
1857   4  9.39369e-05
1858   5  8.96454e-05
1859   5  9.29832e-05
1860   4  9.08375e-05
1861   5  1.56879e-04
1862   5  1.00851e-04
1863   7  9.20296e-05
1864   6  8.41618e-05
1865   7  1.95026e-04
1866   4  8.91685e-05
1867   5  7.70092e-05
1868   4  8.70228e-05
1869   6  7.89165e-05
1870   5  8.53539e-05
1871   6  8.67844e-05
1872   6  9.48906e-05
1873   5  1.54972e-04
1874   5  1.63078e-04
1875   5  1.28031e-04
1876   4  1.74046e-04
1877   4  1.17064e-04
1878   4  8.91685e-05
1879   5  8.91685e-05
1880   5  8.70228e-05
