0 13 70.7777 -1.0 260.995 -1.0 -1.0 -1.0
1 11 70.0734 -1.0 261.221 -1.0 -1.0 -1.0
2 10 71.8115 -1.0 261.293 -1.0 -1.0 -1.0
3 10 71.1041 -1.0 261.262 -1.0 -1.0 -1.0
4 11 69.5565 -1.0 261.463 -1.0 -1.0 -1.0
5 11 70.6654 -1.0 261.253 -1.0 -1.0 -1.0
6 10 63.7473 -1.0 260.306 -1.0 -1.0 -1.0
7 11 62.0641 -1.0 261.18 -1.0 -1.0 -1.0
8 10 70.1233 -1.0 258.851 -1.0 -1.0 -1.0
9 11 70.9252 -1.0 258.726 -1.0 -1.0 -1.0
10 10 71.1462 -1.0 261.341 -1.0 -1.0 -1.0
11 11 69.9678 -1.0 258.813 -1.0 -1.0 -1.0
12 12 70.0469 -1.0 261.193 -1.0 -1.0 -1.0
13 9 71.9612 -1.0 260.75 -1.0 -1.0 -1.0
14 11 69.9968 -1.0 261.174 -1.0 -1.0 -1.0
15 9 70.4519 -1.0 261.433 -1.0 -1.0 -1.0
16 10 70.0011 -1.0 261.466 -1.0 -1.0 -1.0
17 7 56.4276 -1.0 265.654 -1.0 -1.0 -1.0
18 12 69.982 -1.0 261.232 -1.0 -1.0 -1.0
19 11 69.4033 -1.0 261.549 -1.0 -1.0 -1.0
20 11 70.5749 -1.0 261.4 -1.0 -1.0 -1.0
21 8 68.8795 -1.0 263.218 -1.0 -1.0 -1.0
22 12 69.9919 -1.0 261.252 -1.0 -1.0 -1.0
23 9 59.2426 -1.0 260.425 -1.0 -1.0 -1.0
24 10 71.0583 -1.0 261.354 -1.0 -1.0 -1.0
25 11 70.4452 -1.0 261.595 -1.0 -1.0 -1.0
26 10 62.3059 -1.0 259.193 -1.0 -1.0 -1.0
27 11 71.76 -1.0 261.254 -1.0 -1.0 -1.0
28 10 70.0281 -1.0 258.141 -1.0 -1.0 -1.0
29 11 62.0552 -1.0 261.18 -1.0 -1.0 -1.0
30 13 70.7397 -1.0 260.984 -1.0 -1.0 -1.0
31 11 71.9131 -1.0 261.299 -1.0 -1.0 -1.0
32 8 68.0486 -1.0 264.598 -1.0 -1.0 -1.0
33 12 69.9715 -1.0 261.137 -1.0 -1.0 -1.0
34 12 71.4674 -1.0 261.055 -1.0 -1.0 -1.0
35 9 67.1819 -1.0 258.962 -1.0 -1.0 -1.0
36 10 77.7469 -1.0 258.08 -1.0 -1.0 -1.0
37 13 70.7103 -1.0 260.984 -1.0 -1.0 -1.0
38 10 71.0185 -1.0 261.283 -1.0 -1.0 -1.0
39 9 73.192 -1.0 262.15 -1.0 -1.0 -1.0
40 11 75.7769 -1.0 258.323 -1.0 -1.0 -1.0
41 12 70.6411 -1.0 261.089 -1.0 -1.0 -1.0
42 12 70.0227 -1.0 261.243 -1.0 -1.0 -1.0
43 11 70.6558 -1.0 261.116 -1.0 -1.0 -1.0
44 11 71.8474 -1.0 261.292 -1.0 -1.0 -1.0
45 10 71.1124 -1.0 261.321 -1.0 -1.0 -1.0
46 13 70.6859 -1.0 260.933 -1.0 -1.0 -1.0
47 10 74.0753 -1.0 263.556 -1.0 -1.0 -1.0
48 11 71.2703 -1.0 261.011 -1.0 -1.0 -1.0
49 9 67.5719 -1.0 264.4 -1.0 -1.0 -1.0
50 10 72.8931 -1.0 259.273 -1.0 -1.0 -1.0
51 13 70.7034 -1.0 261.026 -1.0 -1.0 -1.0
52 13 78.9657 -1.0 258.746 -1.0 -1.0 -1.0
53 9 70.354 -1.0 261.361 -1.0 -1.0 -1.0
54 10 64.0054 -1.0 260.234 -1.0 -1.0 -1.0
55 12 70.0199 -1.0 261.213 -1.0 -1.0 -1.0
56 10 61.0106 -1.0 261.029 -1.0 -1.0 -1.0
57 11 71.821 -1.0 261.201 -1.0 -1.0 -1.0
58 12 71.3307 -1.0 261.1 -1.0 -1.0 -1.0
59 9 68.1985 -1.0 261.612 -1.0 -1.0 -1.0
60 11 69.4963 -1.0 261.405 -1.0 -1.0 -1.0
61 12 70.6485 -1.0 261.092 -1.0 -1.0 -1.0
62 10 80.207 -1.0 265.908 -1.0 -1.0 -1.0
63 9 57.4901 -1.0 262.55 -1.0 -1.0 -1.0
64 10 70.0884 -1.0 261.685 -1.0 -1.0 -1.0
65 9 68.6799 -1.0 258.012 -1.0 -1.0 -1.0
66 12 71.4149 -1.0 261.084 -1.0 -1.0 -1.0
67 12 71.3462 -1.0 261.047 -1.0 -1.0 -1.0
68 11 64.1452 -1.0 260.587 -1.0 -1.0 -1.0
69 10 70.1501 -1.0 258.773 -1.0 -1.0 -1.0
70 10 70.0767 -1.0 261.75 -1.0 -1.0 -1.0
71 11 64.4739 -1.0 261.051 -1.0 -1.0 -1.0
72 12 71.3825 -1.0 261.086 -1.0 -1.0 -1.0
73 11 70.646 -1.0 258.625 -1.0 -1.0 -1.0
74 13 70.7684 -1.0 261.012 -1.0 -1.0 -1.0
75 9 61.5807 -1.0 261.5 -1.0 -1.0 -1.0
76 10 68.2611 -1.0 258.324 -1.0 -1.0 -1.0
77 11 75.1626 -1.0 265.593 -1.0 -1.0 -1.0
78 11 71.7552 -1.0 261.201 -1.0 -1.0 -1.0
79 8 75.503 -1.0 266.831 -1.0 -1.0 -1.0
80 12 69.9942 -1.0 261.21 -1.0 -1.0 -1.0
81 7 65.6763 -1.0 259.166 -1.0 -1.0 -1.0
82 11 70.0436 -1.0 261.228 -1.0 -1.0 -1.0
83 13 70.7794 -1.0 260.91 -1.0 -1.0 -1.0
84 10 71.0637 -1.0 261.295 -1.0 -1.0 -1.0
85 11 72.1481 -1.0 256.734 -1.0 -1.0 -1.0
86 11 76.3357 -1.0 257.759 -1.0 -1.0 -1.0
87 9 80.3563 -1.0 257.402 -1.0 -1.0 -1.0
88 9 57.3828 -1.0 262.568 -1.0 -1.0 -1.0
89 10 60.8959 -1.0 261.117 -1.0 -1.0 -1.0
90 9 63.8025 -1.0 261.471 -1.0 -1.0 -1.0
91 11 70.5818 -1.0 261.175 -1.0 -1.0 -1.0
92 11 71.3339 -1.0 261.045 -1.0 -1.0 -1.0
93 7 84.6875 -1.0 261.519 -1.0 -1.0 -1.0
94 12 70.027 -1.0 261.095 -1.0 -1.0 -1.0
95 11 70.6499 -1.0 261.143 -1.0 -1.0 -1.0
96 12 69.9579 -1.0 261.157 -1.0 -1.0 -1.0
97 11 69.4 -1.0 261.427 -1.0 -1.0 -1.0
98 10 71.1146 -1.0 261.337 -1.0 -1.0 -1.0
99 10 85.2513 -1.0 262.244 -1.0 -1.0 -1.0
100 11 70.6377 -1.0 261.141 -1.0 -1.0 -1.0
101 11 77.3185 -1.0 257.783 -1.0 -1.0 -1.0
102 12 70.9377 -1.0 261.09 -1.0 -1.0 -1.0
103 12 71.3869 -1.0 261.004 -1.0 -1.0 -1.0
104 10 70.0632 -1.0 261.401 -1.0 -1.0 -1.0
105 10 61.3465 -1.0 260.69 -1.0 -1.0 -1.0
106 12 64.4098 -1.0 260.545 -1.0 -1.0 -1.0
107 11 62.1836 -1.0 261.078 -1.0 -1.0 -1.0
108 11 81.6 -1.0 252.81 -1.0 -1.0 -1.0
109 10 73.02 -1.0 262.093 -1.0 -1.0 -1.0
110 12 71.378 -1.0 261.956 -1.0 -1.0 -1.0
111 12 70.6887 -1.0 261.07 -1.0 -1.0 -1.0
112 12 79.7155 -1.0 262.686 -1.0 -1.0 -1.0
113 11 64.2449 -1.0 260.503 -1.0 -1.0 -1.0
114 9 88.7246 -1.0 256.877 -1.0 -1.0 -1.0
115 11 70.7923 -1.0 261.173 -1.0 -1.0 -1.0
116 11 71.7999 -1.0 262.047 -1.0 -1.0 -1.0
117 12 71.4522 -1.0 261.038 -1.0 -1.0 -1.0
118 11 63.8217 -1.0 260.917 -1.0 -1.0 -1.0
119 11 71.9137 -1.0 262.037 -1.0 -1.0 -1.0
120 10 70.8533 -1.0 258.662 -1.0 -1.0 -1.0
121 10 69.5143 -1.0 261.433 -1.0 -1.0 -1.0
122 10 70.0706 -1.0 258.816 -1.0 -1.0 -1.0
123 13 70.7012 -1.0 260.941 -1.0 -1.0 -1.0
124 12 71.3943 -1.0 261.056 -1.0 -1.0 -1.0
125 10 79.4141 -1.0 257.77 -1.0 -1.0 -1.0
126 12 72.5913 -1.0 262.006 -1.0 -1.0 -1.0
127 8 74.405 -1.0 253.504 -1.0 -1.0 -1.0
128 10 80.1679 -1.0 265.973 -1.0 -1.0 -1.0
129 8 57.6703 -1.0 260.182 -1.0 -1.0 -1.0
130 10 71.1545 -1.0 261.352 -1.0 -1.0 -1.0
131 11 71.2501 -1.0 261.075 -1.0 -1.0 -1.0
132 13 70.7655 -1.0 261.008 -1.0 -1.0 -1.0
133 11 69.4462 -1.0 261.446 -1.0 -1.0 -1.0
134 12 64.2776 -1.0 260.583 -1.0 -1.0 -1.0
135 10 75.5976 -1.0 265.306 -1.0 -1.0 -1.0
136 13 73.4368 -1.0 259.671 -1.0 -1.0 -1.0
137 11 63.9518 -1.0 260.837 -1.0 -1.0 -1.0
138 11 70.742 -1.0 261.192 -1.0 -1.0 -1.0
139 9 57.5177 -1.0 262.489 -1.0 -1.0 -1.0
140 9 70.5859 -1.0 261.419 -1.0 -1.0 -1.0
141 10 71.8074 -1.0 261.267 -1.0 -1.0 -1.0
142 10 75.7014 -1.0 265.345 -1.0 -1.0 -1.0
143 13 70.7581 -1.0 260.881 -1.0 -1.0 -1.0
144 9 67.3821 -1.0 261.663 -1.0 -1.0 -1.0
145 12 71.3338 -1.0 261.055 -1.0 -1.0 -1.0
146 14 72.538 -1.0 261.707 -1.0 -1.0 -1.0
147 11 70.7394 -1.0 261.135 -1.0 -1.0 -1.0
148 11 71.959 -1.0 261.466 -1.0 -1.0 -1.0
149 13 70.9 -1.0 261.044 -1.0 -1.0 -1.0
150 10 82.6269 -1.0 258.259 -1.0 -1.0 -1.0
151 11 67.9837 -1.0 263.65 -1.0 -1.0 -1.0
152 9 88.7081 -1.0 256.788 -1.0 -1.0 -1.0
153 9 64.6935 -1.0 264.187 -1.0 -1.0 -1.0
154 11 71.7561 -1.0 261.311 -1.0 -1.0 -1.0
155 11 64.0967 -1.0 260.429 -1.0 -1.0 -1.0
156 12 71.3743 -1.0 261.078 -1.0 -1.0 -1.0
157 9 88.6969 -1.0 256.866 -1.0 -1.0 -1.0
158 9 73.2413 -1.0 262.154 -1.0 -1.0 -1.0
159 13 72.9033 -1.0 261.943 -1.0 -1.0 -1.0
160 11 62.1829 -1.0 261.107 -1.0 -1.0 -1.0
161 12 74.1733 -1.0 260.287 -1.0 -1.0 -1.0
162 15 72.3026 -1.0 261.688 -1.0 -1.0 -1.0
163 12 71.499 -1.0 261.042 -1.0 -1.0 -1.0
164 11 71.295 -1.0 261.116 -1.0 -1.0 -1.0
165 10 80.4213 -1.0 257.188 -1.0 -1.0 -1.0
166 10 63.4716 -1.0 260.767 -1.0 -1.0 -1.0
167 12 70.0737 -1.0 261.179 -1.0 -1.0 -1.0
168 12 70.9413 -1.0 261.133 -1.0 -1.0 -1.0
169 8 74.0411 -1.0 261.97 -1.0 -1.0 -1.0
170 11 75.3593 -1.0 260.076 -1.0 -1.0 -1.0
171 9 61.821 -1.0 260.433 -1.0 -1.0 -1.0
172 11 71.92 -1.0 261.197 -1.0 -1.0 -1.0
173 10 69.3193 -1.0 258.208 -1.0 -1.0 -1.0
174 11 78.1167 -1.0 258.128 -1.0 -1.0 -1.0
175 12 70.0212 -1.0 261.17 -1.0 -1.0 -1.0
176 8 52.1459 -1.0 261.896 -1.0 -1.0 -1.0
177 10 70.149 -1.0 261.401 -1.0 -1.0 -1.0
178 10 71.8155 -1.0 261.342 -1.0 -1.0 -1.0
179 13 74.8952 -1.0 260.239 -1.0 -1.0 -1.0
180 10 71.8364 -1.0 261.282 -1.0 -1.0 -1.0
181 11 71.2825 -1.0 261.129 -1.0 -1.0 -1.0
182 9 87.4083 -1.0 262.058 -1.0 -1.0 -1.0
183 12 70.8888 -1.0 260.706 -1.0 -1.0 -1.0
184 13 72.8364 -1.0 259.357 -1.0 -1.0 -1.0
185 10 70.9681 -1.0 258.695 -1.0 -1.0 -1.0
186 11 71.9003 -1.0 261.28 -1.0 -1.0 -1.0
187 12 65.2995 -1.0 260.969 -1.0 -1.0 -1.0
188 11 71.8674 -1.0 261.272 -1.0 -1.0 -1.0
189 11 70.8515 -1.0 261.153 -1.0 -1.0 -1.0
190 11 63.8079 -1.0 260.826 -1.0 -1.0 -1.0
191 12 70.6512 -1.0 261.034 -1.0 -1.0 -1.0
192 13 70.8125 -1.0 260.955 -1.0 -1.0 -1.0
193 12 72.7224 -1.0 262.918 -1.0 -1.0 -1.0
194 9 69.2317 -1.0 264.173 -1.0 -1.0 -1.0
195 10 68.1665 -1.0 263.616 -1.0 -1.0 -1.0
196 11 71.2366 -1.0 261.081 -1.0 -1.0 -1.0
197 11 70.6586 -1.0 261.162 -1.0 -1.0 -1.0
198 11 73.7723 -1.0 261.833 -1.0 -1.0 -1.0
199 12 71.4225 -1.0 260.969 -1.0 -1.0 -1.0
200 11 64.0716 -1.0 260.429 -1.0 -1.0 -1.0
201 9 63.0695 -1.0 257.22 -1.0 -1.0 -1.0
202 7 70.267 -1.0 258.038 -1.0 -1.0 -1.0
203 11 71.86 -1.0 261.263 -1.0 -1.0 -1.0
204 10 70.8348 -1.0 258.882 -1.0 -1.0 -1.0
205 11 69.9499 -1.0 258.729 -1.0 -1.0 -1.0
206 11 70.9604 -1.0 258.67 -1.0 -1.0 -1.0
207 9 57.3999 -1.0 262.592 -1.0 -1.0 -1.0
208 10 60.9536 -1.0 261.153 -1.0 -1.0 -1.0
209 10 71.788 -1.0 261.256 -1.0 -1.0 -1.0
210 8 74.1797 -1.0 260.842 -1.0 -1.0 -1.0
211 12 70.6169 -1.0 261.113 -1.0 -1.0 -1.0
212 11 71.3122 -1.0 261.07 -1.0 -1.0 -1.0
213 12 80.2008 -1.0 257.361 -1.0 -1.0 -1.0
214 11 77.9609 -1.0 257.772 -1.0 -1.0 -1.0
215 12 71.4801 -1.0 260.969 -1.0 -1.0 -1.0
216 12 72.494 -1.0 262.099 -1.0 -1.0 -1.0
217 9 72.7529 -1.0 261.241 -1.0 -1.0 -1.0
218 13 70.8506 -1.0 260.991 -1.0 -1.0 -1.0
219 9 68.9697 -1.0 257.994 -1.0 -1.0 -1.0
220 11 71.8644 -1.0 261.3 -1.0 -1.0 -1.0
221 12 70.6393 -1.0 261.051 -1.0 -1.0 -1.0
222 13 70.7977 -1.0 260.943 -1.0 -1.0 -1.0
223 11 77.2722 -1.0 265.099 -1.0 -1.0 -1.0
224 13 70.8432 -1.0 260.958 -1.0 -1.0 -1.0
225 13 70.9588 -1.0 261.074 -1.0 -1.0 -1.0
226 12 70.8848 -1.0 260.714 -1.0 -1.0 -1.0
227 11 64.2516 -1.0 260.5 -1.0 -1.0 -1.0
228 11 68.8773 -1.0 258.53 -1.0 -1.0 -1.0
229 13 72.8013 -1.0 259.371 -1.0 -1.0 -1.0
230 11 71.5791 -1.0 261.719 -1.0 -1.0 -1.0
231 12 71.5103 -1.0 261.075 -1.0 -1.0 -1.0
232 11 71.3074 -1.0 261.092 -1.0 -1.0 -1.0
233 11 70.2043 -1.0 261.163 -1.0 -1.0 -1.0
234 11 64.2724 -1.0 260.584 -1.0 -1.0 -1.0
235 10 67.5281 -1.0 264.374 -1.0 -1.0 -1.0
236 10 71.8023 -1.0 261.193 -1.0 -1.0 -1.0
237 12 70.1423 -1.0 261.211 -1.0 -1.0 -1.0
238 13 70.8187 -1.0 260.978 -1.0 -1.0 -1.0
239 10 71.7847 -1.0 261.276 -1.0 -1.0 -1.0
240 13 70.8307 -1.0 260.954 -1.0 -1.0 -1.0
241 10 63.9693 -1.0 260.318 -1.0 -1.0 -1.0
242 10 70.226 -1.0 261.408 -1.0 -1.0 -1.0
243 13 70.8634 -1.0 260.963 -1.0 -1.0 -1.0
244 11 75.1959 -1.0 265.572 -1.0 -1.0 -1.0
245 10 63.844 -1.0 260.313 -1.0 -1.0 -1.0
246 10 70.3501 -1.0 258.124 -1.0 -1.0 -1.0
247 10 71.831 -1.0 261.631 -1.0 -1.0 -1.0
248 12 70.1025 -1.0 261.123 -1.0 -1.0 -1.0
249 10 70.6513 -1.0 260.931 -1.0 -1.0 -1.0
250 11 69.3942 -1.0 261.5 -1.0 -1.0 -1.0
251 12 70.0204 -1.0 261.124 -1.0 -1.0 -1.0
252 10 71.1882 -1.0 261.299 -1.0 -1.0 -1.0
253 11 62.2396 -1.0 261.118 -1.0 -1.0 -1.0
254 9 88.7353 -1.0 261.734 -1.0 -1.0 -1.0
255 13 73.5756 -1.0 259.671 -1.0 -1.0 -1.0
256 8 80.686 -1.0 265.632 -1.0 -1.0 -1.0
257 12 70.9305 -1.0 261.009 -1.0 -1.0 -1.0
258 11 64.1114 -1.0 260.418 -1.0 -1.0 -1.0
259 10 70.1651 -1.0 261.394 -1.0 -1.0 -1.0
260 10 63.7639 -1.0 260.218 -1.0 -1.0 -1.0
261 11 69.5188 -1.0 261.424 -1.0 -1.0 -1.0
262 12 69.69 -1.0 258.56 -1.0 -1.0 -1.0
263 11 71.8463 -1.0 261.209 -1.0 -1.0 -1.0
264 13 73.3689 -1.0 261.637 -1.0 -1.0 -1.0
265 11 78.0303 -1.0 257.789 -1.0 -1.0 -1.0
266 10 71.7667 -1.0 261.203 -1.0 -1.0 -1.0
267 12 70.5932 -1.0 261.07 -1.0 -1.0 -1.0
268 9 73.261 -1.0 262.005 -1.0 -1.0 -1.0
269 10 61.0317 -1.0 261.074 -1.0 -1.0 -1.0
270 10 71.8074 -1.0 261.25 -1.0 -1.0 -1.0
271 12 67.839 -1.0 261.893 -1.0 -1.0 -1.0
272 10 70.323 -1.0 258.765 -1.0 -1.0 -1.0
273 9 66.9352 -1.0 263.61 -1.0 -1.0 -1.0
274 12 70.0843 -1.0 261.124 -1.0 -1.0 -1.0
275 12 70.947 -1.0 261.055 -1.0 -1.0 -1.0
276 12 71.507 -1.0 261.053 -1.0 -1.0 -1.0
277 9 70.3331 -1.0 260.641 -1.0 -1.0 -1.0
278 10 64.5103 -1.0 260.964 -1.0 -1.0 -1.0
279 12 72.8125 -1.0 261.938 -1.0 -1.0 -1.0
280 11 70.7856 -1.0 261.165 -1.0 -1.0 -1.0
281 12 65.6797 -1.0 260.825 -1.0 -1.0 -1.0
282 11 70.9026 -1.0 261.134 -1.0 -1.0 -1.0
283 7 62.3452 -1.0 257.707 -1.0 -1.0 -1.0
284 10 75.9074 -1.0 263.211 -1.0 -1.0 -1.0
285 11 71.9528 -1.0 261.268 -1.0 -1.0 -1.0
286 9 62.3984 -1.0 258.818 -1.0 -1.0 -1.0
287 12 70.6329 -1.0 261.046 -1.0 -1.0 -1.0
288 10 71.3654 -1.0 261.205 -1.0 -1.0 -1.0
289 9 63.042 -1.0 260.546 -1.0 -1.0 -1.0
290 12 70.7034 -1.0 261.069 -1.0 -1.0 -1.0
291 9 70.6923 -1.0 261.385 -1.0 -1.0 -1.0
292 10 69.4837 -1.0 261.432 -1.0 -1.0 -1.0
293 9 69.0213 -1.0 258.034 -1.0 -1.0 -1.0
294 9 63.6879 -1.0 258.603 -1.0 -1.0 -1.0
295 10 76.1601 -1.0 266.151 -1.0 -1.0 -1.0
296 11 78.1068 -1.0 258.109 -1.0 -1.0 -1.0
297 10 70.36 -1.0 258.715 -1.0 -1.0 -1.0
298 10 61.0015 -1.0 261.072 -1.0 -1.0 -1.0
299 11 71.3789 -1.0 261.051 -1.0 -1.0 -1.0
300 11 77.4227 -1.0 257.752 -1.0 -1.0 -1.0
301 12 71.079 -1.0 261.029 -1.0 -1.0 -1.0
302 11 70.7597 -1.0 261.084 -1.0 -1.0 -1.0
303 10 61.605 -1.0 260.697 -1.0 -1.0 -1.0
304 7 49.8183 -1.0 257.352 -1.0 -1.0 -1.0
305 11 70.2399 -1.0 258.044 -1.0 -1.0 -1.0
306 11 71.8556 -1.0 261.236 -1.0 -1.0 -1.0
307 10 70.9706 -1.0 258.585 -1.0 -1.0 -1.0
308 12 71.4506 -1.0 261.026 -1.0 -1.0 -1.0
309 11 70.0648 -1.0 258.729 -1.0 -1.0 -1.0
310 13 70.8004 -1.0 260.952 -1.0 -1.0 -1.0
311 11 68.1227 -1.0 263.582 -1.0 -1.0 -1.0
312 10 63.8125 -1.0 260.308 -1.0 -1.0 -1.0
313 11 68.9339 -1.0 260.779 -1.0 -1.0 -1.0
314 11 64.1016 -1.0 260.464 -1.0 -1.0 -1.0
315 11 64.1596 -1.0 260.512 -1.0 -1.0 -1.0
316 10 72.2143 -1.0 257.599 -1.0 -1.0 -1.0
317 9 57.5566 -1.0 262.387 -1.0 -1.0 -1.0
318 10 69.4568 -1.0 261.405 -1.0 -1.0 -1.0
319 11 71.4125 -1.0 261.033 -1.0 -1.0 -1.0
320 11 70.1608 -1.0 261.156 -1.0 -1.0 -1.0
321 10 70.2005 -1.0 257.918 -1.0 -1.0 -1.0
322 11 70.9399 -1.0 258.644 -1.0 -1.0 -1.0
323 10 69.5031 -1.0 261.494 -1.0 -1.0 -1.0
324 9 70.7435 -1.0 261.322 -1.0 -1.0 -1.0
325 10 76.7044 -1.0 266.128 -1.0 -1.0 -1.0
326 10 71.1104 -1.0 260.807 -1.0 -1.0 -1.0
327 11 64.1157 -1.0 260.467 -1.0 -1.0 -1.0
328 10 61.1229 -1.0 260.989 -1.0 -1.0 -1.0
329 10 70.1183 -1.0 261.412 -1.0 -1.0 -1.0
330 12 70.774 -1.0 258.508 -1.0 -1.0 -1.0
331 10 69.894 -1.0 260.516 -1.0 -1.0 -1.0
332 13 73.2702 -1.0 261.644 -1.0 -1.0 -1.0
333 8 63.0919 -1.0 265.719 -1.0 -1.0 -1.0
334 10 77.0961 -1.0 257.621 -1.0 -1.0 -1.0
335 12 71.4692 -1.0 260.994 -1.0 -1.0 -1.0
336 10 71.7505 -1.0 261.598 -1.0 -1.0 -1.0
337 10 61.0373 -1.0 261.132 -1.0 -1.0 -1.0
338 12 71.0555 -1.0 260.945 -1.0 -1.0 -1.0
339 10 88.9235 -1.0 252.122 -1.0 -1.0 -1.0
340 9 80.1029 -1.0 257.069 -1.0 -1.0 -1.0
341 10 70.1092 -1.0 261.419 -1.0 -1.0 -1.0
342 10 61.4872 -1.0 260.724 -1.0 -1.0 -1.0
343 12 70.2076 -1.0 261.343 -1.0 -1.0 -1.0
344 13 70.8724 -1.0 260.94 -1.0 -1.0 -1.0
345 10 70.0495 -1.0 261.771 -1.0 -1.0 -1.0
346 9 59.4193 -1.0 260.344 -1.0 -1.0 -1.0
347 12 71.5538 -1.0 260.994 -1.0 -1.0 -1.0
348 10 70.1497 -1.0 261.308 -1.0 -1.0 -1.0
349 12 71.5224 -1.0 260.962 -1.0 -1.0 -1.0
350 10 71.8936 -1.0 261.234 -1.0 -1.0 -1.0
351 10 69.2303 -1.0 258.511 -1.0 -1.0 -1.0
352 11 72.1678 -1.0 261.5 -1.0 -1.0 -1.0
353 11 70.7862 -1.0 261.135 -1.0 -1.0 -1.0
354 10 63.8591 -1.0 260.273 -1.0 -1.0 -1.0
355 10 71.4454 -1.0 261.738 -1.0 -1.0 -1.0
356 11 70.8593 -1.0 261.163 -1.0 -1.0 -1.0
357 12 71.5783 -1.0 261.024 -1.0 -1.0 -1.0
358 11 63.8291 -1.0 260.892 -1.0 -1.0 -1.0
359 12 71.6006 -1.0 261.012 -1.0 -1.0 -1.0
360 10 70.3181 -1.0 261.356 -1.0 -1.0 -1.0
361 9 69.2915 -1.0 264.116 -1.0 -1.0 -1.0
362 12 71.5452 -1.0 261.06 -1.0 -1.0 -1.0
363 10 70.2088 -1.0 261.294 -1.0 -1.0 -1.0
364 9 59.3232 -1.0 260.478 -1.0 -1.0 -1.0
365 9 70.5655 -1.0 261.421 -1.0 -1.0 -1.0
366 12 71.5394 -1.0 261.009 -1.0 -1.0 -1.0
367 10 69.3129 -1.0 258.047 -1.0 -1.0 -1.0
368 13 70.8045 -1.0 260.979 -1.0 -1.0 -1.0
369 10 61.0242 -1.0 261.077 -1.0 -1.0 -1.0
370 9 69.0161 -1.0 263.168 -1.0 -1.0 -1.0
371 11 65.9653 -1.0 258.749 -1.0 -1.0 -1.0
372 11 70.8829 -1.0 261.161 -1.0 -1.0 -1.0
