0  13  7.67946e-04
1  11  1.30177e-04
2  10  1.14918e-04
3  10  1.05858e-04
4  11  1.55926e-04
5  11  1.25885e-04
6  10  1.51873e-04
7  11  2.31981e-04
8  10  2.00987e-04
9  11  1.17064e-04
10  10  9.89437e-05
11  11  1.14918e-04
12  12  1.01089e-04
13   9  1.01089e-04
14  11  9.77516e-05
15   9  9.53674e-05
16  10  9.32217e-05
17   7  8.79765e-05
18  12  9.41753e-05
19  11  9.67979e-05
20  11  9.39369e-05
21   8  1.08004e-04
22  12  9.89437e-05
23   9  9.70364e-05
24  10  9.10759e-05
25  11  9.51290e-05
26  10  1.00136e-04
27  11  1.03951e-04
28  10  9.79900e-05
29  11  9.22680e-05
30  13  9.91821e-05
31  11  1.01805e-04
32   8  9.39369e-05
33  12  9.48906e-05
34  12  9.98974e-05
35   9  8.98838e-05
36  10  9.79900e-05
37  13  9.39369e-05
38  10  9.17912e-05
39   9  9.70364e-05
40  11  1.02758e-04
41  12  9.39369e-05
42  12  9.08375e-05
43  11  9.70364e-05
44  11  9.79900e-05
45  10  8.91685e-05
46  13  9.70364e-05
47  10  9.48906e-05
48  11  9.17912e-05
49   9  2.06947e-04
50  10  1.55687e-04
51  13  1.19209e-04
52  13  1.02997e-04
53   9  9.70364e-05
54  10  9.79900e-05
55  12  9.79900e-05
56  10  9.17912e-05
57  11  9.98974e-05
58  12  9.39369e-05
59   9  9.10759e-05
60  11  9.60827e-05
61  12  9.82285e-05
62  10  1.01328e-04
63   9  9.60827e-05
64  10  9.70364e-05
65   9  1.07050e-04
66  12  9.79900e-05
67  12  9.79900e-05
68  11  9.79900e-05
69  10  1.05143e-04
70  10  9.48906e-05
71  11  9.39369e-05
72  12  9.70364e-05
73  11  1.01089e-04
74  13  9.70364e-05
75   9  9.65595e-05
76  10  8.60691e-05
77  11  9.60827e-05
78  11  9.70364e-05
79   8  8.60691e-05
80  12  9.60827e-05
81   7  8.98838e-05
82  11  9.70364e-05
83  13  9.10759e-05
84  10  8.91685e-05
85  11  9.48906e-05
86  11  9.39369e-05
87   9  9.41753e-05
88   9  9.48906e-05
89  10  9.08375e-05
90   9  9.53674e-05
91  11  9.79900e-05
92  11  9.70364e-05
93   7  9.29832e-05
94  12  1.00136e-04
95  11  9.17912e-05
96  12  1.59025e-04
97  11  9.77516e-05
98  10  9.20296e-05
99  10  8.39233e-05
100  11  1.00851e-04
101  11  9.70364e-05
102  12  9.39369e-05
103  12  9.60827e-05
104  10  9.29832e-05
105  10  9.39369e-05
106  12  9.39369e-05
107  11  9.58443e-05
108  11  1.04904e-04
109  10  9.98974e-05
110  12  2.00987e-04
111  12  1.70946e-04
112  12  1.42097e-04
113  11  1.14202e-04
114   9  8.77380e-05
115  11  1.01089e-04
116  11  1.02997e-04
117  12  1.02043e-04
118  11  9.48906e-05
119  11  1.01805e-04
120  10  1.08004e-04
121  10  9.39369e-05
122  10  1.02043e-04
123  13  9.67979e-05
124  12  9.39369e-05
125  10  8.58307e-05
126  12  1.54018e-04
127   8  1.16825e-04
128  10  1.07050e-04
129   8  1.01089e-04
130  10  9.79900e-05
131  11  1.02043e-04
132  13  9.96590e-05
133  11  9.70364e-05
134  12  9.70364e-05
135  10  9.20296e-05
136  13  9.41753e-05
137  11  1.00136e-04
138  11  1.02043e-04
139   9  9.29832e-05
140   9  9.60827e-05
141  10  9.60827e-05
142  10  9.32217e-05
143  13  9.39369e-05
144   9  9.29832e-05
145  12  8.98838e-05
146  14  8.60691e-05
147  11  9.39369e-05
148  11  9.48906e-05
149  13  9.70364e-05
150  10  9.17912e-05
151  11  9.01222e-05
152   9  7.89165e-05
153   9  9.29832e-05
154  11  9.79900e-05
155  11  9.98974e-05
156  12  1.00851e-04
157   9  7.70092e-05
158   9  9.48906e-05
159  13  9.48906e-05
160  11  9.70364e-05
161  12  9.39369e-05
162  15  9.10759e-05
163  12  9.20296e-05
164  11  9.89437e-05
165  10  8.60691e-05
166  10  9.10759e-05
167  12  9.48906e-05
168  12  9.17912e-05
169   8  9.27448e-05
170  11  8.98838e-05
171   9  9.60827e-05
172  11  9.87053e-05
173  10  1.02997e-04
174  11  9.39369e-05
175  12  9.60827e-05
176   8  9.01222e-05
177  10  8.79765e-05
178  10  9.89437e-05
179  13  9.29832e-05
180  10  9.79900e-05
181  11  9.70364e-05
182   9  9.20296e-05
183  12  9.98974e-05
184  13  9.29832e-05
185  10  1.69039e-04
186  11  1.38998e-04
187  12  1.05143e-04
188  11  1.05143e-04
189  11  1.46866e-04
190  11  1.16110e-04
191  12  1.07050e-04
192  13  2.57969e-04
193  12  1.63078e-04
194   9  1.49965e-04
195  10  1.23024e-04
196  11  2.00272e-04
197  11  1.03951e-04
198  11  1.13010e-04
199  12  1.13964e-04
200  11  9.91821e-05
201   9  9.60827e-05
202   7  8.39949e-04
203  11  1.58072e-04
204  10  1.10149e-04
205  11  1.03951e-04
206  11  2.82764e-04
207   9  1.23978e-04
208  10  1.02758e-04
209  10  1.04904e-04
210   8  1.02043e-04
211  12  1.01089e-04
212  11  1.01089e-04
213  12  9.60827e-05
214  11  9.17912e-05
215  12  9.60827e-05
216  12  9.89437e-05
217   9  1.69992e-04
218  13  1.33991e-04
219   9  1.17064e-04
220  11  1.00136e-04
221  12  9.91821e-05
222  13  9.70364e-05
223  11  9.01222e-05
224  13  9.17912e-05
225  13  9.58443e-05
226  12  9.60827e-05
227  11  9.29832e-05
228  11  9.17912e-05
229  13  8.98838e-05
230  11  2.16007e-04
231  12  1.27077e-04
232  11  1.03951e-04
233  11  1.13010e-04
234  11  1.06096e-04
235  10  9.51290e-05
236  10  1.56164e-04
237  12  1.37329e-04
238  13  1.36852e-04
239  10  1.00136e-04
240  13  9.79900e-05
241  10  8.98838e-05
242  10  9.08375e-05
243  13  9.27448e-05
244  11  9.39369e-05
245  10  9.29832e-05
246  10  1.02997e-04
247  10  9.58443e-05
248  12  9.48906e-05
249  10  8.91685e-05
250  11  9.60827e-05
251  12  9.60827e-05
252  10  8.91685e-05
253  11  9.20296e-05
254   9  8.01086e-05
255  13  9.20296e-05
256   8  8.20160e-05
257  12  9.39369e-05
258  11  9.48906e-05
259  10  9.08375e-05
260  10  9.01222e-05
261  11  9.48906e-05
262  12  9.08375e-05
263  11  9.51290e-05
264  13  9.70364e-05
265  11  9.01222e-05
266  10  9.29832e-05
267  12  9.10759e-05
268   9  9.08375e-05
269  10  8.70228e-05
270  10  9.39369e-05
271  12  9.60827e-05
272  10  9.60827e-05
273   9  9.20296e-05
274  12  9.48906e-05
275  12  9.29832e-05
276  12  9.39369e-05
277   9  9.39369e-05
278  10  9.20296e-05
279  12  9.41753e-05
280  11  9.29832e-05
281  12  9.10759e-05
282  11  9.39369e-05
283   7  9.41753e-05
284  10  8.89301e-05
285  11  9.08375e-05
286   9  9.91821e-05
287  12  9.08375e-05
288  10  8.60691e-05
289   9  9.01222e-05
290  12  9.29832e-05
291   9  9.10759e-05
292  10  9.01222e-05
293   9  1.08004e-04
294   9  9.20296e-05
295  10  9.08375e-05
296  11  9.39369e-05
297  10  9.51290e-05
298  10  8.98838e-05
299  11  9.17912e-05
300  11  9.39369e-05
301  12  9.01222e-05
302  11  9.27448e-05
303  10  9.29832e-05
304   7  9.10759e-05
305  11  9.82285e-05
306  11  9.08375e-05
307  10  9.58443e-05
308  12  9.29832e-05
309  11  9.79900e-05
310  13  9.17912e-05
311  11  9.08375e-05
312  10  1.85013e-04
313  11  8.91685e-05
314  11  9.13143e-05
315  11  9.60827e-05
316  10  9.10759e-05
317   9  9.44138e-05
318  10  9.48906e-05
319  11  9.39369e-05
320  11  9.29832e-05
321  10  9.98974e-05
322  11  1.05858e-04
323  10  9.77516e-05
324   9  9.60827e-05
325  10  9.51290e-05
326  10  9.91821e-05
327  11  9.20296e-05
328  10  9.01222e-05
329  10  9.82285e-05
330  12  9.20296e-05
331  10  9.39369e-05
332  13  9.89437e-05
333   8  8.82149e-05
334  10  9.10759e-05
335  12  9.39369e-05
336  10  8.79765e-05
337  10  8.91685e-05
338  12  9.39369e-05
339  10  7.89165e-05
340   9  8.58307e-05
341  10  8.89301e-05
342  10  9.29832e-05
343  12  9.39369e-05
344  13  9.39369e-05
345  10  9.48906e-05
346   9  9.51290e-05
347  12  9.39369e-05
348  10  8.79765e-05
349  12  9.39369e-05
350  10  9.39369e-05
351  10  9.01222e-05
352  11  9.58443e-05
353  11  9.29832e-05
354  10  8.79765e-05
355  10  9.20296e-05
356  11  9.39369e-05
357  12  9.39369e-05
358  11  9.32217e-05
359  12  9.89437e-05
360  10  8.79765e-05
361   9  8.58307e-05
362  12  9.20296e-05
363  10  8.89301e-05
364   9  9.27448e-05
365   9  9.08375e-05
366  12  9.32217e-05
367  10  1.05858e-04
368  13  9.08375e-05
369  10  8.70228e-05
370   9  9.39369e-05
371  11  9.01222e-05
372  11  9.29832e-05
