0  13  6.85364e+00
1  11  2.51434e+00
2  10  4.61318e+00
3  10  1.07949e+00
4  11  1.96528e+00
5  11  1.24309e+00
6  10  3.58424e+00
7  11  3.51158e+00
8  10  2.51369e+00
9  11  3.39604e+00
10  10  1.89582e+00
11  11  1.36288e+00
12  12  2.20659e+00
13   9  1.79304e+00
14  11  2.08898e+00
15   9  1.21918e+00
16  10  9.83639e-01
17   7  9.82464e-01
18  12  1.52461e+00
19  11  1.31443e+00
20  11  1.65391e+00
21   8  2.12935e+00
22  12  1.41189e+00
23   9  1.16785e+00
24  10  7.20707e+00
25  11  3.99369e+00
26  10  4.73454e+00
27  11  1.52116e+00
28  10  1.99776e+00
29  11  1.71445e+00
30  13  1.63594e+00
31  11  2.78508e+00
32   8  1.57620e+00
