0  13  1.02683e+00
1  11  1.70241e-01
2  10  1.70953e-01
3  10  1.71528e-01
4  11  2.10388e-01
5  11  1.67037e-01
6  10  2.16916e-01
7  11  2.08610e-01
8  10  1.82522e-01
9  11  1.96115e-01
10  10  1.60096e-01
11  11  2.07492e-01
12  12  2.04305e-01
13   9  1.81289e-01
14  11  1.79370e-01
15   9  1.66035e-01
16  10  1.66264e-01
17   7  2.24879e-01
18  12  2.11694e-01
19  11  2.05081e-01
20  11  1.87263e-01
21   8  1.68100e-01
22  12  2.05881e-01
23   9  1.90288e-01
24  10  1.79072e-01
25  11  1.80124e-01
26  10  2.27470e-01
27  11  1.66827e-01
28  10  1.84269e-01
29  11  1.92773e-01
30  13  1.69785e-01
31  11  1.82034e-01
32   8  2.17687e-01
33  12  1.95295e-01
34  12  1.99204e-01
35   9  1.95365e-01
36  10  1.99103e-01
37  13  1.83670e-01
38  10  1.90350e-01
39   9  1.73194e-01
40  11  1.86716e-01
41  12  1.84690e-01
42  12  2.12917e-01
43  11  1.92292e-01
44  11  1.61472e-01
45  10  1.66761e-01
46  13  1.83687e-01
47  10  1.85194e-01
48  11  1.62576e-01
49   9  2.16857e-01
50  10  1.94700e-01
51  13  1.71016e-01
52  13  2.00412e-01
53   9  1.59102e-01
54  10  2.11397e-01
55  12  2.08180e-01
56  10  2.03806e-01
57  11  1.69171e-01
58  12  1.85013e-01
59   9  1.75783e-01
60  11  2.00459e-01
61  12  1.68017e-01
62  10  2.28501e-01
63   9  2.43852e-01
64  10  1.90593e-01
65   9  1.98231e-01
66  12  2.03168e-01
67  12  1.88371e-01
68  11  2.28153e-01
69  10  1.53647e-01
70  10  2.36911e-01
71  11  2.16494e-01
72  12  1.94092e-01
73  11  1.96389e-01
74  13  1.67336e-01
75   9  1.83887e-01
76  10  2.00380e-01
77  11  2.00002e-01
78  11  1.64695e-01
79   8  1.52132e-01
80  12  1.98717e-01
81   7  2.06407e-01
82  11  1.85339e-01
83  13  1.85303e-01
84  10  1.87541e-01
85  11  1.74165e-01
86  11  1.98422e-01
87   9  2.15257e-01
88   9  2.15623e-01
89  10  2.18211e-01
90   9  1.94729e-01
91  11  1.90894e-01
92  11  1.60843e-01
93   7  1.55062e-01
94  12  2.03623e-01
95  11  1.87341e-01
96  12  1.92535e-01
97  11  2.29102e-01
98  10  1.90689e-01
99  10  2.15190e-01
100  11  1.84791e-01
101  11  1.68930e-01
102  12  1.71331e-01
103  12  1.75926e-01
104  10  1.72583e-01
105  10  2.30895e-01
106  12  2.19799e-01
107  11  2.09601e-01
108  11  1.87124e-01
109  10  1.92661e-01
110  12  2.11800e-01
111  12  1.74478e-01
112  12  1.75385e-01
113  11  2.03731e-01
114   9  1.77343e-01
115  11  1.97211e-01
116  11  1.81669e-01
117  12  1.96105e-01
118  11  1.93893e-01
119  11  2.12890e-01
120  10  1.60700e-01
121  10  1.98770e-01
122  10  1.65876e-01
123  13  1.91927e-01
124  12  1.80208e-01
125  10  2.16105e-01
126  12  2.11245e-01
127   8  2.44217e-01
128  10  2.09701e-01
129   8  2.28157e-01
130  10  2.02169e-01
131  11  1.72987e-01
132  13  1.75126e-01
133  11  2.24154e-01
134  12  2.17647e-01
135  10  1.90534e-01
136  13  1.96459e-01
137  11  2.25832e-01
138  11  2.07337e-01
139   9  2.17812e-01
140   9  1.73792e-01
141  10  1.74074e-01
142  10  1.93760e-01
143  13  1.83216e-01
144   9  1.61387e-01
145  12  1.83325e-01
146  14  2.14262e-01
147  11  1.93908e-01
148  11  2.04321e-01
149  13  2.04745e-01
150  10  2.18714e-01
151  11  1.85506e-01
152   9  1.71576e-01
153   9  2.28526e-01
154  11  1.69274e-01
155  11  2.06300e-01
156  12  1.87547e-01
157   9  1.92015e-01
158   9  1.77304e-01
159  13  1.80610e-01
160  11  1.93220e-01
161  12  1.67946e-01
162  15  1.91957e-01
163  12  2.04537e-01
164  11  1.66834e-01
165  10  2.06979e-01
166  10  2.15635e-01
167  12  2.09955e-01
168  12  1.69596e-01
169   8  1.81987e-01
170  11  1.91228e-01
171   9  2.14961e-01
172  11  2.01734e-01
173  10  1.65222e-01
174  11  2.13023e-01
175  12  2.11882e-01
176   8  2.21853e-01
177  10  1.84326e-01
178  10  1.64086e-01
179  13  1.89799e-01
180  10  1.86442e-01
181  11  1.55907e-01
182   9  1.96367e-01
183  12  2.03071e-01
184  13  1.93825e-01
185  10  1.71957e-01
186  11  1.73403e-01
187  12  1.89868e-01
188  11  1.75607e-01
189  11  1.99995e-01
190  11  2.22768e-01
191  12  1.85463e-01
192  13  2.20118e-01
193  12  1.77462e-01
194   9  1.95728e-01
195  10  2.20248e-01
196  11  1.55705e-01
197  11  1.84507e-01
198  11  1.77353e-01
199  12  2.07163e-01
200  11  2.12771e-01
201   9  2.14509e-01
202   7  1.55913e-01
203  11  1.94284e-01
204  10  1.71685e-01
205  11  2.09504e-01
206  11  1.79180e-01
207   9  2.23168e-01
208  10  1.99311e-01
209  10  1.74525e-01
210   8  1.80262e-01
211  12  1.78406e-01
212  11  1.71357e-01
213  12  1.83807e-01
214  11  1.57851e-01
215  12  1.84679e-01
216  12  2.09048e-01
217   9  1.88521e-01
218  13  1.76150e-01
219   9  1.86679e-01
220  11  1.86164e-01
221  12  1.66701e-01
222  13  1.96911e-01
223  11  1.96936e-01
224  13  2.21756e-01
225  13  2.11269e-01
226  12  1.83586e-01
227  11  2.33108e-01
228  11  1.95510e-01
229  13  1.87827e-01
230  11  1.89144e-01
231  12  2.04452e-01
232  11  1.65758e-01
233  11  1.72382e-01
234  11  2.09889e-01
235  10  2.12598e-01
236  10  1.70016e-01
237  12  2.22386e-01
238  13  1.77198e-01
239  10  1.88842e-01
240  13  1.77809e-01
241  10  2.06353e-01
242  10  1.87689e-01
243  13  1.91624e-01
244  11  2.04432e-01
245  10  2.00778e-01
246  10  1.73072e-01
247  10  2.01574e-01
248  12  2.06585e-01
249  10  1.58017e-01
250  11  2.04802e-01
251  12  1.81978e-01
252  10  1.79851e-01
253  11  2.15683e-01
254   9  1.92475e-01
255  13  1.98650e-01
256   8  1.80777e-01
257  12  2.01005e-01
258  11  1.99731e-01
259  10  1.85799e-01
0  13  9.86717e-01
1  11  1.69648e-01
2  10  1.66630e-01
3  10  1.68632e-01
4  11  2.11673e-01
5  11  1.70765e-01
6  10  2.15704e-01
7  11  2.06765e-01
8  10  1.78444e-01
9  11  1.91329e-01
10  10  1.60981e-01
11  11  2.09601e-01
12  12  2.14215e-01
13   9  1.84258e-01
14  11  1.80905e-01
15   9  1.68945e-01
16  10  1.71772e-01
17   7  2.26598e-01
18  12  2.11286e-01
19  11  2.07548e-01
20  11  1.88075e-01
21   8  1.67452e-01
22  12  2.05123e-01
23   9  1.87097e-01
24  10  1.76604e-01
25  11  1.81403e-01
26  10  2.29026e-01
27  11  1.71573e-01
28  10  1.90468e-01
29  11  1.97814e-01
30  13  1.65851e-01
31  11  1.80473e-01
32   8  2.18362e-01
33  12  1.94664e-01
34  12  1.97273e-01
35   9  1.91995e-01
36  10  1.93176e-01
37  13  1.74453e-01
38  10  1.81676e-01
39   9  1.69704e-01
40  11  1.85963e-01
41  12  1.77400e-01
42  12  2.11330e-01
43  11  1.82890e-01
44  11  1.60430e-01
45  10  1.60631e-01
46  13  1.79667e-01
47  10  1.84353e-01
48  11  1.62069e-01
49   9  2.12908e-01
50  10  1.93901e-01
51  13  1.69434e-01
52  13  1.94729e-01
53   9  1.60539e-01
54  10  2.09956e-01
55  12  2.08325e-01
56  10  1.99348e-01
57  11  1.64615e-01
58  12  1.83234e-01
59   9  1.72058e-01
60  11  1.99744e-01
61  12  1.63970e-01
62  10  2.09529e-01
63   9  2.21829e-01
64  10  1.80991e-01
65   9  1.93411e-01
66  12  2.00243e-01
67  12  1.85521e-01
68  11  2.19644e-01
69  10  1.52687e-01
70  10  2.29413e-01
71  11  2.05509e-01
72  12  1.95343e-01
73  11  1.94711e-01
74  13  1.72709e-01
75   9  1.86007e-01
76  10  2.00312e-01
77  11  2.05178e-01
78  11  1.62442e-01
79   8  1.53947e-01
80  12  1.98151e-01
81   7  2.01882e-01
82  11  1.87618e-01
83  13  1.88525e-01
84  10  1.89255e-01
85  11  1.76508e-01
86  11  1.88484e-01
87   9  2.14472e-01
88   9  2.20131e-01
89  10  2.21662e-01
90   9  1.96253e-01
91  11  1.83404e-01
92  11  1.62854e-01
93   7  1.58005e-01
94  12  2.11968e-01
95  11  1.81859e-01
96  12  1.92791e-01
97  11  2.27676e-01
98  10  1.92541e-01
99  10  2.14457e-01
100  11  1.85892e-01
101  11  1.70879e-01
102  12  1.70120e-01
103  12  1.81825e-01
104  10  1.80409e-01
105  10  2.36716e-01
106  12  2.18792e-01
107  11  2.09667e-01
108  11  1.83746e-01
109  10  1.89829e-01
110  12  2.08965e-01
111  12  1.71266e-01
112  12  1.75151e-01
113  11  2.02358e-01
114   9  1.83552e-01
115  11  2.06374e-01
116  11  1.88291e-01
117  12  2.01623e-01
118  11  1.96961e-01
119  11  2.21485e-01
120  10  1.62632e-01
121  10  2.01362e-01
122  10  1.61956e-01
123  13  1.91775e-01
124  12  1.79322e-01
125  10  2.08999e-01
126  12  2.08655e-01
127   8  2.45424e-01
128  10  2.21081e-01
129   8  2.42244e-01
130  10  1.91348e-01
131  11  1.68678e-01
132  13  1.75551e-01
133  11  2.26507e-01
134  12  2.12718e-01
135  10  1.96810e-01
136  13  1.94516e-01
137  11  2.13733e-01
138  11  2.02031e-01
139   9  2.18949e-01
140   9  1.76249e-01
141  10  1.74013e-01
142  10  2.01125e-01
143  13  1.90938e-01
144   9  1.63887e-01
145  12  1.83767e-01
146  14  2.15423e-01
147  11  1.95362e-01
148  11  1.95352e-01
149  13  2.08538e-01
150  10  2.22484e-01
151  11  1.89128e-01
152   9  1.75062e-01
153   9  2.35975e-01
154  11  1.65725e-01
155  11  2.11954e-01
156  12  1.90931e-01
157   9  1.95908e-01
158   9  1.81085e-01
159  13  1.86361e-01
160  11  1.92777e-01
161  12  1.66477e-01
162  15  1.91544e-01
163  12  1.93821e-01
164  11  1.64078e-01
165  10  1.96449e-01
166  10  2.06999e-01
167  12  2.07189e-01
168  12  1.65401e-01
169   8  1.73883e-01
170  11  1.83272e-01
171   9  2.05002e-01
172  11  1.96837e-01
173  10  1.54321e-01
174  11  2.07234e-01
175  12  2.07484e-01
176   8  2.19346e-01
177  10  1.78261e-01
178  10  1.61347e-01
179  13  1.91887e-01
180  10  1.86723e-01
181  11  1.53274e-01
182   9  1.89701e-01
183  12  2.01698e-01
184  13  1.82842e-01
185  10  1.69970e-01
186  11  1.67093e-01
187  12  1.87933e-01
188  11  1.70402e-01
189  11  2.00678e-01
190  11  2.22322e-01
191  12  1.80859e-01
192  13  2.15996e-01
193  12  1.73149e-01
194   9  1.93122e-01
195  10  2.18105e-01
196  11  1.58528e-01
197  11  1.90346e-01
198  11  1.77517e-01
199  12  1.98933e-01
200  11  2.08152e-01
201   9  2.11630e-01
202   7  1.55694e-01
203  11  1.96787e-01
204  10  1.69162e-01
205  11  2.04017e-01
206  11  1.82251e-01
207   9  2.32105e-01
208  10  2.03402e-01
209  10  1.73539e-01
210   8  1.81192e-01
211  12  1.75799e-01
212  11  1.64076e-01
213  12  1.83056e-01
214  11  1.64103e-01
215  12  1.87491e-01
216  12  2.05711e-01
217   9  1.89083e-01
218  13  1.79412e-01
219   9  1.86365e-01
220  11  1.84211e-01
221  12  1.66941e-01
222  13  1.92841e-01
223  11  1.95553e-01
224  13  2.17060e-01
225  13  2.05590e-01
226  12  1.71416e-01
227  11  2.13071e-01
228  11  1.88284e-01
229  13  1.88459e-01
230  11  1.87489e-01
231  12  2.00407e-01
232  11  1.62564e-01
233  11  1.66528e-01
234  11  2.04420e-01
235  10  2.07755e-01
236  10  1.63179e-01
237  12  2.11254e-01
238  13  1.70206e-01
239  10  1.79189e-01
240  13  1.77170e-01
241  10  2.07232e-01
242  10  1.93219e-01
243  13  1.97820e-01
244  11  3.43657e-01
245  10  2.00355e-01
246  10  1.81208e-01
247  10  2.04440e-01
248  12  2.08110e-01
249  10  1.61370e-01
250  11  2.06484e-01
251  12  1.85665e-01
252  10  1.85077e-01
253  11  2.27246e-01
254   9  1.96506e-01
255  13  1.94344e-01
256   8  1.73626e-01
257  12  1.92657e-01
258  11  1.89175e-01
259  10  1.81556e-01
260  10  2.15836e-01
261  11  2.20065e-01
262  12  1.66777e-01
263  11  1.80314e-01
264  13  1.80686e-01
265  11  1.71751e-01
266  10  1.72724e-01
267  12  1.74758e-01
268   9  1.81799e-01
269  10  2.04732e-01
270  10  1.71976e-01
271  12  1.85703e-01
272  10  1.87878e-01
273   9  1.82796e-01
274  12  2.05985e-01
275  12  1.92732e-01
276  12  1.80024e-01
277   9  1.73491e-01
278  10  2.19942e-01
279  12  2.08396e-01
280  11  1.91848e-01
281  12  2.01273e-01
282  11  1.91432e-01
283   7  1.80831e-01
284  10  1.80824e-01
285  11  1.63380e-01
286   9  2.01041e-01
287  12  1.60100e-01
288  10  1.74010e-01
289   9  2.20830e-01
290  12  1.69535e-01
291   9  1.75996e-01
292  10  1.93879e-01
293   9  1.97095e-01
294   9  1.96015e-01
295  10  1.79172e-01
296  11  2.12549e-01
297  10  1.92358e-01
298  10  2.22419e-01
299  11  1.59286e-01
300  11  1.84757e-01
301  12  1.82635e-01
302  11  1.91463e-01
303  10  1.95285e-01
304   7  2.19363e-01
305  11  1.67889e-01
306  11  1.66900e-01
307  10  1.54561e-01
308  12  1.85512e-01
309  11  1.97178e-01
310  13  1.90023e-01
311  11  1.91613e-01
312  10  1.99818e-01
313  11  2.10777e-01
314  11  2.32241e-01
315  11  1.99764e-01
316  10  1.82957e-01
317   9  1.95988e-01
318  10  1.94459e-01
319  11  1.66139e-01
320  11  1.69660e-01
321  10  2.11269e-01
322  11  1.82808e-01
323  10  1.93104e-01
324   9  1.63477e-01
325  10  1.73808e-01
326  10  1.86382e-01
327  11  2.09423e-01
328  10  2.01531e-01
329  10  1.75619e-01
330  12  1.99205e-01
331  10  1.70070e-01
332  13  1.78743e-01
333   8  1.94140e-01
334  10  1.73657e-01
335  12  1.90208e-01
336  10  2.02348e-01
337  10  2.07071e-01
338  12  2.04217e-01
339  10  1.98737e-01
340   9  1.97459e-01
341  10  1.86173e-01
342  10  2.09203e-01
343  12  2.08029e-01
344  13  1.77280e-01
345  10  1.91538e-01
346   9  1.88541e-01
347  12  2.11623e-01
0  13  9.51873e-01
1  11  1.77557e-01
2  10  1.77240e-01
3  10  1.79893e-01
4  11  2.21934e-01
5  11  1.91406e-01
6  10  2.24700e-01
7  11  2.18556e-01
8  10  1.90767e-01
9  11  2.12863e-01
10  10  1.78490e-01
11  11  2.27351e-01
12  12  2.22453e-01
13   9  1.89176e-01
14  11  1.84916e-01
15   9  1.87385e-01
16  10  1.89486e-01
17   7  2.38926e-01
18  12  2.15213e-01
19  11  2.13289e-01
20  11  1.97569e-01
21   8  1.76166e-01
22  12  2.17570e-01
23   9  1.98335e-01
24  10  1.89856e-01
25  11  1.91687e-01
26  10  2.41578e-01
27  11  1.78707e-01
28  10  1.97302e-01
29  11  2.08087e-01
30  13  1.74443e-01
31  11  1.90845e-01
32   8  2.35070e-01
33  12  2.14113e-01
34  12  2.16991e-01
35   9  2.04117e-01
36  10  2.08245e-01
37  13  1.88937e-01
38  10  1.97854e-01
39   9  1.83902e-01
40  11  1.95355e-01
41  12  1.85980e-01
42  12  2.19139e-01
43  11  1.95092e-01
44  11  1.68295e-01
45  10  1.76191e-01
46  13  1.91832e-01
47  10  2.00840e-01
48  11  1.71692e-01
49   9  2.25141e-01
50  10  2.09318e-01
51  13  1.80384e-01
52  13  2.04222e-01
53   9  1.71152e-01
54  10  2.26657e-01
55  12  2.27243e-01
56  10  2.12108e-01
57  11  1.76621e-01
58  12  1.92079e-01
59   9  1.85796e-01
60  11  2.19760e-01
61  12  1.79271e-01
62  10  2.23198e-01
63   9  2.42623e-01
64  10  2.00048e-01
65   9  2.19175e-01
66  12  2.09058e-01
67  12  1.94723e-01
68  11  2.32313e-01
69  10  1.63700e-01
70  10  2.60205e-01
71  11  2.19557e-01
72  12  2.03999e-01
73  11  2.05325e-01
74  13  1.85403e-01
75   9  1.98234e-01
76  10  2.09478e-01
77  11  2.11987e-01
78  11  1.68518e-01
79   8  1.62392e-01
80  12  2.05104e-01
81   7  2.16260e-01
82  11  1.92467e-01
83  13  1.96803e-01
84  10  2.00041e-01
85  11  1.80437e-01
86  11  1.95131e-01
87   9  2.25724e-01
88   9  2.27554e-01
89  10  2.32108e-01
90   9  2.05869e-01
91  11  1.90603e-01
92  11  1.64134e-01
93   7  1.61409e-01
94  12  2.15740e-01
95  11  1.85067e-01
96  12  1.92461e-01
97  11  2.35770e-01
98  10  2.04082e-01
99  10  2.36380e-01
100  11  2.00530e-01
101  11  1.82220e-01
102  12  1.82563e-01
103  12  1.90527e-01
104  10  1.83948e-01
105  10  2.41591e-01
106  12  2.22645e-01
107  11  2.19325e-01
108  11  2.01545e-01
109  10  2.10145e-01
110  12  2.22437e-01
111  12  1.82759e-01
112  12  1.90784e-01
113  11  2.12032e-01
114   9  1.86307e-01
115  11  2.08982e-01
116  11  1.87930e-01
117  12  2.08457e-01
118  11  1.98230e-01
119  11  2.23645e-01
120  10  1.62363e-01
121  10  2.03762e-01
122  10  1.70958e-01
123  13  1.97347e-01
124  12  1.81701e-01
125  10  2.16663e-01
126  12  2.14738e-01
127   8  2.53231e-01
128  10  2.15657e-01
129   8  2.34157e-01
130  10  1.94006e-01
131  11  1.76335e-01
132  13  1.82740e-01
133  11  2.30747e-01
134  12  2.25798e-01
135  10  2.07459e-01
136  13  1.91566e-01
137  11  2.25197e-01
138  11  2.13684e-01
139   9  2.27943e-01
140   9  1.83954e-01
141  10  1.82634e-01
142  10  2.08091e-01
143  13  1.93485e-01
144   9  1.78754e-01
145  12  2.10470e-01
146  14  2.33506e-01
147  11  2.08591e-01
148  11  2.11186e-01
149  13  2.10816e-01
150  10  2.24820e-01
151  11  1.91890e-01
152   9  1.76783e-01
153   9  2.41672e-01
154  11  1.77842e-01
155  11  2.15040e-01
156  12  2.00358e-01
157   9  2.02899e-01
158   9  1.90709e-01
159  13  1.90263e-01
160  11  2.00022e-01
161  12  1.74189e-01
162  15  2.02351e-01
163  12  2.09319e-01
164  11  1.73668e-01
165  10  2.08273e-01
166  10  2.16944e-01
167  12  2.24626e-01
168  12  1.79479e-01
169   8  1.90468e-01
170  11  1.99260e-01
171   9  2.26210e-01
172  11  2.11221e-01
173  10  1.67110e-01
174  11  2.18344e-01
175  12  2.15362e-01
176   8  2.28254e-01
177  10  1.84291e-01
178  10  1.65615e-01
179  13  1.91501e-01
180  10  1.88510e-01
181  11  1.63509e-01
182   9  2.03167e-01
183  12  2.07387e-01
184  13  1.90602e-01
185  10  1.74518e-01
186  11  1.76187e-01
187  12  1.99697e-01
188  11  1.76909e-01
189  11  2.05790e-01
190  11  2.31281e-01
191  12  1.90592e-01
192  13  2.29272e-01
193  12  1.83206e-01
194   9  2.00162e-01
195  10  2.28887e-01
196  11  1.66310e-01
197  11  1.94891e-01
198  11  1.81153e-01
199  12  2.07126e-01
200  11  2.18641e-01
201   9  2.20959e-01
202   7  1.61599e-01
203  11  1.97142e-01
204  10  1.75606e-01
205  11  2.10110e-01
206  11  1.86723e-01
207   9  2.32460e-01
208  10  2.05731e-01
209  10  1.75158e-01
210   8  1.85455e-01
211  12  1.88432e-01
212  11  1.70198e-01
213  12  1.90090e-01
214  11  1.66743e-01
215  12  1.92571e-01
216  12  2.16697e-01
217   9  2.07786e-01
218  13  1.89407e-01
219   9  1.94082e-01
220  11  1.99662e-01
221  12  1.77004e-01
222  13  2.02845e-01
223  11  2.06135e-01
224  13  2.25102e-01
225  13  2.16331e-01
226  12  1.78066e-01
227  11  2.25108e-01
228  11  2.02031e-01
229  13  1.94455e-01
230  11  1.97818e-01
231  12  2.11722e-01
232  11  1.75151e-01
233  11  1.81682e-01
234  11  2.16200e-01
235  10  2.17895e-01
236  10  1.69204e-01
237  12  2.24923e-01
238  13  1.78095e-01
239  10  1.85671e-01
240  13  1.77539e-01
241  10  2.18284e-01
242  10  1.96144e-01
243  13  1.97868e-01
244  11  2.13919e-01
245  10  2.09753e-01
246  10  1.83749e-01
247  10  2.16089e-01
248  12  2.17687e-01
249  10  1.66367e-01
250  11  2.22591e-01
251  12  1.94784e-01
252  10  1.86305e-01
253  11  2.28208e-01
254   9  2.08099e-01
255  13  2.01781e-01
256   8  1.82271e-01
257  12  2.04834e-01
258  11  2.06531e-01
259  10  1.91006e-01
260  10  2.30747e-01
261  11  2.37850e-01
262  12  1.78831e-01
263  11  1.84688e-01
264  13  1.82880e-01
265  11  1.78304e-01
266  10  1.74548e-01
267  12  1.71832e-01
268   9  1.89883e-01
269  10  2.18276e-01
270  10  1.84325e-01
271  12  1.94258e-01
272  10  2.06293e-01
273   9  1.99174e-01
274  12  2.20184e-01
275  12  2.05663e-01
276  12  2.00469e-01
277   9  1.86710e-01
278  10  2.36499e-01
279  12  2.20963e-01
280  11  2.06052e-01
281  12  2.11885e-01
282  11  2.01804e-01
283   7  1.93575e-01
284  10  1.94981e-01
285  11  1.78687e-01
286   9  2.24510e-01
287  12  1.70956e-01
288  10  1.84909e-01
289   9  2.26318e-01
290  12  1.78941e-01
291   9  1.83872e-01
292  10  2.01667e-01
293   9  2.07227e-01
294   9  2.07995e-01
295  10  1.93402e-01
296  11  2.25441e-01
297  10  2.02549e-01
298  10  2.36187e-01
299  11  1.66777e-01
300  11  1.92974e-01
301  12  1.90644e-01
302  11  2.05709e-01
303  10  2.08075e-01
304   7  2.34612e-01
305  11  1.79371e-01
306  11  1.75464e-01
307  10  1.65590e-01
308  12  2.00918e-01
309  11  2.14895e-01
310  13  2.00643e-01
311  11  1.96325e-01
312  10  2.09731e-01
313  11  2.20217e-01
314  11  2.55779e-01
315  11  2.11861e-01
316  10  1.93885e-01
317   9  2.06011e-01
318  10  2.03639e-01
319  11  1.73162e-01
320  11  1.76443e-01
321  10  2.21330e-01
322  11  1.92435e-01
323  10  2.05648e-01
324   9  1.70704e-01
325  10  1.78860e-01
326  10  1.94671e-01
327  11  2.17536e-01
328  10  2.12926e-01
329  10  1.82739e-01
330  12  2.06242e-01
331  10  1.77190e-01
332  13  1.86201e-01
333   8  2.07920e-01
334  10  1.81914e-01
335  12  2.01142e-01
336  10  2.11489e-01
337  10  2.17814e-01
338  12  2.13606e-01
339  10  2.07922e-01
340   9  2.05096e-01
341  10  1.91581e-01
342  10  2.16746e-01
343  12  2.12962e-01
344  13  1.80957e-01
345  10  1.95056e-01
346   9  1.92013e-01
347  12  2.18977e-01
348  10  1.88125e-01
349  12  1.98218e-01
350  10  1.73607e-01
351  10  1.86132e-01
352  11  2.29888e-01
353  11  2.20821e-01
354  10  2.35115e-01
355  10  2.16464e-01
356  11  2.03383e-01
357  12  2.36990e-01
358  11  2.13583e-01
359  12  2.23545e-01
360  10  1.89893e-01
361   9  2.13537e-01
362  12  2.26439e-01
363  10  1.85882e-01
364   9  2.21288e-01
365   9  1.97154e-01
366  12  2.04267e-01
367  10  1.91482e-01
368  13  2.19128e-01
369  10  2.23844e-01
370   9  2.17632e-01
371  11  2.13059e-01
372  11  1.86912e-01
