0  13  7.08056e+01          nan  2.60995e+02          nan  3.06700e+04          nan  8.90549e-01  1.62266e+05 
1  11  7.00735e+01          nan  2.61221e+02          nan  4.00490e+04          nan  1.55733e+00  1.77955e+05 
2  10  7.18015e+01          nan  2.61293e+02          nan  2.13881e+04          nan  1.51411e+00  1.70875e+05 
3  10  7.10941e+01          nan  2.61262e+02          nan  2.94569e+04          nan  1.55000e+00  1.70042e+05 
4  11  6.95565e+01          nan  2.61463e+02          nan  2.91689e+04          nan  3.65018e-01  1.89234e+05 
5  11  7.06654e+01          nan  2.61253e+02          nan  3.71519e+04          nan  1.55000e+00  1.65657e+05 
6  10  6.37473e+01          nan  2.60306e+02          nan  2.74550e+04          nan  6.72347e-01  1.81188e+05 
7  11  6.20778e+01          nan  2.61180e+02          nan  3.69793e+04          nan  1.94303e+00  1.68634e+05 
8  10  7.02233e+01          nan  2.58851e+02          nan  2.18053e+04          nan  4.38699e-01  1.88660e+05 
9  11  7.09341e+01          nan  2.58726e+02          nan  2.53450e+04          nan  2.00630e+00  1.74371e+05 
10  10  7.11462e+01          nan  2.61341e+02          nan  3.13525e+04          nan  2.99992e+00  1.74787e+05 
11  11  6.99678e+01          nan  2.58813e+02          nan  3.85445e+04          nan  1.11179e+00  1.52830e+05 
12  12  7.00469e+01          nan  2.61193e+02          nan  2.65997e+04          nan  1.29496e+00  1.52656e+05 
13   9  7.19524e+01          nan  2.60750e+02          nan  2.26064e+04          nan  1.55000e+00  1.64588e+05 
14  11  6.99968e+01          nan  2.61174e+02          nan  3.68049e+04          nan  5.85499e-01  1.63872e+05 
15   9  7.04519e+01          nan  2.61433e+02          nan  3.36429e+04          nan  1.36079e+00  1.71033e+05 
16  10  7.00011e+01          nan  2.61473e+02          nan  2.46260e+04          nan  1.84692e+00  1.80118e+05 
17   7  5.64276e+01          nan  2.65654e+02          nan  5.96971e+03          nan  1.76548e+00  1.65485e+05 
18  12  6.99820e+01          nan  2.61232e+02          nan  2.65194e+04          nan  1.55000e+00  1.71504e+05 
19  11  6.94533e+01          nan  2.61549e+02          nan  4.63662e+04          nan  1.55000e+00  1.73878e+05 
20  11  7.05698e+01          nan  2.61403e+02          nan  2.49758e+04          nan  7.02729e-01  1.72970e+05 
21   8  6.88868e+01          nan  2.63218e+02          nan  3.21294e+04          nan  4.83238e-01  1.67161e+05 
22  12  6.99919e+01          nan  2.61229e+02          nan  3.82377e+04          nan  1.55000e+00  1.74323e+05 
23   9  5.92426e+01          nan  2.60423e+02          nan  3.03119e+04          nan  1.55000e+00  1.65909e+05 
24  10  7.10538e+01          nan  2.61354e+02          nan  3.00566e+04          nan  3.87699e-01  1.82529e+05 
25  11  7.04474e+01          nan  2.61595e+02          nan  2.25941e+04          nan  1.35747e+00  1.95784e+05 
26  10  6.23059e+01          nan  2.59192e+02          nan  2.24910e+04          nan  1.79693e-01  1.81201e+05 
27  11  7.17600e+01          nan  2.61269e+02          nan  2.98028e+04          nan  1.55000e+00  1.69609e+05 
28  10  7.00254e+01          nan  2.58141e+02          nan  2.40770e+04          nan  2.30534e+00  2.09248e+05 
29  11  6.20552e+01          nan  2.61180e+02          nan  2.34483e+04          nan  3.00000e+00  2.02042e+05 
30  13  7.07397e+01          nan  2.60984e+02          nan  2.57894e+04          nan  1.55000e+00  1.63727e+05 
31  11  7.19231e+01          nan  2.61299e+02          nan  4.49364e+04          nan  1.62435e+00  1.54999e+05 
32   8  6.80486e+01          nan  2.64598e+02          nan  8.27839e+03          nan  1.96409e+00  1.56224e+05 
