0  13  7.71603e+01          nan -4.38331e+03 -4.39867e+03  1.23412e+03  6.20988e+03 -3.43768e+00  8.97243e+01  4.51002e+01
1  11  7.42209e+01          nan -4.38305e+03 -4.39846e+03  1.23412e+03  6.20954e+03 -3.67660e+00  8.97243e+01  4.51005e+01
2  10  5.34917e+01          nan -4.38331e+03 -4.39817e+03  1.23409e+03  6.20953e+03 -3.42066e+00  8.97240e+01  4.50970e+01
3  10  5.40951e+01          nan -4.38429e+03 -4.39667e+03  1.23412e+03  6.20915e+03 -2.23703e+00  8.97243e+01  4.50808e+01
4  11  6.44361e+01          nan -4.38375e+03 -4.39906e+03  1.23417e+03  6.21047e+03 -4.16916e+00  8.97248e+01  4.50999e+01
5  11  5.97136e+01          nan -4.38209e+03 -4.39779e+03  1.23411e+03  6.20839e+03 -4.18350e+00  8.97242e+01  4.51025e+01
6  10  2.29783e+01          nan -4.38183e+03 -4.38850e+03  1.29269e+03  6.20163e+03 -7.33137e+02  9.02650e+01  4.50435e+01
7  11  6.19651e+01          nan -4.38081e+03 -4.39050e+03  1.26451e+03  6.20225e+03 -7.33754e+02  9.00047e+01  4.50633e+01
8  10  5.77298e+01          nan -4.38281e+03 -4.39778e+03  1.23411e+03  6.20889e+03 -3.35662e+00  8.97242e+01  4.50977e+01
9  11  6.14198e+01          nan -4.38316e+03 -4.39815e+03  1.23412e+03  6.20940e+03 -3.12545e+00  8.97243e+01  4.50978e+01
10  10  4.42883e+01          nan -4.38292e+03 -4.39813e+03  1.23410e+03  6.20922e+03 -3.37348e+00  8.97241e+01  4.50993e+01
11  11  8.33429e+01          nan -4.38283e+03 -4.39889e+03  1.23408e+03  6.20970e+03 -3.76665e+00  8.97239e+01  4.51048e+01
12  12  7.97187e+01          nan -4.38349e+03 -4.39867e+03  1.23415e+03  6.21001e+03 -3.98520e+00  8.97246e+01  4.50990e+01
13   9  3.66852e+01          nan -4.38306e+03 -4.39888e+03  1.23411e+03  6.20985e+03 -3.62142e+00  8.97243e+01  4.51032e+01
14  11  9.63195e+01          nan -4.38421e+03 -4.39722e+03  1.23410e+03  6.20949e+03 -1.80296e+00  8.97241e+01  4.50849e+01
15   9  3.44980e+01          nan -4.38358e+03 -4.39756e+03  1.23416e+03  6.20928e+03 -3.77207e+00  8.97247e+01  4.50912e+01
16  10  6.08870e+01          nan -4.38230e+03 -4.39796e+03  1.23411e+03  6.20867e+03 -3.85620e+00  8.97242e+01  4.51022e+01
17   7  1.87825e+01          nan -4.38498e+03 -4.39552e+03  1.11324e+03  6.21059e+03 -7.44466e+02  8.86091e+01  4.50687e+01
18  12  9.13317e+01          nan -4.38246e+03 -4.39882e+03  1.23413e+03  6.20939e+03 -4.15922e+00  8.97244e+01  4.51068e+01
19  11  7.93044e+01          nan -4.38226e+03 -4.39911e+03  1.23412e+03  6.20945e+03 -4.42514e+00  8.97243e+01  4.51100e+01
20  11  5.30477e+01          nan -4.38271e+03 -4.39822e+03  1.23412e+03  6.20913e+03 -3.88191e+00  8.97243e+01  4.51012e+01
21   8  3.03056e+01          nan -4.38392e+03 -4.39732e+03  1.23412e+03  6.20935e+03 -3.41975e+00  8.97243e+01  4.50874e+01
22  12  7.73914e+01          nan -4.38201e+03 -4.39920e+03  1.23413e+03  6.20934e+03 -5.01467e+00  8.97244e+01  4.51122e+01
23   9  1.41102e+01          nan -4.38303e+03 -4.39782e+03  1.33908e+03  6.20946e+03 -7.41774e+02  9.06928e+01  4.50964e+01
24  10  7.12416e+01          nan -4.38263e+03 -4.39818e+03  1.23412e+03  6.20905e+03 -3.28995e+00  8.97243e+01  4.51015e+01
25  11  8.64082e+01          nan -4.38296e+03 -4.39858e+03  1.23413e+03  6.20957e+03 -3.28763e+00  8.97244e+01  4.51019e+01
26  10  7.19563e+01          nan -4.38025e+03 -4.39134e+03  1.28303e+03  6.20248e+03 -7.35418e+02  9.01758e+01  4.50724e+01
27  11  6.51703e+01          nan -4.38346e+03 -4.39722e+03  1.23411e+03  6.20896e+03 -2.80420e+00  8.97242e+01  4.50898e+01
28  10  8.57906e+01          nan -4.38327e+03 -4.39854e+03  1.23415e+03  6.20976e+03 -3.16077e+00  8.97246e+01  4.50996e+01
29  11  6.95225e+01          nan -4.38080e+03 -4.39278e+03  1.28820e+03  6.20391e+03 -7.36549e+02  9.02235e+01  4.50782e+01
30  13  8.42657e+01          nan -4.38371e+03 -4.39852e+03  1.23412e+03  6.21006e+03 -2.45644e+00  8.97243e+01  4.50967e+01
31  11  5.08857e+01          nan -4.38327e+03 -4.39927e+03  1.23415e+03  6.21028e+03 -3.91614e+00  8.97246e+01  4.51044e+01
32   8  2.07407e+01          nan -4.38353e+03 -4.38605e+03  1.29398e+03  6.20111e+03 -7.30121e+02  9.02770e+01  4.50165e+01
33  12  8.27004e+01          nan -4.38432e+03 -4.39760e+03  1.23413e+03  6.20983e+03 -1.90941e+00  8.97244e+01  4.50866e+01
34  12  4.32808e+01          nan -4.38389e+03 -4.39862e+03  1.23417e+03  6.21026e+03 -3.37342e+00  8.97248e+01  4.50961e+01
35   9  2.53003e+01          nan -4.37868e+03 -4.38585e+03  1.30595e+03  6.19760e+03 -1.13859e+03  9.03878e+01  4.50469e+01
36  10  2.96103e+01          nan -4.38458e+03 -4.39777e+03  1.23452e+03  6.21013e+03 -3.97894e+00  8.97280e+01  4.50861e+01
37  13  1.08133e+02          nan -4.38382e+03 -4.39754e+03  1.23417e+03  6.20944e+03 -2.27097e+00  8.97248e+01  4.50895e+01
38  10  6.51677e+01          nan -4.38368e+03 -4.39668e+03  1.23414e+03  6.20873e+03 -2.47212e+00  8.97245e+01  4.50848e+01
39   9  6.34370e+01          nan -4.38190e+03 -4.39864e+03  1.23416e+03  6.20886e+03 -4.43216e+00  8.97246e+01  4.51093e+01
40  11  9.04839e+01          nan -4.38285e+03 -4.39924e+03  1.23413e+03  6.20996e+03 -3.33191e+00  8.97244e+01  4.51069e+01
41  12  7.43211e+01          nan -4.38398e+03 -4.39850e+03  1.23420e+03  6.21023e+03 -3.52966e+00  8.97250e+01  4.50947e+01
42  12  1.02311e+02          nan -4.38219e+03 -4.39911e+03  1.23416e+03  6.20940e+03 -4.29737e+00  8.97246e+01  4.51105e+01
43  11  9.64317e+01          nan -4.38387e+03 -4.39723e+03  1.23418e+03  6.20925e+03 -2.91601e+00  8.97248e+01  4.50872e+01
44  11  5.78273e+01          nan -4.38344e+03 -4.39787e+03  1.23416e+03  6.20940e+03 -3.13856e+00  8.97246e+01  4.50941e+01
45  10  5.34691e+01          nan -4.38328e+03 -4.39744e+03  1.23421e+03  6.20898e+03 -3.93362e+00  8.97251e+01  4.50924e+01
46  13  7.57137e+01          nan -4.38458e+03 -4.39663e+03  1.23420e+03  6.20933e+03 -2.77395e+00  8.97250e+01  4.50786e+01
47  10  5.61346e+01          nan -4.38139e+03 -4.39945e+03  1.23416e+03  6.20908e+03 -5.45960e+00  8.97246e+01  4.51179e+01
48  11  4.44588e+01          nan -4.38548e+03 -4.39596e+03  1.23418e+03  6.20949e+03 -1.93590e+00  8.97248e+01  4.50683e+01
49   9  2.83889e+01          nan -4.38225e+03 -4.39201e+03  1.26444e+03  6.20434e+03 -7.33300e+02  9.00041e+01  4.50637e+01
50  10  4.29797e+01          nan -4.38357e+03 -4.39708e+03  1.23415e+03  6.20894e+03 -3.89728e+00  8.97245e+01  4.50882e+01
51  13  9.77036e+01          nan -4.38254e+03 -4.39856e+03  1.23419e+03  6.20925e+03 -4.22348e+00  8.97249e+01  4.51045e+01
52  13  1.02058e+02          nan -4.38463e+03 -4.39891e+03  1.23556e+03  6.21097e+03 -4.68877e+00  8.97377e+01  4.50931e+01
53   9  6.25391e+01          nan -4.38491e+03 -4.39552e+03  1.23422e+03  6.20878e+03 -2.60139e+00  8.97252e+01  4.50692e+01
54  10  5.05215e+01          nan -4.38078e+03 -4.38751e+03  1.28465e+03  6.20016e+03 -7.32553e+02  9.01908e+01  4.50440e+01
55  12  1.14499e+02          nan -4.38262e+03 -4.39830e+03  1.23420e+03  6.20913e+03 -3.89440e+00  8.97250e+01  4.51023e+01
56  10  3.60615e+01          nan -4.38364e+03 -4.39057e+03  1.28078e+03  6.20432e+03 -7.31957e+02  9.01549e+01  4.50453e+01
57  11  5.00290e+01          nan -4.38443e+03 -4.39659e+03  1.23420e+03  6.20920e+03 -3.45564e+00  8.97250e+01  4.50793e+01
58  12  8.83021e+01          nan -4.38277e+03 -4.39723e+03  1.23417e+03  6.20848e+03 -3.41480e+00  8.97247e+01  4.50944e+01
59   9  3.50038e+01          nan -4.38484e+03 -4.38538e+03  1.25876e+03  6.20149e+03 -7.27167e+02  8.99516e+01  4.50035e+01
60  11  8.93254e+01          nan -4.38434e+03 -4.39704e+03  1.23419e+03  6.20945e+03 -3.19306e+00  8.97249e+01  4.50828e+01
61  12  9.98336e+01          nan -4.38356e+03 -4.39862e+03  1.23420e+03  6.21002e+03 -4.02500e+00  8.97251e+01  4.50983e+01
62  10  5.93769e+01          nan -4.38416e+03 -4.39676e+03  1.23416e+03  6.20912e+03 -3.14975e+00  8.97246e+01  4.50822e+01
63   9  3.41605e+01          nan -4.38196e+03 -4.39008e+03  1.28958e+03  6.20282e+03 -7.32796e+02  9.02363e+01  4.50531e+01
64  10  1.05402e+02          nan -4.38548e+03 -4.39684e+03  1.23419e+03  6.21011e+03 -1.70759e+00  8.97250e+01  4.50741e+01
65   9  7.73427e+01          nan -4.38321e+03 -4.39578e+03  1.23421e+03  6.20776e+03 -3.63878e+00  8.97250e+01  4.50820e+01
66  12  7.65311e+01          nan -4.38290e+03 -4.39810e+03  1.23420e+03  6.20918e+03 -3.72064e+00  8.97250e+01  4.50992e+01
67  12  7.71536e+01          nan -4.38376e+03 -4.39673e+03  1.23423e+03  6.20882e+03 -2.94111e+00  8.97252e+01  4.50846e+01
68  11  4.66073e+01          nan -4.38083e+03 -4.39194e+03  1.29251e+03  6.20336e+03 -7.35957e+02  9.02633e+01  4.50726e+01
69  10  5.02249e+01          nan -4.38381e+03 -4.39693e+03  1.23425e+03  6.20900e+03 -3.59737e+00  8.97255e+01  4.50856e+01
70  10  7.21886e+01          nan -4.38399e+03 -4.39841e+03  1.23425e+03  6.21017e+03 -3.96366e+00  8.97256e+01  4.50941e+01
71  11  7.48211e+01          nan -4.38135e+03 -4.39159e+03  1.27397e+03  6.20341e+03 -7.35051e+02  9.00921e+01  4.50669e+01
72  12  8.50060e+01          nan -4.38300e+03 -4.39789e+03  1.23419e+03  6.20911e+03 -3.27195e+00  8.97249e+01  4.50971e+01
73  11  7.97409e+01          nan -4.38382e+03 -4.39866e+03  1.23434e+03  6.21023e+03 -4.40043e+00  8.97264e+01  4.50968e+01
74  13  1.01861e+02          nan -4.38304e+03 -4.39922e+03  1.23417e+03  6.21007e+03 -3.50061e+00  8.97248e+01  4.51055e+01
75   9  3.16564e+01          nan -4.38287e+03 -4.39333e+03  1.30264e+03  6.20583e+03 -7.35725e+02  9.03568e+01  4.50683e+01
76  10  6.66235e+01          nan -4.38636e+03 -4.40333e+03  1.25499e+03  6.21527e+03 -1.15481e+03  8.99170e+01  4.51106e+01
77  11  9.72189e+01          nan -4.38315e+03 -4.39862e+03  1.23422e+03  6.20973e+03 -3.81574e+00  8.97252e+01  4.51009e+01
78  11  8.14742e+01          nan -4.38433e+03 -4.39625e+03  1.23420e+03  6.20889e+03 -2.50533e+00  8.97250e+01  4.50778e+01
79   8  6.98536e+01          nan -4.38250e+03 -4.39868e+03  1.23421e+03  6.20932e+03 -4.21660e+00  8.97251e+01  4.51056e+01
80  12  9.67132e+01          nan -4.38281e+03 -4.39866e+03  1.23424e+03  6.20952e+03 -4.10820e+00  8.97254e+01  4.51034e+01
81   7  3.03842e+01          nan -4.38180e+03 -4.39350e+03  1.32170e+03  6.20535e+03 -1.14823e+03  9.05328e+01  4.50764e+01
82  11  1.08627e+02          nan -4.38290e+03 -4.39819e+03  1.23421e+03  6.20925e+03 -3.48092e+00  8.97251e+01  4.50998e+01
83  13  8.88509e+01          nan -4.38451e+03 -4.39775e+03  1.23438e+03  6.21007e+03 -3.63479e+00  8.97267e+01  4.50863e+01
84  10  7.10384e+01          nan -4.38338e+03 -4.39714e+03  1.23420e+03  6.20885e+03 -2.80210e+00  8.97250e+01  4.50898e+01
85  11  5.89214e+01          nan -4.38435e+03 -4.39626e+03  1.23431e+03  6.20890e+03 -3.52545e+00  8.97260e+01  4.50778e+01
86  11  7.32299e+01          nan -4.38988e+03 -4.41001e+03  1.24265e+03  6.22251e+03 -1.56152e+01  8.98034e+01  4.51311e+01
87   9  3.65971e+01          nan -4.38856e+03 -4.40494e+03  1.24281e+03  6.21799e+03 -1.17591e+01  8.98048e+01  4.51067e+01
88   9  3.49364e+01          nan -4.38450e+03 -4.39195e+03  1.13360e+03  6.20726e+03 -7.39519e+02  8.87962e+01  4.50486e+01
89  10  3.99037e+01          nan -4.38432e+03 -4.39230e+03  1.13874e+03  6.20727e+03 -7.39417e+02  8.88437e+01  4.50521e+01
90   9  4.60919e+01          nan -4.38315e+03 -4.39092e+03  1.26242e+03  6.20421e+03 -7.32520e+02  8.99854e+01  4.50508e+01
91  11  8.37052e+01          nan -4.38303e+03 -4.39672e+03  1.23422e+03  6.20829e+03 -3.16401e+00  8.97251e+01  4.50893e+01
92  11  6.13660e+01          nan -4.38428e+03 -4.39699e+03  1.23432e+03  6.20938e+03 -3.59416e+00  8.97261e+01  4.50829e+01
93   7  7.18056e+01          nan -4.38349e+03 -4.39764e+03  1.23423e+03  6.20928e+03 -2.71224e+00  8.97253e+01  4.50923e+01
94  12  7.42672e+01          nan -4.38461e+03 -4.39716e+03  1.23425e+03  6.20973e+03 -3.15439e+00  8.97255e+01  4.50819e+01
95  11  7.28880e+01          nan -4.38383e+03 -4.39633e+03  1.23421e+03  6.20859e+03 -2.73268e+00  8.97251e+01  4.50816e+01
96  12  1.04616e+02          nan -4.38327e+03 -4.39738e+03  1.23424e+03  6.20894e+03 -3.75076e+00  8.97253e+01  4.50921e+01
97  11  9.40793e+01          nan -4.38396e+03 -4.39758e+03  1.23425e+03  6.20956e+03 -2.98080e+00  8.97255e+01  4.50889e+01
98  10  5.72597e+01          nan -4.38249e+03 -4.39750e+03  1.23423e+03  6.20847e+03 -4.41901e+00  8.97252e+01  4.50980e+01
99  10  7.46771e+01          nan -4.38729e+03 -4.40894e+03  1.24341e+03  6.21992e+03 -1.51812e+01  8.98104e+01  4.51410e+01
100  11  6.68702e+01          nan -4.38375e+03 -4.39622e+03  1.23423e+03  6.20845e+03 -3.24008e+00  8.97253e+01  4.50813e+01
101  11  9.97878e+01          nan -4.38816e+03 -4.40851e+03  1.24256e+03  6.22024e+03 -1.42401e+01  8.98025e+01  4.51325e+01
102  12  9.68167e+01          nan -4.38278e+03 -4.39887e+03  1.23427e+03  6.20965e+03 -4.87342e+00  8.97257e+01  4.51049e+01
103  12  6.00756e+01          nan -4.38433e+03 -4.39685e+03  1.23423e+03  6.20931e+03 -2.74468e+00  8.97253e+01  4.50818e+01
104  10  5.79790e+01          nan -4.38337e+03 -4.39754e+03  1.23423e+03  6.20911e+03 -3.37546e+00  8.97253e+01  4.50925e+01
105  10  7.17585e+01          nan -4.38269e+03 -4.38856e+03  1.27087e+03  6.20221e+03 -7.31593e+02  9.00635e+01  4.50383e+01
106  12  8.50017e+01          nan -4.38333e+03 -4.39824e+03  1.24565e+03  6.20955e+03 -7.36771e+02  8.98307e+01  4.50973e+01
107  11  6.66355e+01          nan -4.38381e+03 -4.39541e+03  1.24911e+03  6.20786e+03 -7.34265e+02  8.98626e+01  4.50757e+01
108  11  7.13285e+01          nan -4.39220e+03 -4.41605e+03  1.24373e+03  6.22843e+03 -2.16031e+01  8.98135e+01  4.51552e+01
109  10  6.70600e+01          nan -4.38302e+03 -4.39825e+03  1.23420e+03  6.20938e+03 -3.05217e+00  8.97250e+01  4.50994e+01
110  12  9.36397e+01          nan -4.38489e+03 -4.39811e+03  1.23423e+03  6.21059e+03 -2.86022e+00  8.97254e+01  4.50862e+01
111  12  9.08299e+01          nan -4.38404e+03 -4.39952e+03  1.23439e+03  6.21099e+03 -4.58363e+00  8.97268e+01  4.51010e+01
112  12  6.33336e+01          nan -4.38236e+03 -4.39936e+03  1.23421e+03  6.20970e+03 -4.66795e+00  8.97252e+01  4.51110e+01
113  11  4.16616e+01          nan -4.38385e+03 -4.39243e+03  1.23754e+03  6.20583e+03 -7.31928e+02  8.97557e+01  4.50560e+01
114   9  4.41350e+01          nan -4.38450e+03 -4.39795e+03  1.23436e+03  6.21020e+03 -3.96680e+00  8.97265e+01  4.50877e+01
115  11  3.77092e+01          nan -4.38350e+03 -4.39785e+03  1.23422e+03  6.20943e+03 -4.14937e+00  8.97252e+01  4.50936e+01
116  11  5.88979e+01          nan -4.38371e+03 -4.39668e+03  1.23423e+03  6.20875e+03 -3.22007e+00  8.97253e+01  4.50847e+01
117  12  4.09771e+01          nan -4.38395e+03 -4.39763e+03  1.23420e+03  6.20959e+03 -3.77008e+00  8.97250e+01  4.50893e+01
118  11  8.81753e+01          nan -4.38104e+03 -4.39258e+03  1.25934e+03  6.20390e+03 -7.34903e+02  8.99569e+01  4.50753e+01
119  11  4.09780e+01          nan -4.38419e+03 -4.39740e+03  1.23423e+03  6.20960e+03 -3.61974e+00  8.97253e+01  4.50862e+01
120  10  6.38080e+01          nan -4.38419e+03 -4.39682e+03  1.23427e+03  6.20919e+03 -2.39409e+00  8.97257e+01  4.50824e+01
121  10  7.69675e+01          nan -4.38384e+03 -4.39900e+03  1.23443e+03  6.21049e+03 -4.72797e+00  8.97272e+01  4.50989e+01
122  10  6.27860e+01          nan -4.38311e+03 -4.39717e+03  1.23427e+03  6.20868e+03 -3.51794e+00  8.97256e+01  4.50917e+01
123  13  1.02570e+02          nan -4.38442e+03 -4.39743e+03  1.23426e+03  6.20978e+03 -2.23095e+00  8.97256e+01  4.50849e+01
124  12  5.21453e+01          nan -4.38364e+03 -4.39723e+03  1.23428e+03  6.20910e+03 -3.75122e+00  8.97258e+01  4.50886e+01
125  10  3.46324e+01          nan -4.38507e+03 -4.39689e+03  1.23432e+03  6.20986e+03 -3.47753e+00  8.97261e+01  4.50772e+01
126  12  1.25441e+02          nan -4.38274e+03 -4.39973e+03  1.23424e+03  6.21022e+03 -3.97366e+00  8.97254e+01  4.51109e+01
127   8  1.18087e+01          nan -4.38801e+03 -4.40638e+03  1.32483e+03  6.21888e+03 -1.16107e+03  9.05604e+01  4.51197e+01
128  10  6.83310e+01          nan -4.38299e+03 -4.39793e+03  1.23422e+03  6.20913e+03 -3.64250e+00  8.97252e+01  4.50975e+01
129   8  2.91804e+01          nan -4.38422e+03 -4.39446e+03  1.31588e+03  6.20768e+03 -7.37011e+02  9.04789e+01  4.50668e+01
130  10  7.36923e+01          nan -4.38269e+03 -4.39816e+03  1.23420e+03  6.20908e+03 -3.54587e+00  8.97250e+01  4.51010e+01
131  11  7.95062e+01          nan -4.38429e+03 -4.39716e+03  1.23423e+03  6.20950e+03 -1.85051e+00  8.97253e+01  4.50840e+01
132  13  1.16475e+02          nan -4.38323e+03 -4.39849e+03  1.23425e+03  6.20970e+03 -3.32691e+00  8.97255e+01  4.50996e+01
133  11  9.77217e+01          nan -4.38393e+03 -4.39815e+03  1.23423e+03  6.20995e+03 -2.56203e+00  8.97253e+01  4.50928e+01
134  12  9.40489e+01          nan -4.38154e+03 -4.39290e+03  1.24416e+03  6.20450e+03 -7.34900e+02  8.98168e+01  4.50742e+01
135  10  5.45860e+01          nan -4.38336e+03 -4.39732e+03  1.23422e+03  6.20896e+03 -3.23104e+00  8.97252e+01  4.50911e+01
136  13  6.67518e+01          nan -4.38358e+03 -4.39748e+03  1.23424e+03  6.20922e+03 -2.81206e+00  8.97254e+01  4.50907e+01
137  11  1.01514e+02          nan -4.38343e+03 -4.39915e+03  1.24370e+03  6.21026e+03 -7.37646e+02  8.98127e+01  4.51025e+01
138  11  8.19092e+01          nan -4.38341e+03 -4.39886e+03  1.23426e+03  6.21009e+03 -3.51966e+00  8.97256e+01  4.51008e+01
139   9  2.69219e+01          nan -4.38303e+03 -4.39046e+03  1.28032e+03  6.20381e+03 -7.31792e+02  9.01508e+01  4.50485e+01
140   9  3.83057e+01          nan -4.38393e+03 -4.39788e+03  1.23425e+03  6.20976e+03 -3.25861e+00  8.97255e+01  4.50910e+01
141  10  4.02912e+01          nan -4.38421e+03 -4.39757e+03  1.23427e+03  6.20974e+03 -3.19103e+00  8.97257e+01  4.50872e+01
142  10  4.42725e+01          nan -4.38297e+03 -4.39877e+03  1.23427e+03  6.20971e+03 -4.59821e+00  8.97257e+01  4.51030e+01
143  13  7.36119e+01          nan -4.38588e+03 -4.39729e+03  1.23427e+03  6.21071e+03 -1.42796e+00  8.97257e+01  4.50745e+01
144   9  7.19064e+01          nan -4.38217e+03 -4.38790e+03  1.25581e+03  6.20138e+03 -7.30838e+02  8.99244e+01  4.50374e+01
145  12  6.66197e+01          nan -4.38311e+03 -4.39705e+03  1.23424e+03  6.20859e+03 -3.33169e+00  8.97253e+01  4.50910e+01
146  14  1.06346e+02          nan -4.38301e+03 -4.40045e+03  1.23434e+03  6.21092e+03 -5.60465e+00  8.97264e+01  4.51138e+01
147  11  7.70820e+01          nan -4.38415e+03 -4.39873e+03  1.23426e+03  6.21052e+03 -3.86929e+00  8.97256e+01  4.50951e+01
148  11  3.70383e+01          nan -4.38544e+03 -4.39613e+03  1.23428e+03  6.20959e+03 -1.97382e+00  8.97258e+01  4.50698e+01
149  13  1.19649e+02          nan -4.38431e+03 -4.39768e+03  1.23428e+03  6.20988e+03 -1.99975e+00  8.97258e+01  4.50872e+01
150  10  6.92954e+01          nan -4.38464e+03 -4.40303e+03  1.23935e+03  6.21388e+03 -8.90987e+00  8.97727e+01  4.51199e+01
151  11  9.58907e+01          nan -4.38213e+03 -4.38718e+03  1.27386e+03  6.20085e+03 -7.31348e+02  9.00911e+01  4.50330e+01
152   9  2.45958e+01          nan -4.38570e+03 -4.39616e+03  1.23408e+03  6.20979e+03 -3.03093e+00  8.97239e+01  4.50682e+01
153   9  1.70312e+01          nan -4.38233e+03 -4.38704e+03  1.32757e+03  6.20120e+03 -7.34396e+02  9.05874e+01  4.50307e+01
154  11  6.65660e+01          nan -4.38215e+03 -4.39798e+03  1.23426e+03  6.20857e+03 -4.31774e+00  8.97256e+01  4.51033e+01
155  11  8.85917e+01          nan -4.38148e+03 -4.39030e+03  1.24627e+03  6.20261e+03 -7.32857e+02  8.98362e+01  4.50576e+01
156  12  6.63995e+01          nan -4.38288e+03 -4.39809e+03  1.23428e+03  6.20916e+03 -3.55677e+00  8.97257e+01  4.50992e+01
157   9  3.03272e+01          nan -4.38436e+03 -4.39816e+03  1.23453e+03  6.21026e+03 -4.27090e+00  8.97281e+01  4.50900e+01
158   9  5.49435e+01          nan -4.38153e+03 -4.39958e+03  1.23426e+03  6.20927e+03 -4.96191e+00  8.97256e+01  4.51178e+01
159  13  1.17100e+02          nan -4.38225e+03 -4.40476e+03  1.23435e+03  6.21344e+03 -8.56778e+00  8.97266e+01  4.51468e+01
160  11  8.77588e+01          nan -4.38279e+03 -4.39546e+03  1.24791e+03  6.20718e+03 -7.35376e+02  8.98515e+01  4.50827e+01
161  12  7.68696e+01          nan -4.38220e+03 -4.39890e+03  1.23426e+03  6.20926e+03 -3.82191e+00  8.97255e+01  4.51089e+01
162  15  1.34168e+02          nan -4.38346e+03 -4.40165e+03  1.23433e+03  6.21210e+03 -5.29355e+00  8.97263e+01  4.51186e+01
163  12  4.52764e+01          nan -4.38402e+03 -4.39854e+03  1.23426e+03  6.21029e+03 -3.19134e+00  8.97256e+01  4.50947e+01
164  11  6.64098e+01          nan -4.38306e+03 -4.39815e+03  1.23425e+03  6.20934e+03 -3.30668e+00  8.97255e+01  4.50985e+01
165  10  7.45059e+01          nan -4.38552e+03 -4.39947e+03  1.23722e+03  6.21199e+03 -4.98128e+00  8.97530e+01  4.50910e+01
166  10  2.61820e+01          nan -4.38295e+03 -4.38335e+03  1.24469e+03  6.19874e+03 -7.27071e+02  8.98215e+01  4.50026e+01
167  12  1.00976e+02          nan -4.38337e+03 -4.39944e+03  1.23431e+03  6.21047e+03 -3.29532e+00  8.97261e+01  4.51048e+01
168  12  3.59863e+01          nan -4.38445e+03 -4.39831e+03  1.23427e+03  6.21043e+03 -2.67719e+00  8.97257e+01  4.50904e+01
169   8  5.37609e+01          nan -4.38418e+03 -4.39726e+03  1.23430e+03  6.20949e+03 -2.14627e+00  8.97260e+01  4.50853e+01
170  11  5.96681e+01          nan -4.38349e+03 -4.39773e+03  1.23428e+03  6.20933e+03 -2.79203e+00  8.97258e+01  4.50929e+01
171   9  7.95995e+01          nan -4.38292e+03 -4.39766e+03  1.25354e+03  6.20882e+03 -7.36771e+02  8.99035e+01  4.50962e+01
172  11  4.60955e+01          nan -4.38521e+03 -4.39757e+03  1.23428e+03  6.21045e+03 -1.89176e+00  8.97258e+01  4.50806e+01
173  10  9.77144e+01          nan -4.38335e+03 -4.39971e+03  1.23428e+03  6.21065e+03 -2.82377e+00  8.97258e+01  4.51067e+01
174  11  3.46887e+01          nan -4.38565e+03 -4.39878e+03  1.23434e+03  6.21161e+03 -3.21582e+00  8.97264e+01  4.50856e+01
175  12  9.47870e+01          nan -4.38334e+03 -4.39877e+03  1.23433e+03  6.20997e+03 -3.31788e+00  8.97262e+01  4.51006e+01
176   8  2.19432e+01          nan -4.38113e+03 -4.39671e+03  1.35264e+03  6.20752e+03 -7.44718e+02  9.08182e+01  4.51017e+01
177  10  3.81961e+01          nan -4.38340e+03 -4.39845e+03  1.23432e+03  6.20979e+03 -3.76029e+00  8.97261e+01  4.50982e+01
178  10  6.37968e+01          nan -4.38274e+03 -4.39925e+03  1.23430e+03  6.20989e+03 -3.84625e+00  8.97260e+01  4.51077e+01
179  13  1.15513e+02          nan -4.38327e+03 -4.40014e+03  1.23433e+03  6.21089e+03 -3.30264e+00  8.97263e+01  4.51101e+01
180  10  4.14764e+01          nan -4.38389e+03 -4.39833e+03  1.23433e+03  6.21004e+03 -3.55852e+00  8.97262e+01  4.50942e+01
181  11  8.30263e+01          nan -4.38298e+03 -4.39808e+03  1.23430e+03  6.20923e+03 -3.19124e+00  8.97260e+01  4.50985e+01
182   9  2.92018e+01          nan -4.38679e+03 -4.39638e+03  1.23431e+03  6.21072e+03 -1.79671e+00  8.97261e+01  4.50626e+01
183  12  7.00349e+01          nan -4.38401e+03 -4.40085e+03  1.23437e+03  6.21192e+03 -4.78784e+00  8.97267e+01  4.51099e+01
184  13  9.06524e+01          nan -4.38356e+03 -4.40041e+03  1.23435e+03  6.21129e+03 -4.13550e+00  8.97265e+01  4.51099e+01
185  10  7.46739e+01          nan -4.38364e+03 -4.39793e+03  1.23432e+03  6.20959e+03 -2.51357e+00  8.97261e+01  4.50932e+01
186  11  6.54451e+01          nan -4.38331e+03 -4.39876e+03  1.23430e+03  6.20995e+03 -3.02994e+00  8.97260e+01  4.51008e+01
187  12  8.89065e+01          nan -4.38252e+03 -4.39170e+03  1.24317e+03  6.20435e+03 -7.33608e+02  8.98076e+01  4.50599e+01
188  11  5.40497e+01          nan -4.38336e+03 -4.39828e+03  1.23431e+03  6.20963e+03 -3.28401e+00  8.97260e+01  4.50974e+01
189  11  7.06036e+01          nan -4.38400e+03 -4.40046e+03  1.23437e+03  6.21163e+03 -4.63414e+00  8.97267e+01  4.51074e+01
190  11  7.28948e+01          nan -4.38213e+03 -4.39116e+03  1.25880e+03  6.20366e+03 -7.33993e+02  8.99520e+01  4.50590e+01
191  12  7.30759e+01          nan -4.38463e+03 -4.39894e+03  1.23433e+03  6.21100e+03 -2.80868e+00  8.97263e+01  4.50934e+01
192  13  8.95604e+01          nan -4.38393e+03 -4.39906e+03  1.23430e+03  6.21059e+03 -2.65903e+00  8.97260e+01  4.50987e+01
193  12  1.05379e+02          nan -4.38498e+03 -4.39931e+03  1.23430e+03  6.21152e+03 -2.44508e+00  8.97260e+01  4.50935e+01
194   9  4.03475e+01          nan -4.38192e+03 -4.38631e+03  1.29849e+03  6.20017e+03 -7.31965e+02  9.03187e+01  4.50287e+01
195  10  2.92402e+01          nan -4.38411e+03 -4.37504e+03  1.26470e+03  6.19366e+03 -7.20762e+02  9.00065e+01  4.49406e+01
196  11  8.71079e+01          nan -4.38388e+03 -4.39711e+03  1.23431e+03  6.20918e+03 -2.07865e+00  8.97260e+01  4.50863e+01
197  11  9.15598e+01          nan -4.38408e+03 -4.39704e+03  1.23431e+03  6.20926e+03 -1.64334e+00  8.97261e+01  4.50846e+01
198  11  7.36997e+01          nan -4.38328e+03 -4.40028e+03  1.23432e+03  6.21100e+03 -4.62146e+00  8.97262e+01  4.51109e+01
199  12  5.47263e+01          nan -4.38526e+03 -4.39683e+03  1.23432e+03  6.20995e+03 -1.86430e+00  8.97261e+01  4.50755e+01
200  11  3.13335e+01          nan -4.38385e+03 -4.38605e+03  1.27419e+03  6.20126e+03 -7.28584e+02  9.00941e+01  4.50144e+01
201   9  3.53756e+01          nan -4.38252e+03 -4.39129e+03  1.28562e+03  6.20406e+03 -7.34107e+02  9.01996e+01  4.50572e+01
202   7  4.92961e+01          nan -4.38591e+03 -4.39665e+03  1.23436e+03  6.21029e+03 -9.74213e-01  8.97266e+01  4.50701e+01
203  11  7.76315e+01          nan -4.38393e+03 -4.39837e+03  1.23432e+03  6.21010e+03 -1.91558e+00  8.97262e+01  4.50942e+01
204  10  6.72487e+01          nan -4.38554e+03 -4.39873e+03  1.23434e+03  6.21150e+03 -1.44329e+00  8.97264e+01  4.50860e+01
205  11  1.21592e+02          nan -4.38448e+03 -4.39713e+03  1.23436e+03  6.20961e+03 -1.53665e+00  8.97265e+01  4.50825e+01
206  11  7.83031e+01          nan -4.38378e+03 -4.39758e+03  1.23434e+03  6.20944e+03 -2.40315e+00  8.97263e+01  4.50901e+01
207   9  2.43061e+01          nan -4.38078e+03 -4.38766e+03  1.29611e+03  6.20031e+03 -7.32790e+02  9.02967e+01  4.50449e+01
208  10  2.57145e+01          nan -4.38078e+03 -4.39077e+03  1.29255e+03  6.20250e+03 -7.34888e+02  9.02638e+01  4.50652e+01
209  10  6.49873e+01          nan -4.38404e+03 -4.39743e+03  1.23432e+03  6.20951e+03 -2.59323e+00  8.97261e+01  4.50874e+01
210   8  3.71207e+01          nan -4.38422e+03 -4.39725e+03  1.23437e+03  6.20952e+03 -3.01766e+00  8.97266e+01  4.50850e+01
211  12  1.14082e+02          nan -4.38329e+03 -4.39856e+03  1.23435e+03  6.20979e+03 -3.16928e+00  8.97264e+01  4.50996e+01
212  11  6.80916e+01          nan -4.38412e+03 -4.39744e+03  1.23432e+03  6.20958e+03 -2.27049e+00  8.97262e+01  4.50869e+01
213  12  5.25238e+01          nan -4.38533e+03 -4.39720e+03  1.23449e+03  6.21027e+03 -3.07775e+00  8.97277e+01  4.50774e+01
214  11  8.16567e+01          nan -4.38614e+03 -4.39696e+03  1.23448e+03  6.21066e+03 -2.22653e+00  8.97276e+01  4.50706e+01
215  12  4.85195e+01          nan -4.38588e+03 -4.39652e+03  1.23439e+03  6.21017e+03 -1.73375e+00  8.97268e+01  4.50694e+01
216  12  1.01776e+02          nan -4.38449e+03 -4.39900e+03  1.23438e+03  6.21095e+03 -2.61049e+00  8.97267e+01  4.50946e+01
217   9  6.50791e+01          nan -4.38397e+03 -4.39853e+03  1.23433e+03  6.21025e+03 -2.10399e+00  8.97263e+01  4.50950e+01
218  13  7.99074e+01          nan -4.38391e+03 -4.39976e+03  1.23436e+03  6.21108e+03 -3.77117e+00  8.97266e+01  4.51034e+01
219   9  3.59669e+01          nan -4.38484e+03 -4.39737e+03  1.23439e+03  6.21003e+03 -2.41651e+00  8.97268e+01  4.50818e+01
220  11  7.18664e+01          nan -4.38313e+03 -4.39850e+03  1.23433e+03  6.20964e+03 -2.75151e+00  8.97262e+01  4.51003e+01
221  12  8.71890e+01          nan -4.38490e+03 -4.39820e+03  1.23436e+03  6.21067e+03 -1.88498e+00  8.97266e+01  4.50868e+01
222  13  7.86020e+01          nan -4.38472e+03 -4.39853e+03  1.23434e+03  6.21077e+03 -2.26167e+00  8.97264e+01  4.50901e+01
223  11  6.05900e+01          nan -4.38302e+03 -4.39959e+03  1.23433e+03  6.21033e+03 -3.25006e+00  8.97263e+01  4.51081e+01
224  13  8.29459e+01          nan -4.38462e+03 -4.39899e+03  1.23434e+03  6.21103e+03 -2.42214e+00  8.97264e+01  4.50937e+01
225  13  1.08167e+02          nan -4.38370e+03 -4.39822e+03  1.23434e+03  6.20984e+03 -2.67888e+00  8.97264e+01  4.50947e+01
226  12  6.87145e+01          nan -4.38366e+03 -4.40016e+03  1.23443e+03  6.21118e+03 -5.11192e+00  8.97273e+01  4.51076e+01
227  11  3.06771e+01          nan -4.38370e+03 -4.39326e+03  1.24818e+03  6.20627e+03 -7.32840e+02  8.98540e+01  4.50624e+01
228  11  6.31186e+01          nan -4.38477e+03 -4.39923e+03  1.24338e+03  6.21127e+03 -1.14995e+03  8.98097e+01  4.50943e+01
229  13  1.10402e+02          nan -4.38356e+03 -4.39916e+03  1.23435e+03  6.21040e+03 -2.47235e+00  8.97265e+01  4.51018e+01
230  11  8.25340e+01          nan -4.38347e+03 -4.39962e+03  1.23434e+03  6.21066e+03 -3.12454e+00  8.97264e+01  4.51053e+01
231  12  6.45367e+01          nan -4.38355e+03 -4.39855e+03  1.23435e+03  6.20996e+03 -2.90237e+00  8.97265e+01  4.50979e+01
232  11  6.89992e+01          nan -4.38425e+03 -4.39719e+03  1.23436e+03  6.20950e+03 -1.96035e+00  8.97265e+01  4.50844e+01
233  11  6.48848e+01          nan -4.38446e+03 -4.39866e+03  1.23439e+03  6.21068e+03 -3.08610e+00  8.97268e+01  4.50926e+01
234  11  5.31851e+01          nan -4.38261e+03 -4.39406e+03  1.23313e+03  6.20613e+03 -7.33247e+02  8.97150e+01  4.50747e+01
235  10  6.36266e+01          nan -4.38293e+03 -4.38709e+03  1.24506e+03  6.20137e+03 -7.29728e+02  8.98250e+01  4.50272e+01
236  10  2.80343e+01          nan -4.38556e+03 -4.39691e+03  1.23441e+03  6.21022e+03 -2.02960e+00  8.97270e+01  4.50741e+01
237  12  9.52944e+01          nan -4.38270e+03 -4.40048e+03  1.23437e+03  6.21073e+03 -4.59357e+00  8.97267e+01  4.51160e+01
238  13  8.55409e+01          nan -4.38378e+03 -4.39884e+03  1.23436e+03  6.21033e+03 -3.05723e+00  8.97266e+01  4.50983e+01
239  10  5.79636e+01          nan -4.38361e+03 -4.39791e+03  1.23435e+03  6.20955e+03 -3.09815e+00  8.97264e+01  4.50933e+01
240  13  9.73473e+01          nan -4.38413e+03 -4.39906e+03  1.23434e+03  6.21074e+03 -2.96682e+00  8.97264e+01  4.50974e+01
241  10  3.80448e+01          nan -4.38338e+03 -4.39546e+03  1.24105e+03  6.20763e+03 -7.34689e+02  8.97882e+01  4.50788e+01
242  10  5.46707e+01          nan -4.38338e+03 -4.39920e+03  1.23435e+03  6.21030e+03 -2.79200e+00  8.97265e+01  4.51032e+01
243  13  9.35902e+01          nan -4.38442e+03 -4.39979e+03  1.23437e+03  6.21145e+03 -2.28227e+00  8.97267e+01  4.51003e+01
244  11  1.02666e+02          nan -4.38454e+03 -4.39833e+03  1.23435e+03  6.21050e+03 -9.72888e-01  8.97265e+01  4.50900e+01
245  10  3.22545e+01          nan -4.38251e+03 -4.38783e+03  1.22716e+03  6.20168e+03 -7.30704e+02  8.96596e+01  4.50347e+01
246  10  4.82297e+01          nan -4.38349e+03 -4.39848e+03  1.23439e+03  6.20987e+03 -3.29433e+00  8.97268e+01  4.50978e+01
247  10  4.71058e+01          nan -4.38348e+03 -4.39850e+03  1.23438e+03  6.20988e+03 -3.30044e+00  8.97267e+01  4.50980e+01
248  12  8.70355e+01          nan -4.38440e+03 -4.39834e+03  1.23437e+03  6.21041e+03 -2.26456e+00  8.97267e+01  4.50910e+01
249  10  7.64104e+01          nan -4.38382e+03 -4.39890e+03  1.23441e+03  6.21040e+03 -3.13275e+00  8.97270e+01  4.50984e+01
250  11  1.24361e+02          nan -4.38307e+03 -4.39826e+03  1.23437e+03  6.20942e+03 -2.32309e+00  8.97266e+01  4.50991e+01
251  12  9.42780e+01          nan -4.38440e+03 -4.39731e+03  1.23440e+03  6.20968e+03 -1.82047e+00  8.97269e+01  4.50842e+01
252  10  6.46516e+01          nan -4.38337e+03 -4.39759e+03  1.23438e+03  6.20916e+03 -3.01717e+00  8.97267e+01  4.50928e+01
253  11  5.75374e+01          nan -4.38314e+03 -4.39771e+03  1.24938e+03  6.20902e+03 -7.36440e+02  8.98651e+01  4.50950e+01
254   9  3.05151e+01          nan -4.38561e+03 -4.39833e+03  1.23453e+03  6.21126e+03 -3.23819e+00  8.97281e+01  4.50830e+01
255  13  6.59706e+01          nan -4.38398e+03 -4.39782e+03  1.23438e+03  6.20975e+03 -2.43917e+00  8.97267e+01  4.50903e+01
256   8  3.42653e+01          nan -4.38413e+03 -4.39820e+03  1.23444e+03  6.21013e+03 -3.48496e+00  8.97273e+01  4.50918e+01
257  12  7.12884e+01          nan -4.38503e+03 -4.39750e+03  1.23444e+03  6.21027e+03 -2.50984e+00  8.97273e+01  4.50814e+01
258  11  7.71694e+01          nan -4.38145e+03 -4.39262e+03  1.24559e+03  6.20424e+03 -7.34891e+02  8.98300e+01  4.50729e+01
259  10  6.12881e+01          nan -4.38373e+03 -4.39796e+03  1.23440e+03  6.20967e+03 -2.39943e+00  8.97269e+01  4.50929e+01
260  10  2.45970e+01          nan -4.38364e+03 -4.38404e+03  1.26060e+03  6.19969e+03 -7.27362e+02  8.99686e+01  4.50027e+01
261  11  7.79515e+01          nan -4.38434e+03 -4.39839e+03  1.23439e+03  6.21041e+03 -2.33102e+00  8.97269e+01  4.50917e+01
262  12  5.83795e+01          nan -4.38633e+03 -4.40267e+03  1.25330e+03  6.21478e+03 -1.15438e+03  8.99014e+01  4.51065e+01
263  11  6.98775e+01          nan -4.38508e+03 -4.39731e+03  1.23442e+03  6.21016e+03 -1.15246e+00  8.97271e+01  4.50798e+01
264  13  9.44332e+01          nan -4.38411e+03 -4.40007e+03  1.23438e+03  6.21143e+03 -3.68046e+00  8.97268e+01  4.51041e+01
265  11  5.64087e+01          nan -4.38517e+03 -4.39886e+03  1.23506e+03  6.21133e+03 -3.99300e+00  8.97331e+01  4.50893e+01
266  10  4.54053e+01          nan -4.38542e+03 -4.39630e+03  1.23445e+03  6.20969e+03 -2.27010e+00  8.97273e+01  4.50710e+01
267  12  6.71842e+01          nan -4.38429e+03 -4.39848e+03  1.23438e+03  6.21043e+03 -2.30123e+00  8.97268e+01  4.50925e+01
268   9  4.75096e+01          nan -4.38441e+03 -4.39797e+03  1.23439e+03  6.21016e+03 -2.17097e+00  8.97268e+01  4.50884e+01
269  10  2.32194e+01          nan -4.38248e+03 -4.38922e+03  1.25541e+03  6.20253e+03 -7.31185e+02  8.99206e+01  4.50440e+01
270  10  3.22987e+01          nan -4.38427e+03 -4.39793e+03  1.23438e+03  6.21003e+03 -2.76073e+00  8.97267e+01  4.50891e+01
271  12  7.63704e+01          nan -4.38262e+03 -4.39434e+03  1.23847e+03  6.20630e+03 -7.34407e+02  8.97643e+01  4.50765e+01
272  10  4.11748e+01          nan -4.38423e+03 -4.39804e+03  1.23442e+03  6.21008e+03 -2.69114e+00  8.97271e+01  4.50901e+01
273   9  4.01035e+01          nan -4.38324e+03 -4.39405e+03  1.25075e+03  6.20650e+03 -7.33923e+02  8.98777e+01  4.50706e+01
274  12  5.38903e+01          nan -4.38440e+03 -4.39840e+03  1.23440e+03  6.21046e+03 -2.64479e+00  8.97270e+01  4.50914e+01
275  12  8.94307e+01          nan -4.38431e+03 -4.39842e+03  1.23443e+03  6.21040e+03 -2.10888e+00  8.97272e+01  4.50920e+01
276  12  5.49950e+01          nan -4.38373e+03 -4.39829e+03  1.23443e+03  6.20991e+03 -2.79528e+00  8.97271e+01  4.50950e+01
277   9  4.46158e+01          nan -4.38445e+03 -4.39697e+03  1.23440e+03  6.20948e+03 -2.07069e+00  8.97268e+01  4.50816e+01
278  10  3.66072e+01          nan -4.38419e+03 -4.39089e+03  1.23771e+03  6.20498e+03 -7.30863e+02  8.97573e+01  4.50438e+01
279  12  1.33677e+02          nan -4.38385e+03 -4.40142e+03  1.23443e+03  6.21221e+03 -4.81833e+00  8.97273e+01  4.51146e+01
280  11  1.03060e+02          nan -4.38405e+03 -4.39852e+03  1.23444e+03  6.21029e+03 -2.73967e+00  8.97273e+01  4.50945e+01
281  12  3.77366e+01          nan -4.38193e+03 -4.39205e+03  1.24313e+03  6.20418e+03 -7.33699e+02  8.98072e+01  4.50661e+01
282  11  9.30669e+01          nan -4.38484e+03 -4.39959e+03  1.23444e+03  6.21161e+03 -3.18311e+00  8.97274e+01  4.50962e+01
283   7  1.81673e+01          nan -4.38515e+03 -4.39159e+03  1.26100e+03  6.20610e+03 -7.31219e+02  8.99723e+01  4.50420e+01
284  10  3.71866e+01          nan -4.38465e+03 -4.39776e+03  1.23443e+03  6.21018e+03 -3.15674e+00  8.97272e+01  4.50855e+01
285  11  6.00031e+01          nan -4.38372e+03 -4.39867e+03  1.23443e+03  6.21016e+03 -2.99810e+00  8.97271e+01  4.50975e+01
286   9  6.25927e+01          nan -4.38132e+03 -4.39133e+03  1.27887e+03  6.20322e+03 -7.34693e+02  9.01374e+01  4.50653e+01
287  12  8.19228e+01          nan -4.38478e+03 -4.39793e+03  1.23446e+03  6.21039e+03 -2.27491e+00  8.97275e+01  4.50858e+01
288  10  2.91541e+01          nan -4.38560e+03 -4.39739e+03  1.23443e+03  6.21059e+03 -1.91450e+00  8.97272e+01  4.50769e+01
289   9  3.49726e+01          nan -4.38290e+03 -4.39117e+03  1.28301e+03  6.20423e+03 -7.33073e+02  9.01756e+01  4.50540e+01
290  12  8.74152e+01          nan -4.38419e+03 -4.39933e+03  1.23445e+03  6.21097e+03 -3.48355e+00  8.97274e+01  4.50988e+01
291   9  2.91341e+01          nan -4.38468e+03 -4.39857e+03  1.23446e+03  6.21078e+03 -3.14393e+00  8.97275e+01  4.50906e+01
292  10  9.14784e+01          nan -4.38439e+03 -4.39867e+03  1.23446e+03  6.21064e+03 -2.41973e+00  8.97275e+01  4.50931e+01
293   9  4.73226e+01          nan -4.38479e+03 -4.39810e+03  1.23445e+03  6.21052e+03 -1.73030e+00  8.97274e+01  4.50868e+01
294   9  2.43182e+01          nan -4.38501e+03 -4.39729e+03  1.29013e+03  6.21009e+03 -7.36123e+02  9.02410e+01  4.50801e+01
295  10  6.83563e+01          nan -4.38356e+03 -4.40016e+03  1.23446e+03  6.21111e+03 -3.98131e+00  8.97275e+01  4.51083e+01
296  11  2.44418e+01          nan -4.38589e+03 -4.39893e+03  1.23486e+03  6.21188e+03 -3.38232e+00  8.97312e+01  4.50851e+01
297  10  2.64331e+01          nan -4.38514e+03 -4.39805e+03  1.23448e+03  6.21072e+03 -2.62640e+00  8.97277e+01  4.50842e+01
298  10  1.69962e+01          nan -4.38251e+03 -4.39190e+03  1.29426e+03  6.20452e+03 -7.34365e+02  9.02795e+01  4.50614e+01
299  11  4.41099e+01          nan -4.38499e+03 -4.39802e+03  1.23442e+03  6.21060e+03 -1.72343e+00  8.97271e+01  4.50850e+01
300  11  5.07467e+01          nan -4.38934e+03 -4.41107e+03  1.23706e+03  6.22290e+03 -1.43635e+01  8.97520e+01  4.51415e+01
301  12  6.70411e+01          nan -4.38515e+03 -4.40142e+03  1.23449e+03  6.21313e+03 -4.20714e+00  8.97278e+01  4.51061e+01
302  11  8.77167e+01          nan -4.38581e+03 -4.39787e+03  1.23445e+03  6.21108e+03 -7.25631e-01  8.97274e+01  4.50787e+01
303  10  6.71713e+01          nan -4.38426e+03 -4.40040e+03  1.26143e+03  6.21170e+03 -7.37570e+02  8.99763e+01  4.51052e+01
304   7  6.85961e+00          nan -4.38399e+03 -4.39915e+03  1.37176e+03  6.21156e+03 -7.47603e+02  9.09940e+01  4.50989e+01
305  11  8.73499e+01          nan -4.38393e+03 -4.39929e+03  1.23449e+03  6.21075e+03 -3.57591e+00  8.97277e+01  4.51002e+01
306  11  5.93113e+01          nan -4.38416e+03 -4.39808e+03  1.23447e+03  6.21006e+03 -2.72709e+00  8.97276e+01  4.50909e+01
307  10  3.58628e+01          nan -4.38526e+03 -4.39715e+03  1.23446e+03  6.21018e+03 -1.98029e+00  8.97274e+01  4.50775e+01
308  12  4.01384e+01          nan -4.38442e+03 -4.39820e+03  1.23447e+03  6.21033e+03 -2.57149e+00  8.97276e+01  4.50899e+01
309  11  7.57818e+01          nan -4.38417e+03 -4.39907e+03  1.23446e+03  6.21076e+03 -2.97246e+00  8.97275e+01  4.50972e+01
310  13  1.02525e+02          nan -4.38446e+03 -4.39830e+03  1.23448e+03  6.21043e+03 -2.12133e+00  8.97276e+01  4.50902e+01
311  11  6.37379e+01          nan -4.38464e+03 -4.39585e+03  1.25749e+03  6.20876e+03 -7.34131e+02  8.99399e+01  4.50731e+01
312  10  2.60929e+01          nan -4.38242e+03 -4.39326e+03  1.30116e+03  6.20546e+03 -7.36315e+02  9.03431e+01  4.50708e+01
313  11  7.20486e+01          nan -4.38338e+03 -4.38951e+03  1.26834e+03  6.20337e+03 -7.31172e+02  9.00401e+01  4.50400e+01
314  11  1.81565e+01          nan -4.38327e+03 -4.39011e+03  1.28477e+03  6.20375e+03 -7.32463e+02  9.01919e+01  4.50447e+01
315  11  3.61099e+01          nan -4.38240e+03 -4.39502e+03  1.30150e+03  6.20669e+03 -7.37859e+02  9.03462e+01  4.50824e+01
316  10  2.20809e+01          nan -4.38419e+03 -4.39900e+03  1.28341e+03  6.21069e+03 -1.15045e+03  9.01791e+01  4.50966e+01
317   9  1.68598e+01          nan -4.38473e+03 -4.38921e+03  1.26504e+03  6.20412e+03 -7.29346e+02  9.00096e+01  4.50293e+01
318  10  8.25897e+01          nan -4.38471e+03 -4.39806e+03  1.23449e+03  6.21043e+03 -2.12387e+00  8.97277e+01  4.50871e+01
319  11  3.28332e+01          nan -4.38532e+03 -4.39784e+03  1.23445e+03  6.21071e+03 -2.09476e+00  8.97273e+01  4.50816e+01
320  11  7.78362e+01          nan -4.38433e+03 -4.39872e+03  1.23445e+03  6.21063e+03 -2.34295e+00  8.97273e+01  4.50939e+01
321  10  5.63467e+01          nan -4.38714e+03 -4.39757e+03  1.23460e+03  6.21180e+03 -1.37159e+00  8.97289e+01  4.50680e+01
322  11  5.25076e+01          nan -4.38413e+03 -4.39764e+03  1.23447e+03  6.20973e+03 -2.31553e+00  8.97275e+01  4.50882e+01
323  10  8.59423e+01          nan -4.38326e+03 -4.40042e+03  1.23446e+03  6.21108e+03 -3.51258e+00  8.97275e+01  4.51119e+01
324   9  3.72782e+01          nan -4.38548e+03 -4.39787e+03  1.23446e+03  6.21084e+03 -1.82972e+00  8.97275e+01  4.50808e+01
325  10  7.81044e+01          nan -4.38467e+03 -4.39833e+03  1.23446e+03  6.21059e+03 -1.98604e+00  8.97275e+01  4.50891e+01
326  10  5.57547e+01          nan -4.38547e+03 -4.39878e+03  1.23462e+03  6.21147e+03 -3.11460e+00  8.97290e+01  4.50868e+01
327  11  2.21506e+01          nan -4.38324e+03 -4.38907e+03  1.28343e+03  6.20299e+03 -7.31574e+02  9.01794e+01  4.50381e+01
328  10  1.68343e+01          nan -4.38642e+03 -4.39692e+03  1.18361e+03  6.21129e+03 -7.35667e+02  8.92584e+01  4.50685e+01
329  10  6.20537e+01          nan -4.38319e+03 -4.39881e+03  1.23447e+03  6.20989e+03 -2.80474e+00  8.97275e+01  4.51019e+01
330  12  6.36541e+01          nan -4.38539e+03 -4.39954e+03  1.23448e+03  6.21196e+03 -2.94420e+00  8.97277e+01  4.50923e+01
331  10  6.61004e+01          nan -4.38379e+03 -4.39973e+03  1.23446e+03  6.21097e+03 -3.61184e+00  8.97275e+01  4.51040e+01
332  13  8.51687e+01          nan -4.38387e+03 -4.40029e+03  1.23447e+03  6.21142e+03 -3.40050e+00  8.97276e+01  4.51071e+01
333   8  7.29142e+01          nan -4.38219e+03 -4.38908e+03  1.28708e+03  6.20227e+03 -7.33190e+02  9.02132e+01  4.50450e+01
334  10  5.15145e+01          nan -4.38733e+03 -4.40792e+03  1.23626e+03  6.21926e+03 -1.11149e+01  8.97444e+01  4.51341e+01
335  12  5.62624e+01          nan -4.38476e+03 -4.39756e+03  1.23448e+03  6.21012e+03 -1.79856e+00  8.97276e+01  4.50835e+01
336  10  4.27622e+01          nan -4.38380e+03 -4.39786e+03  1.23448e+03  6.20965e+03 -2.84914e+00  8.97276e+01  4.50917e+01
337  10  2.72515e+01          nan -4.38125e+03 -4.39490e+03  1.30167e+03  6.20580e+03 -7.38243e+02  9.03478e+01  4.50891e+01
338  12  6.73460e+01          nan -4.38620e+03 -4.39807e+03  1.23456e+03  6.21149e+03 -2.05266e+00  8.97284e+01  4.50774e+01
339  10  3.29155e+01          nan -4.39363e+03 -4.41204e+03  1.22608e+03  6.22668e+03 -1.80588e+01  8.96510e+01  4.51198e+01
340   9  4.50803e+01          nan -4.38736e+03 -4.39910e+03  1.23763e+03  6.21303e+03 -4.02461e+00  8.97568e+01  4.50765e+01
341  10  2.88663e+01          nan -4.38287e+03 -4.39785e+03  1.23447e+03  6.20899e+03 -3.85387e+00  8.97275e+01  4.50978e+01
342  10  5.27789e+01          nan -4.38238e+03 -4.39527e+03  1.26612e+03  6.20674e+03 -7.36397e+02  9.00195e+01  4.50841e+01
343  12  5.26254e+01          nan -4.38486e+03 -4.39993e+03  1.23452e+03  6.21187e+03 -3.94511e+00  8.97281e+01  4.50983e+01
344  13  4.68436e+01          nan -4.38429e+03 -4.39979e+03  1.23459e+03  6.21136e+03 -4.55405e+00  8.97287e+01  4.51011e+01
345  10  7.33896e+01          nan -4.38394e+03 -4.39910e+03  1.23452e+03  6.21062e+03 -2.91804e+00  8.97280e+01  4.50989e+01
346   9  2.30018e+01          nan -4.38466e+03 -4.39596e+03  1.30841e+03  6.20900e+03 -7.36377e+02  9.04099e+01  4.50737e+01
347  12  4.61087e+01          nan -4.38500e+03 -4.39822e+03  1.23455e+03  6.21075e+03 -2.76679e+00  8.97283e+01  4.50863e+01
348  10  4.50507e+01          nan -4.38483e+03 -4.39747e+03  1.23449e+03  6.21010e+03 -1.80383e+00  8.97277e+01  4.50825e+01
349  12  4.02219e+01          nan -4.38540e+03 -4.39750e+03  1.23455e+03  6.21052e+03 -2.32036e+00  8.97283e+01  4.50789e+01
350  10  4.35069e+01          nan -4.38513e+03 -4.39884e+03  1.23455e+03  6.21128e+03 -2.75530e+00  8.97283e+01  4.50894e+01
351  10  3.03778e+01          nan -4.38571e+03 -4.40159e+03  1.27466e+03  6.21357e+03 -1.15355e+03  9.00983e+01  4.51036e+01
352  11  3.99683e+01          nan -4.38538e+03 -4.39831e+03  1.23454e+03  6.21108e+03 -2.48771e+00  8.97283e+01  4.50844e+01
353  11  6.94449e+01          nan -4.38480e+03 -4.39924e+03  1.23449e+03  6.21133e+03 -1.89998e+00  8.97278e+01  4.50942e+01
354  10  2.47262e+01          nan -4.38306e+03 -4.39181e+03  1.27778e+03  6.20479e+03 -7.33807e+02  9.01273e+01  4.50571e+01
355  10  6.93470e+01          nan -4.38425e+03 -4.39908e+03  1.23452e+03  6.21083e+03 -2.49499e+00  8.97281e+01  4.50968e+01
356  11  5.03988e+01          nan -4.38381e+03 -4.39860e+03  1.23451e+03  6.21018e+03 -2.65152e+00  8.97279e+01  4.50965e+01
357  12  3.06241e+01          nan -4.38429e+03 -4.39872e+03  1.23451e+03  6.21060e+03 -3.52904e+00  8.97280e+01  4.50941e+01
358  11  4.97256e+01          nan -4.38126e+03 -4.39495e+03  1.26911e+03  6.20572e+03 -7.37241e+02  9.00471e+01  4.50894e+01
359  12  3.97675e+01          nan -4.38505e+03 -4.39863e+03  1.23453e+03  6.21108e+03 -2.31881e+00  8.97281e+01  4.50886e+01
360  10  1.98449e+01          nan -4.38410e+03 -4.39897e+03  1.23453e+03  6.21064e+03 -3.67531e+00  8.97281e+01  4.50970e+01
361   9  1.67017e+01          nan -4.38382e+03 -4.38361e+03  1.25419e+03  6.19952e+03 -7.26624e+02  8.99094e+01  4.49987e+01
362  12  5.89419e+01          nan -4.38377e+03 -4.39917e+03  1.23450e+03  6.21056e+03 -2.51993e+00  8.97279e+01  4.51005e+01
363  10  3.74325e+01          nan -4.38549e+03 -4.39703e+03  1.23453e+03  6.21026e+03 -1.43724e+00  8.97281e+01  4.50752e+01
364   9  1.57690e+01          nan -4.38087e+03 -4.39041e+03  1.29969e+03  6.20233e+03 -7.35514e+02  9.03297e+01  4.50623e+01
365   9  4.98869e+01          nan -4.38395e+03 -4.39863e+03  1.23450e+03  6.21030e+03 -2.19354e+00  8.97278e+01  4.50958e+01
366  12  3.50149e+01          nan -4.38456e+03 -4.39884e+03  1.23455e+03  6.21088e+03 -3.46976e+00  8.97283e+01  4.50931e+01
367  10  6.71903e+01          nan -4.38532e+03 -4.39795e+03  1.23452e+03  6.21078e+03 -1.11857e+00  8.97280e+01  4.50824e+01
368  13  6.71006e+01          nan -4.38384e+03 -4.39993e+03  1.23453e+03  6.21114e+03 -2.98962e+00  8.97281e+01  4.51049e+01
369  10  2.93121e+01          nan -4.38542e+03 -4.39874e+03  1.13672e+03  6.21265e+03 -7.43472e+02  8.88261e+01  4.50869e+01
370   9  4.79586e+01          nan -4.38532e+03 -4.39693e+03  1.23451e+03  6.21006e+03 -1.08399e+00  8.97279e+01  4.50757e+01
371  11  2.81584e+01          nan -4.38276e+03 -4.39717e+03  1.32827e+03  6.20869e+03 -7.41100e+02  9.05931e+01  4.50941e+01
372  11  6.07388e+01          nan -4.38393e+03 -4.39944e+03  1.23451e+03  6.21086e+03 -2.35924e+00  8.97280e+01  4.51012e+01
