0  13  7.71603e+01          nan -4.38331e+03 -4.39867e+03  1.23412e+03  6.20988e+03 -3.43908e+00  8.97243e+01  4.51002e+01
1  11  7.42209e+01          nan -4.38305e+03 -4.39846e+03  1.23412e+03  6.20954e+03 -3.67816e+00  8.97243e+01  4.51005e+01
2  10  5.34917e+01          nan -4.38331e+03 -4.39817e+03  1.23409e+03  6.20953e+03 -3.42095e+00  8.97241e+01  4.50970e+01
3  10  5.40951e+01          nan -4.38429e+03 -4.39667e+03  1.23412e+03  6.20915e+03 -2.23670e+00  8.97243e+01  4.50808e+01
4  11  6.44361e+01          nan -4.38375e+03 -4.39906e+03  1.23417e+03  6.21047e+03 -4.16927e+00  8.97248e+01  4.50999e+01
5  11  5.97136e+01          nan -4.38209e+03 -4.39779e+03  1.23411e+03  6.20840e+03 -4.18623e+00  8.97242e+01  4.51025e+01
6  10  2.29783e+01          nan -4.38183e+03 -4.38850e+03  1.29274e+03  6.20163e+03 -7.33142e+02  9.02655e+01  4.50436e+01
7  11  6.19651e+01          nan -4.38081e+03 -4.39050e+03  1.26459e+03  6.20226e+03 -7.33756e+02  9.00055e+01  4.50633e+01
8  10  5.77298e+01          nan -4.38281e+03 -4.39778e+03  1.23411e+03  6.20889e+03 -3.35782e+00  8.97242e+01  4.50977e+01
9  11  6.14198e+01          nan -4.38316e+03 -4.39815e+03  1.23412e+03  6.20940e+03 -3.12368e+00  8.97243e+01  4.50978e+01
10  10  4.42883e+01          nan -4.38292e+03 -4.39813e+03  1.23410e+03  6.20922e+03 -3.37319e+00  8.97241e+01  4.50993e+01
11  11  8.33429e+01          nan -4.38283e+03 -4.39889e+03  1.23409e+03  6.20970e+03 -3.76593e+00  8.97240e+01  4.51048e+01
12  12  7.97187e+01          nan -4.38349e+03 -4.39867e+03  1.23415e+03  6.21001e+03 -3.98224e+00  8.97246e+01  4.50990e+01
13   9  3.66852e+01          nan -4.38306e+03 -4.39888e+03  1.23411e+03  6.20985e+03 -3.62016e+00  8.97243e+01  4.51032e+01
14  11  9.63195e+01          nan -4.38421e+03 -4.39722e+03  1.23410e+03  6.20949e+03 -1.80012e+00  8.97241e+01  4.50848e+01
15   9  3.44980e+01          nan -4.38358e+03 -4.39756e+03  1.23416e+03  6.20929e+03 -3.77395e+00  8.97247e+01  4.50912e+01
16  10  6.08870e+01          nan -4.38230e+03 -4.39796e+03  1.23411e+03  6.20867e+03 -3.85711e+00  8.97242e+01  4.51022e+01
17   7  1.33407e+01          nan -4.38134e+03 -4.39399e+03  1.34452e+03  6.20562e+03 -7.41533e+02  9.07434e+01  4.50826e+01
18  12  9.13317e+01          nan -4.38246e+03 -4.39882e+03  1.23413e+03  6.20939e+03 -4.15724e+00  8.97244e+01  4.51067e+01
19  11  7.93044e+01          nan -4.38226e+03 -4.39911e+03  1.23412e+03  6.20945e+03 -4.42279e+00  8.97243e+01  4.51100e+01
20  11  5.30477e+01          nan -4.38271e+03 -4.39822e+03  1.23412e+03  6.20913e+03 -3.88237e+00  8.97243e+01  4.51012e+01
21   8  3.03056e+01          nan -4.38392e+03 -4.39732e+03  1.23412e+03  6.20935e+03 -3.41995e+00  8.97243e+01  4.50874e+01
22  12  7.73913e+01          nan -4.38201e+03 -4.39920e+03  1.23413e+03  6.20934e+03 -5.01387e+00  8.97244e+01  4.51122e+01
23   9  1.86892e+01          nan -4.38662e+03 -4.39712e+03  1.12438e+03  6.21262e+03 -7.42099e+02  8.87123e+01  4.50685e+01
24  10  7.12416e+01          nan -4.38263e+03 -4.39818e+03  1.23412e+03  6.20905e+03 -3.29189e+00  8.97243e+01  4.51015e+01
25  11  8.64082e+01          nan -4.38296e+03 -4.39858e+03  1.23413e+03  6.20957e+03 -3.28563e+00  8.97244e+01  4.51019e+01
26  10  7.19563e+01          nan -4.38025e+03 -4.39134e+03  1.28302e+03  6.20249e+03 -7.35417e+02  9.01757e+01  4.50724e+01
27  11  6.51703e+01          nan -4.38346e+03 -4.39722e+03  1.23411e+03  6.20896e+03 -2.80413e+00  8.97242e+01  4.50898e+01
28  10  8.57906e+01          nan -4.38327e+03 -4.39854e+03  1.23415e+03  6.20975e+03 -3.16169e+00  8.97246e+01  4.50996e+01
29  11  6.95225e+01          nan -4.38081e+03 -4.39278e+03  1.28825e+03  6.20392e+03 -7.36557e+02  9.02240e+01  4.50782e+01
30  13  8.42657e+01          nan -4.38371e+03 -4.39853e+03  1.23412e+03  6.21006e+03 -2.45850e+00  8.97243e+01  4.50967e+01
31  11  5.08857e+01          nan -4.38327e+03 -4.39927e+03  1.23415e+03  6.21028e+03 -3.91383e+00  8.97246e+01  4.51044e+01
32   8  2.07407e+01          nan -4.38353e+03 -4.38605e+03  1.29397e+03  6.20111e+03 -7.30118e+02  9.02769e+01  4.50164e+01
33  12  8.27004e+01          nan -4.38432e+03 -4.39760e+03  1.23413e+03  6.20983e+03 -1.90938e+00  8.97244e+01  4.50866e+01
34  12  4.32808e+01          nan -4.38389e+03 -4.39862e+03  1.23417e+03  6.21026e+03 -3.37416e+00  8.97248e+01  4.50961e+01
35   9  2.53003e+01          nan -4.37867e+03 -4.38585e+03  1.30596e+03  6.19760e+03 -1.13858e+03  9.03879e+01  4.50469e+01
36  10  2.96103e+01          nan -4.38458e+03 -4.39777e+03  1.23452e+03  6.21013e+03 -3.97866e+00  8.97280e+01  4.50861e+01
37  13  1.08133e+02          nan -4.38382e+03 -4.39754e+03  1.23417e+03  6.20944e+03 -2.27230e+00  8.97248e+01  4.50895e+01
38  10  6.51677e+01          nan -4.38368e+03 -4.39668e+03  1.23414e+03  6.20873e+03 -2.47199e+00  8.97245e+01  4.50848e+01
39   9  6.34370e+01          nan -4.38190e+03 -4.39864e+03  1.23416e+03  6.20886e+03 -4.43272e+00  8.97246e+01  4.51093e+01
40  11  9.04839e+01          nan -4.38285e+03 -4.39924e+03  1.23413e+03  6.20996e+03 -3.33071e+00  8.97244e+01  4.51069e+01
41  12  7.43211e+01          nan -4.38399e+03 -4.39849e+03  1.23420e+03  6.21023e+03 -3.52651e+00  8.97250e+01  4.50946e+01
42  12  1.02311e+02          nan -4.38219e+03 -4.39911e+03  1.23416e+03  6.20940e+03 -4.29670e+00  8.97246e+01  4.51105e+01
43  11  9.64317e+01          nan -4.38387e+03 -4.39723e+03  1.23418e+03  6.20925e+03 -2.91109e+00  8.97248e+01  4.50871e+01
44  11  5.78273e+01          nan -4.38344e+03 -4.39787e+03  1.23416e+03  6.20940e+03 -3.13759e+00  8.97246e+01  4.50941e+01
45  10  5.34691e+01          nan -4.38328e+03 -4.39744e+03  1.23421e+03  6.20898e+03 -3.93473e+00  8.97251e+01  4.50924e+01
46  13  7.57137e+01          nan -4.38458e+03 -4.39664e+03  1.23420e+03  6.20933e+03 -2.77725e+00  8.97250e+01  4.50787e+01
47  10  5.61346e+01          nan -4.38139e+03 -4.39945e+03  1.23416e+03  6.20908e+03 -5.45702e+00  8.97246e+01  4.51179e+01
48  11  4.44588e+01          nan -4.38548e+03 -4.39595e+03  1.23418e+03  6.20949e+03 -1.93550e+00  8.97248e+01  4.50683e+01
49   9  2.83889e+01          nan -4.38225e+03 -4.39201e+03  1.26447e+03  6.20434e+03 -7.33303e+02  9.00044e+01  4.50638e+01
50  10  4.29797e+01          nan -4.38357e+03 -4.39708e+03  1.23415e+03  6.20894e+03 -3.89680e+00  8.97245e+01  4.50882e+01
51  13  9.77036e+01          nan -4.38254e+03 -4.39856e+03  1.23419e+03  6.20925e+03 -4.22232e+00  8.97249e+01  4.51045e+01
52  13  1.02058e+02          nan -4.38463e+03 -4.39891e+03  1.23556e+03  6.21097e+03 -4.68822e+00  8.97377e+01  4.50931e+01
53   9  6.25391e+01          nan -4.38491e+03 -4.39552e+03  1.23422e+03  6.20878e+03 -2.60046e+00  8.97252e+01  4.50692e+01
54  10  5.05215e+01          nan -4.38078e+03 -4.38752e+03  1.28468e+03  6.20016e+03 -7.32560e+02  9.01911e+01  4.50440e+01
55  12  1.14499e+02          nan -4.38262e+03 -4.39830e+03  1.23420e+03  6.20913e+03 -3.89745e+00  8.97250e+01  4.51023e+01
56  10  3.60615e+01          nan -4.38364e+03 -4.39057e+03  1.28080e+03  6.20433e+03 -7.31962e+02  9.01552e+01  4.50453e+01
57  11  5.00290e+01          nan -4.38443e+03 -4.39659e+03  1.23420e+03  6.20920e+03 -3.45631e+00  8.97250e+01  4.50793e+01
58  12  8.83021e+01          nan -4.38277e+03 -4.39723e+03  1.23417e+03  6.20847e+03 -3.41502e+00  8.97247e+01  4.50944e+01
59   9  3.50038e+01          nan -4.38484e+03 -4.38539e+03  1.25878e+03  6.20149e+03 -7.27171e+02  8.99517e+01  4.50035e+01
60  11  8.93254e+01          nan -4.38434e+03 -4.39704e+03  1.23419e+03  6.20945e+03 -3.19296e+00  8.97249e+01  4.50828e+01
61  12  9.98336e+01          nan -4.38356e+03 -4.39862e+03  1.23420e+03  6.21002e+03 -4.02395e+00  8.97251e+01  4.50983e+01
62  10  5.93769e+01          nan -4.38415e+03 -4.39676e+03  1.23416e+03  6.20912e+03 -3.15222e+00  8.97246e+01  4.50823e+01
63   9  3.41605e+01          nan -4.38196e+03 -4.39008e+03  1.28962e+03  6.20282e+03 -7.32798e+02  9.02366e+01  4.50531e+01
64  10  1.05402e+02          nan -4.38548e+03 -4.39684e+03  1.23419e+03  6.21011e+03 -1.70647e+00  8.97250e+01  4.50741e+01
65   9  7.73427e+01          nan -4.38321e+03 -4.39578e+03  1.23421e+03  6.20776e+03 -3.63852e+00  8.97251e+01  4.50820e+01
66  12  7.65311e+01          nan -4.38290e+03 -4.39811e+03  1.23420e+03  6.20919e+03 -3.72332e+00  8.97250e+01  4.50992e+01
67  12  7.71536e+01          nan -4.38376e+03 -4.39673e+03  1.23423e+03  6.20882e+03 -2.94134e+00  8.97253e+01  4.50846e+01
68  11  4.66073e+01          nan -4.38083e+03 -4.39194e+03  1.29249e+03  6.20335e+03 -7.35950e+02  9.02631e+01  4.50725e+01
69  10  5.02249e+01          nan -4.38381e+03 -4.39692e+03  1.23425e+03  6.20900e+03 -3.59551e+00  8.97255e+01  4.50855e+01
70  10  7.21886e+01          nan -4.38399e+03 -4.39841e+03  1.23425e+03  6.21017e+03 -3.96654e+00  8.97256e+01  4.50941e+01
71  11  7.48211e+01          nan -4.38135e+03 -4.39158e+03  1.27396e+03  6.20341e+03 -7.35046e+02  9.00920e+01  4.50668e+01
72  12  8.50060e+01          nan -4.38301e+03 -4.39788e+03  1.23419e+03  6.20911e+03 -3.26798e+00  8.97249e+01  4.50971e+01
73  11  7.97409e+01          nan -4.38382e+03 -4.39866e+03  1.23434e+03  6.21023e+03 -4.39903e+00  8.97263e+01  4.50968e+01
74  13  1.01861e+02          nan -4.38304e+03 -4.39922e+03  1.23417e+03  6.21007e+03 -3.50163e+00  8.97248e+01  4.51056e+01
75   9  3.16564e+01          nan -4.38287e+03 -4.39333e+03  1.30263e+03  6.20583e+03 -7.35724e+02  9.03567e+01  4.50683e+01
76  10  6.66235e+01          nan -4.38636e+03 -4.40332e+03  1.25500e+03  6.21526e+03 -1.15481e+03  8.99171e+01  4.51106e+01
77  11  9.72189e+01          nan -4.38315e+03 -4.39862e+03  1.23422e+03  6.20973e+03 -3.81712e+00  8.97252e+01  4.51009e+01
78  11  8.14742e+01          nan -4.38433e+03 -4.39625e+03  1.23421e+03  6.20889e+03 -2.50531e+00  8.97251e+01  4.50778e+01
79   8  6.98536e+01          nan -4.38250e+03 -4.39868e+03  1.23421e+03  6.20932e+03 -4.21827e+00  8.97251e+01  4.51056e+01
80  12  9.67132e+01          nan -4.38281e+03 -4.39866e+03  1.23424e+03  6.20952e+03 -4.10435e+00  8.97254e+01  4.51034e+01
81   7  3.03842e+01          nan -4.38180e+03 -4.39350e+03  1.32171e+03  6.20535e+03 -1.14823e+03  9.05328e+01  4.50764e+01
82  11  1.08627e+02          nan -4.38290e+03 -4.39819e+03  1.23421e+03  6.20924e+03 -3.47808e+00  8.97251e+01  4.50998e+01
83  13  8.88508e+01          nan -4.38451e+03 -4.39774e+03  1.23438e+03  6.21007e+03 -3.63277e+00  8.97267e+01  4.50863e+01
84  10  7.10384e+01          nan -4.38338e+03 -4.39714e+03  1.23420e+03  6.20885e+03 -2.80624e+00  8.97250e+01  4.50898e+01
85  11  5.89214e+01          nan -4.38434e+03 -4.39626e+03  1.23431e+03  6.20890e+03 -3.52531e+00  8.97261e+01  4.50778e+01
86  11  7.36138e+01          nan -4.39016e+03 -4.40995e+03  1.22585e+03  6.22275e+03 -1.56073e+01  8.96487e+01  4.51289e+01
87   9  3.66614e+01          nan -4.38887e+03 -4.40489e+03  1.22558e+03  6.21825e+03 -1.17745e+01  8.96460e+01  4.51044e+01
88   9  3.49364e+01          nan -4.38450e+03 -4.39194e+03  1.13360e+03  6.20725e+03 -7.39515e+02  8.87963e+01  4.50486e+01
89  10  3.99037e+01          nan -4.38432e+03 -4.39230e+03  1.13873e+03  6.20727e+03 -7.39417e+02  8.88436e+01  4.50521e+01
90   9  4.60919e+01          nan -4.38315e+03 -4.39093e+03  1.26239e+03  6.20421e+03 -7.32523e+02  8.99851e+01  4.50508e+01
91  11  8.37052e+01          nan -4.38303e+03 -4.39672e+03  1.23421e+03  6.20830e+03 -3.16817e+00  8.97251e+01  4.50894e+01
92  11  6.13660e+01          nan -4.38428e+03 -4.39699e+03  1.23431e+03  6.20938e+03 -3.59366e+00  8.97261e+01  4.50829e+01
93   7  7.18056e+01          nan -4.38350e+03 -4.39764e+03  1.23423e+03  6.20928e+03 -2.71086e+00  8.97253e+01  4.50923e+01
94  12  7.42672e+01          nan -4.38461e+03 -4.39716e+03  1.23425e+03  6.20973e+03 -3.15515e+00  8.97255e+01  4.50819e+01
95  11  7.28880e+01          nan -4.38383e+03 -4.39633e+03  1.23421e+03  6.20859e+03 -2.73311e+00  8.97251e+01  4.50816e+01
96  12  1.04616e+02          nan -4.38327e+03 -4.39739e+03  1.23424e+03  6.20894e+03 -3.75133e+00  8.97253e+01  4.50921e+01
97  11  9.40793e+01          nan -4.38395e+03 -4.39758e+03  1.23425e+03  6.20956e+03 -2.98181e+00  8.97255e+01  4.50889e+01
98  10  5.72597e+01          nan -4.38249e+03 -4.39750e+03  1.23423e+03  6.20847e+03 -4.42042e+00  8.97252e+01  4.50980e+01
99  10  7.53170e+01          nan -4.38755e+03 -4.40880e+03  1.22508e+03  6.22009e+03 -1.50893e+01  8.96415e+01  4.51384e+01
100  11  6.68702e+01          nan -4.38375e+03 -4.39622e+03  1.23423e+03  6.20845e+03 -3.24165e+00  8.97253e+01  4.50814e+01
101  11  1.00807e+02          nan -4.38833e+03 -4.40812e+03  1.22614e+03  6.22016e+03 -1.38975e+01  8.96512e+01  4.51289e+01
102  12  9.68167e+01          nan -4.38278e+03 -4.39887e+03  1.23427e+03  6.20965e+03 -4.87693e+00  8.97257e+01  4.51050e+01
103  12  6.00756e+01          nan -4.38432e+03 -4.39685e+03  1.23423e+03  6.20931e+03 -2.74507e+00  8.97253e+01  4.50818e+01
104  10  5.79790e+01          nan -4.38337e+03 -4.39753e+03  1.23423e+03  6.20911e+03 -3.37304e+00  8.97253e+01  4.50924e+01
105  10  7.17585e+01          nan -4.38269e+03 -4.38857e+03  1.27094e+03  6.20222e+03 -7.31607e+02  9.00641e+01  4.50384e+01
106  12  8.50017e+01          nan -4.38333e+03 -4.39824e+03  1.24565e+03  6.20954e+03 -7.36770e+02  8.98307e+01  4.50973e+01
107  11  6.66355e+01          nan -4.38381e+03 -4.39540e+03  1.24910e+03  6.20786e+03 -7.34262e+02  8.98625e+01  4.50757e+01
108  11  7.13284e+01          nan -4.39220e+03 -4.41605e+03  1.24373e+03  6.22843e+03 -2.15978e+01  8.98135e+01  4.51552e+01
109  10  6.70600e+01          nan -4.38302e+03 -4.39825e+03  1.23420e+03  6.20938e+03 -3.05468e+00  8.97250e+01  4.50994e+01
110  12  9.36397e+01          nan -4.38489e+03 -4.39811e+03  1.23423e+03  6.21060e+03 -2.86311e+00  8.97254e+01  4.50862e+01
111  12  9.08299e+01          nan -4.38404e+03 -4.39952e+03  1.23439e+03  6.21099e+03 -4.58304e+00  8.97268e+01  4.51010e+01
112  12  6.33336e+01          nan -4.38235e+03 -4.39937e+03  1.23421e+03  6.20970e+03 -4.67134e+00  8.97252e+01  4.51110e+01
113  11  4.16616e+01          nan -4.38385e+03 -4.39243e+03  1.23746e+03  6.20583e+03 -7.31929e+02  8.97550e+01  4.50560e+01
114   9  4.41350e+01          nan -4.38450e+03 -4.39795e+03  1.23436e+03  6.21020e+03 -3.96696e+00  8.97265e+01  4.50877e+01
115  11  3.77092e+01          nan -4.38350e+03 -4.39785e+03  1.23422e+03  6.20943e+03 -4.14667e+00  8.97252e+01  4.50936e+01
116  11  5.88979e+01          nan -4.38370e+03 -4.39668e+03  1.23423e+03  6.20875e+03 -3.22155e+00  8.97253e+01  4.50847e+01
117  12  4.09771e+01          nan -4.38395e+03 -4.39763e+03  1.23420e+03  6.20959e+03 -3.76981e+00  8.97250e+01  4.50892e+01
118  11  8.81753e+01          nan -4.38104e+03 -4.39259e+03  1.25938e+03  6.20390e+03 -7.34909e+02  8.99574e+01  4.50754e+01
119  11  4.09780e+01          nan -4.38419e+03 -4.39740e+03  1.23423e+03  6.20960e+03 -3.61793e+00  8.97253e+01  4.50862e+01
120  10  6.38080e+01          nan -4.38419e+03 -4.39682e+03  1.23427e+03  6.20919e+03 -2.39245e+00  8.97257e+01  4.50824e+01
121  10  7.69675e+01          nan -4.38384e+03 -4.39901e+03  1.23443e+03  6.21049e+03 -4.73004e+00  8.97272e+01  4.50989e+01
122  10  6.27860e+01          nan -4.38311e+03 -4.39717e+03  1.23427e+03  6.20868e+03 -3.51837e+00  8.97256e+01  4.50918e+01
123  13  1.02570e+02          nan -4.38442e+03 -4.39743e+03  1.23426e+03  6.20978e+03 -2.23390e+00  8.97256e+01  4.50849e+01
124  12  5.21453e+01          nan -4.38364e+03 -4.39723e+03  1.23428e+03  6.20909e+03 -3.74996e+00  8.97258e+01  4.50886e+01
125  10  3.46324e+01          nan -4.38507e+03 -4.39689e+03  1.23431e+03  6.20986e+03 -3.47655e+00  8.97261e+01  4.50772e+01
126  12  1.25441e+02          nan -4.38274e+03 -4.39973e+03  1.23424e+03  6.21022e+03 -3.97069e+00  8.97254e+01  4.51108e+01
127   8  1.18087e+01          nan -4.38800e+03 -4.40637e+03  1.32486e+03  6.21887e+03 -1.16106e+03  9.05607e+01  4.51197e+01
128  10  6.83310e+01          nan -4.38299e+03 -4.39793e+03  1.23422e+03  6.20913e+03 -3.64443e+00  8.97252e+01  4.50975e+01
129   8  2.91804e+01          nan -4.38422e+03 -4.39447e+03  1.31595e+03  6.20769e+03 -7.37021e+02  9.04795e+01  4.50669e+01
130  10  7.36923e+01          nan -4.38269e+03 -4.39816e+03  1.23420e+03  6.20908e+03 -3.54733e+00  8.97250e+01  4.51010e+01
131  11  7.95062e+01          nan -4.38429e+03 -4.39716e+03  1.23423e+03  6.20950e+03 -1.84988e+00  8.97253e+01  4.50840e+01
132  13  1.16475e+02          nan -4.38323e+03 -4.39849e+03  1.23425e+03  6.20969e+03 -3.32802e+00  8.97255e+01  4.50996e+01
133  11  9.77217e+01          nan -4.38393e+03 -4.39815e+03  1.23423e+03  6.20995e+03 -2.56327e+00  8.97253e+01  4.50928e+01
134  12  9.40489e+01          nan -4.38154e+03 -4.39290e+03  1.24421e+03  6.20451e+03 -7.34902e+02  8.98173e+01  4.50742e+01
135  10  5.45860e+01          nan -4.38336e+03 -4.39732e+03  1.23422e+03  6.20896e+03 -3.23322e+00  8.97252e+01  4.50911e+01
136  13  6.67518e+01          nan -4.38358e+03 -4.39748e+03  1.23424e+03  6.20923e+03 -2.81239e+00  8.97254e+01  4.50907e+01
137  11  1.01514e+02          nan -4.38343e+03 -4.39915e+03  1.24376e+03  6.21027e+03 -7.37649e+02  8.98133e+01  4.51025e+01
138  11  8.19092e+01          nan -4.38341e+03 -4.39886e+03  1.23426e+03  6.21009e+03 -3.52004e+00  8.97256e+01  4.51008e+01
139   9  2.69218e+01          nan -4.38303e+03 -4.39046e+03  1.28038e+03  6.20382e+03 -7.31800e+02  9.01513e+01  4.50485e+01
140   9  3.83057e+01          nan -4.38393e+03 -4.39788e+03  1.23425e+03  6.20976e+03 -3.25902e+00  8.97255e+01  4.50910e+01
141  10  4.02912e+01          nan -4.38421e+03 -4.39757e+03  1.23427e+03  6.20974e+03 -3.18971e+00  8.97257e+01  4.50872e+01
142  10  4.42725e+01          nan -4.38298e+03 -4.39877e+03  1.23427e+03  6.20971e+03 -4.59557e+00  8.97257e+01  4.51030e+01
143  13  7.36119e+01          nan -4.38588e+03 -4.39729e+03  1.23427e+03  6.21071e+03 -1.42806e+00  8.97257e+01  4.50745e+01
144   9  7.19064e+01          nan -4.38217e+03 -4.38790e+03  1.25582e+03  6.20138e+03 -7.30835e+02  8.99244e+01  4.50374e+01
145  12  6.66197e+01          nan -4.38311e+03 -4.39705e+03  1.23424e+03  6.20859e+03 -3.33163e+00  8.97254e+01  4.50910e+01
146  14  1.06346e+02          nan -4.38301e+03 -4.40045e+03  1.23434e+03  6.21093e+03 -5.60657e+00  8.97264e+01  4.51138e+01
147  11  7.70820e+01          nan -4.38415e+03 -4.39873e+03  1.23426e+03  6.21052e+03 -3.86858e+00  8.97256e+01  4.50951e+01
148  11  3.70383e+01          nan -4.38544e+03 -4.39613e+03  1.23428e+03  6.20959e+03 -1.97448e+00  8.97258e+01  4.50698e+01
149  13  1.19649e+02          nan -4.38431e+03 -4.39768e+03  1.23428e+03  6.20988e+03 -1.99788e+00  8.97258e+01  4.50872e+01
150  10  6.92954e+01          nan -4.38464e+03 -4.40302e+03  1.23935e+03  6.21388e+03 -8.90318e+00  8.97727e+01  4.51199e+01
151  11  9.58907e+01          nan -4.38213e+03 -4.38718e+03  1.27383e+03  6.20084e+03 -7.31340e+02  9.00908e+01  4.50330e+01
152   9  2.45958e+01          nan -4.38570e+03 -4.39616e+03  1.23409e+03  6.20979e+03 -3.03084e+00  8.97240e+01  4.50682e+01
153   9  1.70312e+01          nan -4.38233e+03 -4.38703e+03  1.32755e+03  6.20120e+03 -7.34393e+02  9.05872e+01  4.50307e+01
154  11  6.65660e+01          nan -4.38215e+03 -4.39798e+03  1.23426e+03  6.20857e+03 -4.31830e+00  8.97256e+01  4.51033e+01
155  11  8.85917e+01          nan -4.38148e+03 -4.39029e+03  1.24621e+03  6.20260e+03 -7.32850e+02  8.98357e+01  4.50575e+01
156  12  6.63995e+01          nan -4.38288e+03 -4.39809e+03  1.23428e+03  6.20916e+03 -3.55726e+00  8.97257e+01  4.50992e+01
157   9  3.03272e+01          nan -4.38436e+03 -4.39816e+03  1.23453e+03  6.21026e+03 -4.27154e+00  8.97281e+01  4.50900e+01
158   9  5.49435e+01          nan -4.38154e+03 -4.39958e+03  1.23426e+03  6.20927e+03 -4.96017e+00  8.97256e+01  4.51178e+01
159  13  1.17100e+02          nan -4.38225e+03 -4.40476e+03  1.23435e+03  6.21344e+03 -8.56618e+00  8.97266e+01  4.51468e+01
160  11  8.77588e+01          nan -4.38279e+03 -4.39546e+03  1.24799e+03  6.20719e+03 -7.35379e+02  8.98523e+01  4.50827e+01
161  12  7.68696e+01          nan -4.38220e+03 -4.39890e+03  1.23426e+03  6.20926e+03 -3.82046e+00  8.97255e+01  4.51089e+01
162  15  1.34168e+02          nan -4.38346e+03 -4.40166e+03  1.23433e+03  6.21210e+03 -5.30142e+00  8.97263e+01  4.51187e+01
163  12  4.52764e+01          nan -4.38402e+03 -4.39854e+03  1.23426e+03  6.21029e+03 -3.19275e+00  8.97256e+01  4.50948e+01
164  11  6.64098e+01          nan -4.38306e+03 -4.39815e+03  1.23425e+03  6.20934e+03 -3.30588e+00  8.97255e+01  4.50985e+01
165  10  7.45059e+01          nan -4.38552e+03 -4.39946e+03  1.23721e+03  6.21199e+03 -4.97246e+00  8.97529e+01  4.50909e+01
166  10  2.61820e+01          nan -4.38295e+03 -4.38335e+03  1.24474e+03  6.19874e+03 -7.27071e+02  8.98220e+01  4.50026e+01
167  12  1.00976e+02          nan -4.38337e+03 -4.39944e+03  1.23431e+03  6.21047e+03 -3.29619e+00  8.97261e+01  4.51048e+01
168  12  3.59863e+01          nan -4.38445e+03 -4.39831e+03  1.23427e+03  6.21043e+03 -2.67718e+00  8.97257e+01  4.50904e+01
169   8  5.37609e+01          nan -4.38418e+03 -4.39726e+03  1.23430e+03  6.20949e+03 -2.14685e+00  8.97260e+01  4.50853e+01
170  11  5.96681e+01          nan -4.38349e+03 -4.39773e+03  1.23428e+03  6.20934e+03 -2.79393e+00  8.97258e+01  4.50929e+01
171   9  7.95995e+01          nan -4.38292e+03 -4.39765e+03  1.25345e+03  6.20882e+03 -7.36764e+02  8.99027e+01  4.50961e+01
172  11  4.60955e+01          nan -4.38522e+03 -4.39757e+03  1.23428e+03  6.21045e+03 -1.89165e+00  8.97258e+01  4.50806e+01
173  10  9.77144e+01          nan -4.38336e+03 -4.39971e+03  1.23428e+03  6.21065e+03 -2.82368e+00  8.97258e+01  4.51067e+01
174  11  3.46887e+01          nan -4.38565e+03 -4.39878e+03  1.23434e+03  6.21161e+03 -3.21536e+00  8.97264e+01  4.50856e+01
175  12  9.47870e+01          nan -4.38334e+03 -4.39877e+03  1.23433e+03  6.20997e+03 -3.31635e+00  8.97262e+01  4.51006e+01
176   8  2.19432e+01          nan -4.38113e+03 -4.39671e+03  1.35262e+03  6.20752e+03 -7.44715e+02  9.08180e+01  4.51017e+01
177  10  3.81961e+01          nan -4.38340e+03 -4.39845e+03  1.23432e+03  6.20979e+03 -3.76079e+00  8.97261e+01  4.50982e+01
178  10  6.37968e+01          nan -4.38274e+03 -4.39925e+03  1.23430e+03  6.20989e+03 -3.84630e+00  8.97260e+01  4.51077e+01
179  13  1.15513e+02          nan -4.38327e+03 -4.40014e+03  1.23433e+03  6.21089e+03 -3.30288e+00  8.97263e+01  4.51101e+01
180  10  4.14764e+01          nan -4.38389e+03 -4.39832e+03  1.23432e+03  6.21004e+03 -3.55553e+00  8.97262e+01  4.50942e+01
181  11  8.30263e+01          nan -4.38299e+03 -4.39808e+03  1.23430e+03  6.20923e+03 -3.18988e+00  8.97260e+01  4.50985e+01
182   9  2.92018e+01          nan -4.38679e+03 -4.39638e+03  1.23430e+03  6.21072e+03 -1.79701e+00  8.97260e+01  4.50626e+01
183  12  7.00350e+01          nan -4.38400e+03 -4.40085e+03  1.23437e+03  6.21191e+03 -4.78571e+00  8.97267e+01  4.51099e+01
184  13  9.06524e+01          nan -4.38356e+03 -4.40041e+03  1.23435e+03  6.21129e+03 -4.13643e+00  8.97265e+01  4.51100e+01
185  10  7.46739e+01          nan -4.38364e+03 -4.39793e+03  1.23432e+03  6.20959e+03 -2.50965e+00  8.97261e+01  4.50932e+01
186  11  6.54451e+01          nan -4.38331e+03 -4.39876e+03  1.23430e+03  6.20994e+03 -3.02918e+00  8.97260e+01  4.51008e+01
187  12  8.89065e+01          nan -4.38252e+03 -4.39170e+03  1.24322e+03  6.20435e+03 -7.33611e+02  8.98081e+01  4.50599e+01
188  11  5.40497e+01          nan -4.38336e+03 -4.39828e+03  1.23431e+03  6.20963e+03 -3.28368e+00  8.97260e+01  4.50974e+01
189  11  7.06036e+01          nan -4.38400e+03 -4.40046e+03  1.23437e+03  6.21163e+03 -4.63208e+00  8.97267e+01  4.51074e+01
190  11  7.28948e+01          nan -4.38213e+03 -4.39116e+03  1.25878e+03  6.20366e+03 -7.33987e+02  8.99518e+01  4.50589e+01
191  12  7.30759e+01          nan -4.38463e+03 -4.39894e+03  1.23433e+03  6.21100e+03 -2.80908e+00  8.97263e+01  4.50934e+01
192  13  8.95604e+01          nan -4.38393e+03 -4.39906e+03  1.23430e+03  6.21060e+03 -2.65862e+00  8.97260e+01  4.50987e+01
193  12  1.05379e+02          nan -4.38498e+03 -4.39931e+03  1.23430e+03  6.21151e+03 -2.44442e+00  8.97260e+01  4.50935e+01
194   9  4.03475e+01          nan -4.38192e+03 -4.38631e+03  1.29845e+03  6.20017e+03 -7.31960e+02  9.03183e+01  4.50287e+01
195  10  2.92402e+01          nan -4.38411e+03 -4.37503e+03  1.26468e+03  6.19365e+03 -7.20756e+02  9.00063e+01  4.49406e+01
196  11  8.71079e+01          nan -4.38388e+03 -4.39711e+03  1.23431e+03  6.20917e+03 -2.07601e+00  8.97260e+01  4.50863e+01
197  11  9.15598e+01          nan -4.38407e+03 -4.39704e+03  1.23431e+03  6.20926e+03 -1.64615e+00  8.97261e+01  4.50846e+01
198  11  7.36997e+01          nan -4.38328e+03 -4.40028e+03  1.23432e+03  6.21100e+03 -4.62409e+00  8.97262e+01  4.51109e+01
199  12  5.47263e+01          nan -4.38526e+03 -4.39683e+03  1.23432e+03  6.20995e+03 -1.86461e+00  8.97261e+01  4.50755e+01
200  11  3.13335e+01          nan -4.38385e+03 -4.38605e+03  1.27419e+03  6.20126e+03 -7.28582e+02  9.00941e+01  4.50144e+01
201   9  3.53756e+01          nan -4.38252e+03 -4.39128e+03  1.28559e+03  6.20406e+03 -7.34102e+02  9.01994e+01  4.50572e+01
202   7  4.92961e+01          nan -4.38591e+03 -4.39665e+03  1.23436e+03  6.21029e+03 -9.72605e-01  8.97266e+01  4.50701e+01
203  11  7.76315e+01          nan -4.38393e+03 -4.39837e+03  1.23432e+03  6.21010e+03 -1.91253e+00  8.97262e+01  4.50942e+01
204  10  6.72487e+01          nan -4.38555e+03 -4.39872e+03  1.23434e+03  6.21149e+03 -1.43876e+00  8.97264e+01  4.50859e+01
205  11  1.21592e+02          nan -4.38448e+03 -4.39713e+03  1.23436e+03  6.20961e+03 -1.53966e+00  8.97265e+01  4.50825e+01
206  11  7.83032e+01          nan -4.38378e+03 -4.39758e+03  1.23434e+03  6.20944e+03 -2.40595e+00  8.97263e+01  4.50901e+01
207   9  2.43061e+01          nan -4.38078e+03 -4.38766e+03  1.29612e+03  6.20031e+03 -7.32790e+02  9.02968e+01  4.50449e+01
208  10  2.57145e+01          nan -4.38078e+03 -4.39077e+03  1.29258e+03  6.20250e+03 -7.34893e+02  9.02640e+01  4.50653e+01
209  10  6.49873e+01          nan -4.38404e+03 -4.39742e+03  1.23432e+03  6.20951e+03 -2.59021e+00  8.97261e+01  4.50873e+01
210   8  3.71208e+01          nan -4.38422e+03 -4.39725e+03  1.23437e+03  6.20952e+03 -3.01620e+00  8.97266e+01  4.50850e+01
211  12  1.14082e+02          nan -4.38329e+03 -4.39856e+03  1.23435e+03  6.20979e+03 -3.16995e+00  8.97264e+01  4.50996e+01
212  11  6.80916e+01          nan -4.38412e+03 -4.39744e+03  1.23432e+03  6.20958e+03 -2.27074e+00  8.97262e+01  4.50869e+01
213  12  5.25238e+01          nan -4.38533e+03 -4.39720e+03  1.23448e+03  6.21027e+03 -3.07837e+00  8.97277e+01  4.50774e+01
214  11  8.16567e+01          nan -4.38614e+03 -4.39697e+03  1.23448e+03  6.21067e+03 -2.23152e+00  8.97277e+01  4.50706e+01
215  12  4.85195e+01          nan -4.38588e+03 -4.39652e+03  1.23439e+03  6.21017e+03 -1.73416e+00  8.97268e+01  4.50694e+01
216  12  1.01776e+02          nan -4.38449e+03 -4.39900e+03  1.23438e+03  6.21095e+03 -2.61291e+00  8.97267e+01  4.50946e+01
217   9  6.50791e+01          nan -4.38397e+03 -4.39853e+03  1.23433e+03  6.21025e+03 -2.10333e+00  8.97263e+01  4.50950e+01
218  13  7.99074e+01          nan -4.38391e+03 -4.39976e+03  1.23436e+03  6.21108e+03 -3.76966e+00  8.97266e+01  4.51034e+01
219   9  3.59669e+01          nan -4.38484e+03 -4.39737e+03  1.23439e+03  6.21003e+03 -2.41530e+00  8.97268e+01  4.50817e+01
220  11  7.18664e+01          nan -4.38313e+03 -4.39850e+03  1.23433e+03  6.20963e+03 -2.74786e+00  8.97262e+01  4.51003e+01
221  12  8.71890e+01          nan -4.38490e+03 -4.39820e+03  1.23436e+03  6.21066e+03 -1.88238e+00  8.97266e+01  4.50868e+01
222  13  7.86020e+01          nan -4.38472e+03 -4.39853e+03  1.23434e+03  6.21077e+03 -2.26119e+00  8.97264e+01  4.50901e+01
223  11  6.05900e+01          nan -4.38302e+03 -4.39959e+03  1.23433e+03  6.21033e+03 -3.24943e+00  8.97263e+01  4.51081e+01
224  13  8.29459e+01          nan -4.38462e+03 -4.39899e+03  1.23434e+03  6.21103e+03 -2.42258e+00  8.97264e+01  4.50937e+01
225  13  1.08167e+02          nan -4.38370e+03 -4.39823e+03  1.23434e+03  6.20984e+03 -2.67930e+00  8.97264e+01  4.50948e+01
226  12  6.87145e+01          nan -4.38366e+03 -4.40016e+03  1.23444e+03  6.21118e+03 -5.11743e+00  8.97273e+01  4.51076e+01
227  11  3.06771e+01          nan -4.38370e+03 -4.39326e+03  1.24814e+03  6.20627e+03 -7.32838e+02  8.98536e+01  4.50624e+01
228  11  6.31186e+01          nan -4.38477e+03 -4.39923e+03  1.24330e+03  6.21127e+03 -1.14996e+03  8.98091e+01  4.50943e+01
229  13  1.10402e+02          nan -4.38355e+03 -4.39916e+03  1.23435e+03  6.21040e+03 -2.47443e+00  8.97265e+01  4.51018e+01
230  11  8.25340e+01          nan -4.38347e+03 -4.39962e+03  1.23434e+03  6.21066e+03 -3.12472e+00  8.97264e+01  4.51053e+01
231  12  6.45367e+01          nan -4.38355e+03 -4.39855e+03  1.23435e+03  6.20996e+03 -2.90200e+00  8.97265e+01  4.50978e+01
232  11  6.89992e+01          nan -4.38425e+03 -4.39719e+03  1.23436e+03  6.20950e+03 -1.95982e+00  8.97265e+01  4.50844e+01
233  11  6.48848e+01          nan -4.38447e+03 -4.39865e+03  1.23439e+03  6.21068e+03 -3.08043e+00  8.97268e+01  4.50925e+01
234  11  5.31851e+01          nan -4.38261e+03 -4.39406e+03  1.23314e+03  6.20613e+03 -7.33249e+02  8.97151e+01  4.50747e+01
235  10  6.36265e+01          nan -4.38293e+03 -4.38709e+03  1.24513e+03  6.20137e+03 -7.29728e+02  8.98257e+01  4.50272e+01
236  10  2.80343e+01          nan -4.38556e+03 -4.39692e+03  1.23441e+03  6.21022e+03 -2.03093e+00  8.97270e+01  4.50741e+01
237  12  9.52944e+01          nan -4.38270e+03 -4.40049e+03  1.23437e+03  6.21073e+03 -4.59408e+00  8.97267e+01  4.51160e+01
238  13  8.55409e+01          nan -4.38378e+03 -4.39884e+03  1.23436e+03  6.21033e+03 -3.05715e+00  8.97266e+01  4.50983e+01
239  10  5.79636e+01          nan -4.38361e+03 -4.39791e+03  1.23435e+03  6.20955e+03 -3.09681e+00  8.97264e+01  4.50933e+01
240  13  9.73473e+01          nan -4.38413e+03 -4.39906e+03  1.23434e+03  6.21073e+03 -2.96745e+00  8.97264e+01  4.50974e+01
241  10  3.80448e+01          nan -4.38338e+03 -4.39546e+03  1.24112e+03  6.20762e+03 -7.34688e+02  8.97888e+01  4.50788e+01
242  10  5.46707e+01          nan -4.38338e+03 -4.39919e+03  1.23435e+03  6.21030e+03 -2.79029e+00  8.97265e+01  4.51032e+01
243  13  9.35901e+01          nan -4.38442e+03 -4.39979e+03  1.23437e+03  6.21145e+03 -2.28387e+00  8.97267e+01  4.51003e+01
244  11  1.02666e+02          nan -4.38454e+03 -4.39833e+03  1.23435e+03  6.21050e+03 -9.72990e-01  8.97265e+01  4.50900e+01
245  10  3.22545e+01          nan -4.38251e+03 -4.38783e+03  1.22721e+03  6.20168e+03 -7.30710e+02  8.96601e+01  4.50348e+01
246  10  4.82297e+01          nan -4.38349e+03 -4.39848e+03  1.23439e+03  6.20987e+03 -3.29461e+00  8.97268e+01  4.50978e+01
247  10  4.71058e+01          nan -4.38348e+03 -4.39850e+03  1.23438e+03  6.20988e+03 -3.30089e+00  8.97267e+01  4.50980e+01
248  12  8.70354e+01          nan -4.38440e+03 -4.39834e+03  1.23437e+03  6.21041e+03 -2.26653e+00  8.97267e+01  4.50910e+01
249  10  7.64104e+01          nan -4.38382e+03 -4.39890e+03  1.23441e+03  6.21040e+03 -3.12982e+00  8.97270e+01  4.50984e+01
250  11  1.24361e+02          nan -4.38307e+03 -4.39826e+03  1.23437e+03  6.20942e+03 -2.32343e+00  8.97266e+01  4.50991e+01
251  12  9.42780e+01          nan -4.38440e+03 -4.39731e+03  1.23440e+03  6.20968e+03 -1.82258e+00  8.97269e+01  4.50842e+01
252  10  6.46515e+01          nan -4.38337e+03 -4.39759e+03  1.23438e+03  6.20916e+03 -3.01512e+00  8.97267e+01  4.50928e+01
253  11  5.75373e+01          nan -4.38314e+03 -4.39771e+03  1.24933e+03  6.20903e+03 -7.36444e+02  8.98647e+01  4.50951e+01
254   9  3.05151e+01          nan -4.38561e+03 -4.39833e+03  1.23452e+03  6.21126e+03 -3.23914e+00  8.97281e+01  4.50830e+01
255  13  6.59706e+01          nan -4.38398e+03 -4.39782e+03  1.23438e+03  6.20975e+03 -2.43978e+00  8.97267e+01  4.50903e+01
256   8  3.42653e+01          nan -4.38413e+03 -4.39820e+03  1.23444e+03  6.21012e+03 -3.48422e+00  8.97273e+01  4.50918e+01
257  12  7.12884e+01          nan -4.38503e+03 -4.39751e+03  1.23444e+03  6.21027e+03 -2.51037e+00  8.97273e+01  4.50814e+01
258  11  7.71694e+01          nan -4.38145e+03 -4.39262e+03  1.24552e+03  6.20424e+03 -7.34893e+02  8.98293e+01  4.50729e+01
259  10  6.12881e+01          nan -4.38373e+03 -4.39797e+03  1.23440e+03  6.20967e+03 -2.40081e+00  8.97269e+01  4.50929e+01
260  10  2.45970e+01          nan -4.38364e+03 -4.38404e+03  1.26060e+03  6.19969e+03 -7.27360e+02  8.99685e+01  4.50027e+01
261  11  7.79515e+01          nan -4.38434e+03 -4.39839e+03  1.23439e+03  6.21041e+03 -2.32989e+00  8.97268e+01  4.50917e+01
262  12  5.83795e+01          nan -4.38633e+03 -4.40266e+03  1.25329e+03  6.21477e+03 -1.15437e+03  8.99012e+01  4.51065e+01
263  11  6.98775e+01          nan -4.38508e+03 -4.39731e+03  1.23442e+03  6.21016e+03 -1.15315e+00  8.97271e+01  4.50798e+01
264  13  9.44332e+01          nan -4.38411e+03 -4.40007e+03  1.23438e+03  6.21143e+03 -3.68358e+00  8.97268e+01  4.51041e+01
265  11  5.64087e+01          nan -4.38517e+03 -4.39886e+03  1.23506e+03  6.21132e+03 -3.99163e+00  8.97331e+01  4.50893e+01
266  10  4.54053e+01          nan -4.38542e+03 -4.39630e+03  1.23445e+03  6.20969e+03 -2.26954e+00  8.97273e+01  4.50710e+01
267  12  6.71842e+01          nan -4.38429e+03 -4.39847e+03  1.23438e+03  6.21043e+03 -2.29886e+00  8.97268e+01  4.50925e+01
268   9  4.75096e+01          nan -4.38441e+03 -4.39797e+03  1.23439e+03  6.21016e+03 -2.17021e+00  8.97268e+01  4.50884e+01
269  10  2.32194e+01          nan -4.38248e+03 -4.38921e+03  1.25538e+03  6.20253e+03 -7.31181e+02  8.99203e+01  4.50440e+01
270  10  3.22987e+01          nan -4.38427e+03 -4.39792e+03  1.23438e+03  6.21003e+03 -2.75979e+00  8.97267e+01  4.50891e+01
271  12  7.63704e+01          nan -4.38262e+03 -4.39434e+03  1.23847e+03  6.20631e+03 -7.34413e+02  8.97643e+01  4.50765e+01
272  10  4.11748e+01          nan -4.38423e+03 -4.39804e+03  1.23442e+03  6.21008e+03 -2.68831e+00  8.97271e+01  4.50901e+01
273   9  4.01035e+01          nan -4.38324e+03 -4.39405e+03  1.25080e+03  6.20650e+03 -7.33927e+02  8.98782e+01  4.50706e+01
274  12  5.38903e+01          nan -4.38440e+03 -4.39840e+03  1.23440e+03  6.21046e+03 -2.64407e+00  8.97270e+01  4.50913e+01
275  12  8.94307e+01          nan -4.38431e+03 -4.39841e+03  1.23443e+03  6.21040e+03 -2.10753e+00  8.97272e+01  4.50920e+01
276  12  5.49950e+01          nan -4.38373e+03 -4.39830e+03  1.23442e+03  6.20991e+03 -2.79552e+00  8.97271e+01  4.50950e+01
277   9  4.46158e+01          nan -4.38445e+03 -4.39697e+03  1.23440e+03  6.20948e+03 -2.07113e+00  8.97268e+01  4.50817e+01
278  10  3.66072e+01          nan -4.38419e+03 -4.39089e+03  1.23775e+03  6.20498e+03 -7.30863e+02  8.97577e+01  4.50438e+01
279  12  1.33677e+02          nan -4.38385e+03 -4.40142e+03  1.23443e+03  6.21221e+03 -4.81550e+00  8.97273e+01  4.51146e+01
280  11  1.03060e+02          nan -4.38405e+03 -4.39852e+03  1.23444e+03  6.21029e+03 -2.73862e+00  8.97273e+01  4.50944e+01
281  12  3.77366e+01          nan -4.38193e+03 -4.39206e+03  1.24312e+03  6.20419e+03 -7.33703e+02  8.98071e+01  4.50661e+01
282  11  9.30668e+01          nan -4.38484e+03 -4.39959e+03  1.23444e+03  6.21161e+03 -3.18402e+00  8.97274e+01  4.50962e+01
283   7  1.81673e+01          nan -4.38515e+03 -4.39159e+03  1.26097e+03  6.20610e+03 -7.31217e+02  8.99720e+01  4.50420e+01
284  10  3.71866e+01          nan -4.38464e+03 -4.39776e+03  1.23443e+03  6.21018e+03 -3.15995e+00  8.97272e+01  4.50856e+01
285  11  6.00031e+01          nan -4.38372e+03 -4.39867e+03  1.23442e+03  6.21016e+03 -2.99801e+00  8.97271e+01  4.50975e+01
286   9  6.25927e+01          nan -4.38132e+03 -4.39133e+03  1.27888e+03  6.20323e+03 -7.34698e+02  9.01374e+01  4.50654e+01
287  12  8.19228e+01          nan -4.38478e+03 -4.39793e+03  1.23446e+03  6.21039e+03 -2.27630e+00  8.97275e+01  4.50858e+01
288  10  2.91541e+01          nan -4.38560e+03 -4.39739e+03  1.23443e+03  6.21059e+03 -1.91377e+00  8.97272e+01  4.50769e+01
289   9  3.49726e+01          nan -4.38290e+03 -4.39117e+03  1.28302e+03  6.20423e+03 -7.33075e+02  9.01757e+01  4.50540e+01
290  12  8.74152e+01          nan -4.38419e+03 -4.39933e+03  1.23445e+03  6.21097e+03 -3.48181e+00  8.97274e+01  4.50988e+01
291   9  2.91341e+01          nan -4.38468e+03 -4.39857e+03  1.23446e+03  6.21078e+03 -3.14340e+00  8.97275e+01  4.50906e+01
292  10  9.14784e+01          nan -4.38439e+03 -4.39867e+03  1.23446e+03  6.21064e+03 -2.41897e+00  8.97275e+01  4.50931e+01
293   9  4.73226e+01          nan -4.38479e+03 -4.39810e+03  1.23445e+03  6.21052e+03 -1.73172e+00  8.97274e+01  4.50868e+01
294   9  2.43182e+01          nan -4.38501e+03 -4.39729e+03  1.29010e+03  6.21008e+03 -7.36118e+02  9.02408e+01  4.50801e+01
295  10  6.83563e+01          nan -4.38356e+03 -4.40016e+03  1.23446e+03  6.21111e+03 -3.98420e+00  8.97275e+01  4.51083e+01
296  11  2.44418e+01          nan -4.38589e+03 -4.39893e+03  1.23486e+03  6.21188e+03 -3.38097e+00  8.97313e+01  4.50851e+01
297  10  2.64331e+01          nan -4.38513e+03 -4.39805e+03  1.23448e+03  6.21073e+03 -2.62770e+00  8.97277e+01  4.50842e+01
298  10  1.69962e+01          nan -4.38251e+03 -4.39190e+03  1.29425e+03  6.20452e+03 -7.34363e+02  9.02793e+01  4.50614e+01
299  11  4.41099e+01          nan -4.38499e+03 -4.39802e+03  1.23442e+03  6.21060e+03 -1.72398e+00  8.97271e+01  4.50850e+01
300  11  5.07467e+01          nan -4.38934e+03 -4.41106e+03  1.23706e+03  6.22290e+03 -1.43560e+01  8.97520e+01  4.51414e+01
301  12  6.70411e+01          nan -4.38515e+03 -4.40142e+03  1.23449e+03  6.21313e+03 -4.20565e+00  8.97278e+01  4.51061e+01
302  11  8.77168e+01          nan -4.38581e+03 -4.39787e+03  1.23445e+03  6.21108e+03 -7.24476e-01  8.97274e+01  4.50787e+01
303  10  6.71713e+01          nan -4.38427e+03 -4.40040e+03  1.26141e+03  6.21171e+03 -7.37572e+02  8.99761e+01  4.51052e+01
304   7  6.85960e+00          nan -4.38399e+03 -4.39915e+03  1.37175e+03  6.21156e+03 -7.47602e+02  9.09940e+01  4.50989e+01
305  11  8.73499e+01          nan -4.38393e+03 -4.39929e+03  1.23449e+03  6.21075e+03 -3.57644e+00  8.97277e+01  4.51002e+01
306  11  5.93113e+01          nan -4.38416e+03 -4.39808e+03  1.23447e+03  6.21006e+03 -2.72588e+00  8.97276e+01  4.50908e+01
307  10  3.58628e+01          nan -4.38526e+03 -4.39715e+03  1.23446e+03  6.21018e+03 -1.98090e+00  8.97274e+01  4.50775e+01
308  12  4.01384e+01          nan -4.38442e+03 -4.39820e+03  1.23447e+03  6.21033e+03 -2.57233e+00  8.97276e+01  4.50899e+01
309  11  7.57818e+01          nan -4.38417e+03 -4.39907e+03  1.23446e+03  6.21076e+03 -2.97327e+00  8.97275e+01  4.50972e+01
310  13  1.02525e+02          nan -4.38446e+03 -4.39830e+03  1.23447e+03  6.21043e+03 -2.12369e+00  8.97276e+01  4.50903e+01
311  11  6.37379e+01          nan -4.38465e+03 -4.39585e+03  1.25738e+03  6.20876e+03 -7.34126e+02  8.99389e+01  4.50731e+01
312  10  2.60929e+01          nan -4.38242e+03 -4.39325e+03  1.30114e+03  6.20545e+03 -7.36311e+02  9.03429e+01  4.50707e+01
313  11  7.20486e+01          nan -4.38338e+03 -4.38951e+03  1.26834e+03  6.20337e+03 -7.31178e+02  9.00401e+01  4.50401e+01
314  11  1.81565e+01          nan -4.38327e+03 -4.39010e+03  1.28475e+03  6.20375e+03 -7.32461e+02  9.01917e+01  4.50446e+01
315  11  3.61099e+01          nan -4.38239e+03 -4.39502e+03  1.30149e+03  6.20669e+03 -7.37859e+02  9.03461e+01  4.50824e+01
316  10  2.20809e+01          nan -4.38419e+03 -4.39900e+03  1.28342e+03  6.21069e+03 -1.15045e+03  9.01791e+01  4.50966e+01
317   9  1.68598e+01          nan -4.38473e+03 -4.38922e+03  1.26508e+03  6.20412e+03 -7.29349e+02  9.00100e+01  4.50293e+01
318  10  8.25897e+01          nan -4.38471e+03 -4.39806e+03  1.23449e+03  6.21043e+03 -2.12643e+00  8.97277e+01  4.50871e+01
319  11  3.28332e+01          nan -4.38532e+03 -4.39784e+03  1.23445e+03  6.21071e+03 -2.09362e+00  8.97274e+01  4.50816e+01
320  11  7.78362e+01          nan -4.38433e+03 -4.39872e+03  1.23445e+03  6.21063e+03 -2.34440e+00  8.97273e+01  4.50939e+01
321  10  5.63467e+01          nan -4.38714e+03 -4.39757e+03  1.23460e+03  6.21180e+03 -1.36994e+00  8.97288e+01  4.50680e+01
322  11  5.25076e+01          nan -4.38413e+03 -4.39764e+03  1.23447e+03  6.20972e+03 -2.31495e+00  8.97275e+01  4.50882e+01
323  10  8.59423e+01          nan -4.38326e+03 -4.40041e+03  1.23446e+03  6.21108e+03 -3.50995e+00  8.97275e+01  4.51119e+01
324   9  3.72781e+01          nan -4.38548e+03 -4.39787e+03  1.23446e+03  6.21084e+03 -1.83042e+00  8.97275e+01  4.50808e+01
325  10  7.81044e+01          nan -4.38467e+03 -4.39833e+03  1.23447e+03  6.21059e+03 -1.98504e+00  8.97275e+01  4.50891e+01
326  10  5.57547e+01          nan -4.38547e+03 -4.39877e+03  1.23462e+03  6.21147e+03 -3.11282e+00  8.97290e+01  4.50868e+01
327  11  2.21506e+01          nan -4.38324e+03 -4.38907e+03  1.28341e+03  6.20299e+03 -7.31574e+02  9.01792e+01  4.50381e+01
328  10  1.61812e+01          nan -4.38481e+03 -4.39750e+03  1.28346e+03  6.21007e+03 -7.35877e+02  9.01795e+01  4.50828e+01
329  10  6.20537e+01          nan -4.38319e+03 -4.39881e+03  1.23447e+03  6.20989e+03 -2.80431e+00  8.97275e+01  4.51019e+01
330  12  6.36541e+01          nan -4.38539e+03 -4.39954e+03  1.23448e+03  6.21196e+03 -2.94478e+00  8.97277e+01  4.50923e+01
331  10  6.61004e+01          nan -4.38379e+03 -4.39973e+03  1.23446e+03  6.21097e+03 -3.61426e+00  8.97275e+01  4.51040e+01
332  13  8.51687e+01          nan -4.38387e+03 -4.40028e+03  1.23447e+03  6.21141e+03 -3.39652e+00  8.97276e+01  4.51071e+01
333   8  7.29142e+01          nan -4.38219e+03 -4.38909e+03  1.28722e+03  6.20228e+03 -7.33204e+02  9.02145e+01  4.50450e+01
334  10  5.15145e+01          nan -4.38732e+03 -4.40791e+03  1.23626e+03  6.21925e+03 -1.11072e+01  8.97444e+01  4.51341e+01
335  12  5.62624e+01          nan -4.38476e+03 -4.39756e+03  1.23448e+03  6.21012e+03 -1.79929e+00  8.97276e+01  4.50835e+01
336  10  4.27622e+01          nan -4.38380e+03 -4.39786e+03  1.23448e+03  6.20965e+03 -2.84895e+00  8.97276e+01  4.50917e+01
337  10  2.72515e+01          nan -4.38125e+03 -4.39491e+03  1.30168e+03  6.20580e+03 -7.38250e+02  9.03479e+01  4.50892e+01
338  12  6.73460e+01          nan -4.38620e+03 -4.39806e+03  1.23456e+03  6.21148e+03 -2.05089e+00  8.97284e+01  4.50774e+01
339  10  3.25938e+01          nan -4.39340e+03 -4.41225e+03  1.24315e+03  6.22659e+03 -1.82299e+01  8.98081e+01  4.51226e+01
340   9  4.50803e+01          nan -4.38736e+03 -4.39910e+03  1.23763e+03  6.21303e+03 -4.02287e+00  8.97568e+01  4.50765e+01
341  10  2.88663e+01          nan -4.38287e+03 -4.39785e+03  1.23447e+03  6.20899e+03 -3.85365e+00  8.97275e+01  4.50978e+01
342  10  5.27789e+01          nan -4.38238e+03 -4.39527e+03  1.26615e+03  6.20675e+03 -7.36402e+02  9.00199e+01  4.50841e+01
343  12  5.26254e+01          nan -4.38487e+03 -4.39994e+03  1.23452e+03  6.21187e+03 -3.94502e+00  8.97281e+01  4.50983e+01
344  13  4.68436e+01          nan -4.38429e+03 -4.39979e+03  1.23459e+03  6.21136e+03 -4.55361e+00  8.97287e+01  4.51011e+01
345  10  7.33896e+01          nan -4.38394e+03 -4.39909e+03  1.23452e+03  6.21062e+03 -2.91701e+00  8.97280e+01  4.50989e+01
346   9  2.30018e+01          nan -4.38466e+03 -4.39595e+03  1.30839e+03  6.20899e+03 -7.36371e+02  9.04096e+01  4.50737e+01
347  12  4.61087e+01          nan -4.38500e+03 -4.39822e+03  1.23455e+03  6.21075e+03 -2.76596e+00  8.97283e+01  4.50863e+01
348  10  4.50507e+01          nan -4.38483e+03 -4.39747e+03  1.23449e+03  6.21010e+03 -1.80142e+00  8.97277e+01  4.50825e+01
349  12  4.02219e+01          nan -4.38540e+03 -4.39749e+03  1.23455e+03  6.21052e+03 -2.31835e+00  8.97283e+01  4.50789e+01
350  10  4.35069e+01          nan -4.38513e+03 -4.39884e+03  1.23455e+03  6.21128e+03 -2.75531e+00  8.97283e+01  4.50894e+01
351  10  3.03779e+01          nan -4.38571e+03 -4.40159e+03  1.27471e+03  6.21358e+03 -1.15355e+03  9.00987e+01  4.51036e+01
352  11  3.99683e+01          nan -4.38538e+03 -4.39831e+03  1.23454e+03  6.21109e+03 -2.48940e+00  8.97283e+01  4.50844e+01
353  11  6.94449e+01          nan -4.38480e+03 -4.39924e+03  1.23449e+03  6.21133e+03 -1.90044e+00  8.97278e+01  4.50942e+01
354  10  2.47262e+01          nan -4.38306e+03 -4.39181e+03  1.27776e+03  6.20479e+03 -7.33807e+02  9.01271e+01  4.50571e+01
355  10  6.93470e+01          nan -4.38425e+03 -4.39908e+03  1.23452e+03  6.21083e+03 -2.49500e+00  8.97281e+01  4.50968e+01
356  11  5.03988e+01          nan -4.38381e+03 -4.39860e+03  1.23451e+03  6.21018e+03 -2.65246e+00  8.97279e+01  4.50965e+01
357  12  3.06241e+01          nan -4.38429e+03 -4.39872e+03  1.23451e+03  6.21060e+03 -3.52845e+00  8.97280e+01  4.50941e+01
358  11  4.97256e+01          nan -4.38125e+03 -4.39495e+03  1.26911e+03  6.20572e+03 -7.37238e+02  9.00471e+01  4.50894e+01
359  12  3.97675e+01          nan -4.38505e+03 -4.39863e+03  1.23453e+03  6.21108e+03 -2.31832e+00  8.97281e+01  4.50886e+01
360  10  1.98449e+01          nan -4.38410e+03 -4.39897e+03  1.23453e+03  6.21064e+03 -3.67467e+00  8.97281e+01  4.50970e+01
361   9  1.67017e+01          nan -4.38382e+03 -4.38361e+03  1.25418e+03  6.19952e+03 -7.26623e+02  8.99093e+01  4.49987e+01
362  12  5.89419e+01          nan -4.38378e+03 -4.39917e+03  1.23450e+03  6.21056e+03 -2.51862e+00  8.97279e+01  4.51004e+01
363  10  3.74325e+01          nan -4.38549e+03 -4.39703e+03  1.23453e+03  6.21026e+03 -1.43725e+00  8.97281e+01  4.50752e+01
364   9  1.57690e+01          nan -4.38087e+03 -4.39041e+03  1.29970e+03  6.20234e+03 -7.35517e+02  9.03298e+01  4.50623e+01
365   9  4.98869e+01          nan -4.38395e+03 -4.39863e+03  1.23450e+03  6.21030e+03 -2.19522e+00  8.97278e+01  4.50958e+01
366  12  3.50149e+01          nan -4.38456e+03 -4.39884e+03  1.23455e+03  6.21088e+03 -3.46990e+00  8.97283e+01  4.50931e+01
367  10  6.71903e+01          nan -4.38532e+03 -4.39795e+03  1.23452e+03  6.21078e+03 -1.11686e+00  8.97280e+01  4.50824e+01
368  13  6.71006e+01          nan -4.38384e+03 -4.39993e+03  1.23453e+03  6.21114e+03 -2.99150e+00  8.97281e+01  4.51050e+01
369  10  2.79914e+01          nan -4.38220e+03 -4.39870e+03  1.32221e+03  6.20932e+03 -7.42324e+02  9.05371e+01  4.51076e+01
370   9  4.79586e+01          nan -4.38532e+03 -4.39693e+03  1.23451e+03  6.21006e+03 -1.08466e+00  8.97279e+01  4.50757e+01
371  11  2.81584e+01          nan -4.38276e+03 -4.39718e+03  1.32830e+03  6.20869e+03 -7.41106e+02  9.05934e+01  4.50941e+01
372  11  6.07388e+01          nan -4.38393e+03 -4.39944e+03  1.23451e+03  6.21086e+03 -2.36006e+00  8.97280e+01  4.51012e+01
