0  13  1.11985e+00
1  11  2.69175e-03
2  10  1.85800e-03
3  10  2.54583e-03
4  11  2.83885e-03
5  11  2.50101e-03
6  10  2.35987e-03
7  11  2.20585e-03
8  10  2.54011e-03
9  11  2.91610e-03
10  10  2.48289e-03
11  11  3.31998e-03
12  12  2.70081e-03
13   9  2.26688e-03
14  11  2.57087e-03
15   9  2.60091e-03
16  10  2.14601e-03
17   7  1.80507e-03
18  12  2.40803e-03
19  11  2.47288e-03
20  11  2.59495e-03
21   8  2.02394e-03
22  12  2.61688e-03
23   9  2.02990e-03
24  10  2.49076e-03
25  11  2.79999e-03
26  10  2.27690e-03
27  11  2.31910e-03
28  10  2.15673e-03
29  11  2.39205e-03
30  13  3.64208e-03
31  11  2.87223e-03
32   8  2.00987e-03
33  12  2.43807e-03
34  12  3.26085e-03
35   9  2.30002e-03
36  10  2.81620e-03
37  13  3.74079e-03
38  10  2.75874e-03
39   9  2.69699e-03
40  11  2.73585e-03
41  12  3.04985e-03
42  12  2.94089e-03
43  11  3.24607e-03
44  11  2.31695e-03
45  10  2.20394e-03
46  13  3.24607e-03
47  10  2.73705e-03
48  11  3.08895e-03
49   9  2.87485e-03
50  10  2.97022e-03
51  13  3.31998e-03
52  13  2.99692e-03
53   9  2.03395e-03
54  10  2.69532e-03
55  12  3.20101e-03
56  10  2.81096e-03
57  11  4.01807e-03
58  12  3.24297e-03
59   9  2.33507e-03
60  11  2.96617e-03
61  12  2.87390e-03
62  10  2.33889e-03
63   9  2.60186e-03
64  10  2.65193e-03
65   9  2.47598e-03
66  12  2.73490e-03
67  12  3.10874e-03
68  11  2.98285e-03
69  10  2.73585e-03
70  10  1.98507e-03
71  11  2.96092e-03
72  12  3.16215e-03
73  11  2.51484e-03
74  13  3.64685e-03
75   9  2.38109e-03
76  10  1.78695e-03
77  11  2.98810e-03
78  11  2.90895e-03
79   8  2.43020e-03
80  12  3.14689e-03
81   7  2.35891e-03
82  11  3.51501e-03
83  13  2.65384e-03
84  10  3.00813e-03
85  11  2.98905e-03
86  11  3.14498e-03
87   9  2.06375e-03
88   9  2.38490e-03
89  10  2.41470e-03
90   9  2.96974e-03
91  11  3.19600e-03
92  11  3.10612e-03
93   7  2.28786e-03
94  12  3.52788e-03
95  11  2.71297e-03
96  12  3.48783e-03
97  11  2.76685e-03
98  10  2.79307e-03
99  10  2.34389e-03
100  11  2.87628e-03
101  11  2.53916e-03
102  12  2.84004e-03
103  12  2.72202e-03
104  10  2.57206e-03
105  10  2.39897e-03
106  12  2.99501e-03
107  11  2.91300e-03
108  11  2.91896e-03
109  10  2.02179e-03
110  12  3.08585e-03
111  12  3.34001e-03
112  12  2.90298e-03
113  11  2.52390e-03
114   9  1.93262e-03
115  11  2.43521e-03
116  11  2.86007e-03
117  12  3.13401e-03
118  11  2.94399e-03
119  11  2.57993e-03
120  10  2.71678e-03
121  10  2.82598e-03
122  10  2.98190e-03
123  13  3.19600e-03
124  12  2.60687e-03
125  10  2.40731e-03
126  12  3.49283e-03
127   8  2.15912e-03
128  10  3.05080e-03
129   8  2.37179e-03
130  10  2.72799e-03
131  11  3.04794e-03
132  13  2.96187e-03
133  11  2.74801e-03
134  12  3.28708e-03
135  10  2.62094e-03
136  13  2.56681e-03
137  11  2.94709e-03
138  11  2.85530e-03
139   9  2.15006e-03
140   9  2.81119e-03
141  10  2.97689e-03
142  10  2.76184e-03
143  13  2.87390e-03
144   9  2.75588e-03
145  12  3.16906e-03
146  14  3.98016e-03
147  11  3.01385e-03
148  11  2.93994e-03
149  13  3.24416e-03
150  10  2.92397e-03
151  11  3.14331e-03
152   9  2.27308e-03
153   9  2.53105e-03
154  11  2.16389e-03
155  11  2.69318e-03
156  12  3.42178e-03
157   9  2.04587e-03
158   9  2.20990e-03
159  13  2.50578e-03
160  11  3.33786e-03
161  12  2.88796e-03
162  15  4.28891e-03
163  12  2.99907e-03
164  11  3.05223e-03
165  10  2.74301e-03
166  10  2.63906e-03
167  12  2.74301e-03
168  12  3.13807e-03
169   8  2.79093e-03
170  11  2.96402e-03
171   9  2.17104e-03
172  11  3.15285e-03
173  10  2.25091e-03
174  11  2.66218e-03
175  12  2.96426e-03
176   8  2.58899e-03
177  10  2.88677e-03
178  10  2.16293e-03
179  13  3.42298e-03
180  10  3.38626e-03
181  11  2.74801e-03
182   9  2.88796e-03
183  12  3.72100e-03
184  13  3.31187e-03
185  10  2.39420e-03
186  11  3.38697e-03
187  12  3.47900e-03
188  11  3.08609e-03
189  11  3.06010e-03
190  11  3.10087e-03
191  12  3.22580e-03
192  13  4.48513e-03
193  12  3.87216e-03
194   9  2.99978e-03
195  10  2.99001e-03
196  11  2.83217e-03
197  11  2.78807e-03
198  11  2.64311e-03
199  12  3.31593e-03
200  11  2.10214e-03
201   9  2.74515e-03
202   7  2.04301e-03
203  11  2.83098e-03
204  10  2.50602e-03
205  11  3.15785e-03
206  11  2.71583e-03
207   9  2.46406e-03
208  10  2.90108e-03
209  10  2.50173e-03
210   8  2.29287e-03
211  12  3.17717e-03
212  11  2.79593e-03
213  12  3.16000e-03
214  11  3.04008e-03
215  12  3.10612e-03
216  12  3.12877e-03
217   9  2.95806e-03
218  13  3.30687e-03
219   9  2.29812e-03
220  11  2.88892e-03
221  12  3.01576e-03
222  13  2.66886e-03
223  11  2.63977e-03
224  13  3.46327e-03
225  13  3.37195e-03
226  12  2.93398e-03
227  11  3.19815e-03
228  11  3.58915e-03
229  13  3.20220e-03
230  11  2.97880e-03
231  12  2.80190e-03
232  11  3.03388e-03
233  11  2.25496e-03
234  11  2.79498e-03
235  10  3.27015e-03
236  10  3.00312e-03
237  12  3.70193e-03
238  13  2.44284e-03
239  10  2.47431e-03
240  13  3.55482e-03
241  10  2.51007e-03
242  10  2.55895e-03
243  13  3.04794e-03
244  11  2.42209e-03
245  10  2.67816e-03
246  10  2.90394e-03
247  10  3.06296e-03
248  12  3.14188e-03
249  10  4.11797e-03
250  11  3.14808e-03
251  12  3.95179e-03
252  10  3.61609e-03
253  11  3.36885e-03
254   9  2.29502e-03
255  13  3.64113e-03
256   8  2.80809e-03
257  12  3.33095e-03
258  11  3.04365e-03
259  10  3.18599e-03
260  10  3.22413e-03
261  11  3.12400e-03
262  12  3.19505e-03
263  11  3.02505e-03
264  13  3.61919e-03
265  11  3.04008e-03
266  10  2.41208e-03
267  12  2.70391e-03
268   9  2.54893e-03
269  10  3.20363e-03
270  10  2.85602e-03
271  12  3.46279e-03
272  10  2.61402e-03
273   9  2.70104e-03
274  12  2.91991e-03
275  12  2.91991e-03
276  12  3.19290e-03
277   9  2.58899e-03
278  10  2.85506e-03
279  12  3.10493e-03
280  11  2.76685e-03
281  12  2.66600e-03
282  11  2.75087e-03
283   7  2.16293e-03
284  10  2.57707e-03
285  11  2.98786e-03
286   9  2.40993e-03
287  12  3.05200e-03
288  10  3.08204e-03
289   9  3.01313e-03
290  12  3.08299e-03
291   9  2.28405e-03
292  10  2.78711e-03
293   9  2.46239e-03
294   9  2.29096e-03
295  10  2.86889e-03
296  11  2.80881e-03
297  10  2.80499e-03
298  10  2.72703e-03
299  11  2.93612e-03
300  11  3.07894e-03
301  12  3.18503e-03
302  11  3.26800e-03
303  10  3.02482e-03
304   7  2.43402e-03
305  11  2.93183e-03
306  11  2.88606e-03
307  10  3.43776e-03
308  12  2.73800e-03
309  11  3.39103e-03
310  13  3.14689e-03
311  11  2.32601e-03
312  10  3.02196e-03
313  11  3.00193e-03
314  11  2.82001e-03
315  11  2.81906e-03
316  10  2.71797e-03
317   9  2.16985e-03
318  10  2.58589e-03
319  11  3.29399e-03
320  11  2.73395e-03
321  10  2.43402e-03
322  11  2.91300e-03
323  10  2.77400e-03
324   9  2.05326e-03
325  10  2.49505e-03
326  10  2.73585e-03
327  11  2.85387e-03
328  10  2.52986e-03
329  10  2.71320e-03
330  12  3.10183e-03
331  10  2.83289e-03
332  13  3.46494e-03
333   8  2.25711e-03
334  10  2.50316e-03
335  12  2.85888e-03
336  10  2.16293e-03
337  10  2.51293e-03
338  12  3.01909e-03
339  10  2.97689e-03
340   9  2.87795e-03
341  10  2.63715e-03
342  10  2.86698e-03
343  12  2.49171e-03
344  13  3.64423e-03
345  10  2.53892e-03
346   9  2.53296e-03
347  12  3.11303e-03
348  10  2.81906e-03
349  12  3.33595e-03
350  10  3.24106e-03
351  10  2.89416e-03
352  11  2.65098e-03
353  11  2.63715e-03
354  10  2.66790e-03
355  10  2.60019e-03
356  11  2.82979e-03
357  12  2.90418e-03
358  11  4.05502e-03
359  12  3.51906e-03
360  10  3.20196e-03
361   9  2.19488e-03
362  12  3.00121e-03
363  10  2.81906e-03
364   9  2.74396e-03
365   9  2.60472e-03
366  12  2.93088e-03
367  10  2.61140e-03
368  13  3.26228e-03
369  10  2.79021e-03
370   9  2.75898e-03
371  11  2.82097e-03
372  11  3.03698e-03
0  13  1.14491e+00
1  11  2.78711e-03
2  10  1.86014e-03
3  10  2.56991e-03
4  11  2.85172e-03
5  11  2.77400e-03
6  10  2.37584e-03
7  11  2.28190e-03
8  10  2.51079e-03
9  11  3.05486e-03
10  10  2.52604e-03
11  11  3.48210e-03
12  12  2.57921e-03
13   9  2.11596e-03
14  11  2.91586e-03
15   9  2.80976e-03
16  10  2.29788e-03
17   7  1.92213e-03
18  12  2.48909e-03
19  11  2.56801e-03
20  11  2.66504e-03
21   8  2.01035e-03
22  12  2.76685e-03
23   9  2.15697e-03
24  10  2.50697e-03
25  11  2.54416e-03
26  10  2.19417e-03
27  11  2.29502e-03
28  10  2.34222e-03
29  11  2.38013e-03
30  13  3.67618e-03
31  11  2.91920e-03
32   8  2.04897e-03
33  12  2.50316e-03
34  12  3.28684e-03
35   9  2.28095e-03
36  10  2.82693e-03
37  13  3.56197e-03
38  10  2.78664e-03
39   9  2.71702e-03
40  11  2.71511e-03
41  12  3.02505e-03
42  12  3.11017e-03
43  11  3.40199e-03
44  11  2.32387e-03
45  10  2.21896e-03
46  13  3.19505e-03
47  10  2.79284e-03
48  11  3.19386e-03
49   9  3.15499e-03
50  10  3.29494e-03
51  13  3.48282e-03
52  13  2.98595e-03
53   9  2.15125e-03
54  10  2.90895e-03
55  12  3.27086e-03
56  10  2.75493e-03
57  11  3.73125e-03
58  12  3.02792e-03
59   9  2.53916e-03
60  11  2.66695e-03
61  12  2.82478e-03
62  10  2.40922e-03
63   9  2.68602e-03
64  10  2.60186e-03
65   9  2.65193e-03
66  12  2.84910e-03
67  12  3.19099e-03
68  11  3.08299e-03
69  10  2.80213e-03
70  10  2.06089e-03
71  11  3.15309e-03
72  12  3.38602e-03
73  11  2.48599e-03
74  13  3.82400e-03
75   9  2.09308e-03
76  10  1.79100e-03
77  11  3.06702e-03
78  11  2.73013e-03
79   8  2.38514e-03
80  12  3.20196e-03
81   7  2.33388e-03
82  11  3.49641e-03
83  13  3.60131e-03
84  10  3.29185e-03
85  11  3.10397e-03
86  11  3.39293e-03
87   9  2.27308e-03
88   9  2.74515e-03
89  10  2.79117e-03
90   9  2.79403e-03
91  11  3.42917e-03
92  11  3.60775e-03
93   7  2.45714e-03
94  12  3.46017e-03
95  11  2.64311e-03
96  12  3.33190e-03
97  11  2.85816e-03
98  10  2.95782e-03
99  10  2.40183e-03
100  11  3.20911e-03
101  11  2.82788e-03
102  12  2.93612e-03
103  12  2.64597e-03
104  10  2.49600e-03
105  10  2.30289e-03
106  12  2.94709e-03
107  11  3.14999e-03
108  11  2.90728e-03
109  10  2.14005e-03
110  12  3.27516e-03
111  12  3.20387e-03
112  12  2.90298e-03
113  11  2.59304e-03
114   9  2.12693e-03
115  11  2.55799e-03
116  11  2.88987e-03
117  12  3.30710e-03
118  11  2.83694e-03
119  11  2.56300e-03
120  10  2.85387e-03
121  10  2.96307e-03
122  10  3.01600e-03
123  13  3.17478e-03
124  12  2.61617e-03
125  10  2.52795e-03
126  12  3.66974e-03
127   8  2.27404e-03
128  10  2.91705e-03
129   8  2.17509e-03
130  10  2.66814e-03
131  11  3.12018e-03
132  13  2.96783e-03
133  11  2.54297e-03
134  12  3.01290e-03
135  10  2.59089e-03
136  13  2.62308e-03
137  11  3.01600e-03
138  11  2.77090e-03
139   9  2.09904e-03
140   9  2.66004e-03
141  10  2.86388e-03
142  10  2.85316e-03
143  13  2.89273e-03
144   9  2.72274e-03
145  12  3.08800e-03
146  14  3.84998e-03
147  11  2.97427e-03
148  11  3.10493e-03
149  13  3.39293e-03
150  10  2.81501e-03
151  11  3.03125e-03
152   9  2.45094e-03
153   9  2.70891e-03
154  11  2.40922e-03
155  11  2.91586e-03
156  12  3.25394e-03
157   9  1.98603e-03
158   9  2.41613e-03
159  13  2.69580e-03
160  11  3.35717e-03
161  12  3.10397e-03
162  15  4.27389e-03
163  12  3.10278e-03
164  11  3.18694e-03
165  10  2.75588e-03
166  10  2.60496e-03
167  12  2.88367e-03
168  12  3.30806e-03
169   8  2.80404e-03
170  11  2.89106e-03
171   9  2.11215e-03
172  11  3.05915e-03
173  10  2.13790e-03
174  11  2.75588e-03
175  12  3.09300e-03
176   8  2.42186e-03
177  10  2.97403e-03
178  10  2.29096e-03
179  13  3.47304e-03
180  10  3.33595e-03
181  11  2.75588e-03
182   9  2.78974e-03
183  12  3.64184e-03
184  13  3.34263e-03
185  10  2.42591e-03
186  11  3.36218e-03
187  12  3.56197e-03
188  11  3.22700e-03
189  11  2.96807e-03
190  11  3.10874e-03
191  12  3.01099e-03
192  13  4.23694e-03
193  12  3.70908e-03
194   9  2.95496e-03
195  10  2.95401e-03
196  11  3.01814e-03
197  11  2.89106e-03
198  11  2.43688e-03
199  12  3.45397e-03
200  11  2.21705e-03
201   9  2.57206e-03
202   7  2.11310e-03
203  11  3.19481e-03
204  10  2.56610e-03
205  11  2.71177e-03
206  11  2.73895e-03
207   9  2.59209e-03
208  10  2.84481e-03
209  10  2.41613e-03
210   8  2.25687e-03
211  12  3.40009e-03
212  11  2.61688e-03
213  12  3.18408e-03
214  11  3.21698e-03
215  12  3.29399e-03
216  12  3.26180e-03
217   9  2.78902e-03
218  13  3.43227e-03
219   9  2.21801e-03
220  11  2.90298e-03
221  12  2.78282e-03
222  13  2.53701e-03
223  11  2.54488e-03
224  13  3.38387e-03
225  13  3.23510e-03
226  12  2.86317e-03
227  11  3.05629e-03
228  11  3.55029e-03
229  13  3.37911e-03
230  11  3.04103e-03
231  12  3.04103e-03
232  11  2.86508e-03
233  11  2.46716e-03
234  11  3.00288e-03
235  10  3.05605e-03
236  10  2.86508e-03
237  12  3.62611e-03
238  13  2.22492e-03
239  10  2.33603e-03
240  13  3.78013e-03
241  10  2.73395e-03
242  10  2.34509e-03
243  13  3.06797e-03
244  11  2.43998e-03
245  10  2.92683e-03
246  10  2.76494e-03
247  10  3.13711e-03
248  12  2.89893e-03
249  10  2.84791e-03
250  11  2.91300e-03
251  12  3.26800e-03
252  10  2.70009e-03
253  11  3.21198e-03
254   9  2.35581e-03
255  13  3.90911e-03
256   8  2.87008e-03
257  12  3.64804e-03
258  11  3.17717e-03
259  10  3.11399e-03
260  10  3.21198e-03
261  11  5.91016e-03
262  12  3.67808e-03
263  11  3.45087e-03
264  13  4.91691e-03
265  11  5.34487e-03
266  10  3.18313e-03
267  12  4.80986e-03
268   9  2.70176e-03
269  10  3.26920e-03
270  10  2.97189e-03
271  12  4.04525e-03
272  10  2.93088e-03
273   9  4.48203e-03
274  12  3.78108e-03
275  12  3.48091e-03
276  12  4.23813e-03
277   9  3.59511e-03
278  10  3.19004e-03
279  12  3.31998e-03
280  11  2.98977e-03
281  12  2.92087e-03
282  11  3.02005e-03
283   7  3.74222e-03
284  10  4.04882e-03
285  11  3.18193e-03
286   9  2.57993e-03
287  12  3.18003e-03
288  10  3.21794e-03
289   9  3.36909e-03
290  12  3.29614e-03
291   9  2.58183e-03
292  10  3.03411e-03
293   9  2.69485e-03
294   9  2.30384e-03
295  10  2.79188e-03
296  11  3.20673e-03
297  10  2.76685e-03
298  10  2.82288e-03
299  11  3.02982e-03
300  11  2.83599e-03
301  12  3.03984e-03
302  11  3.26681e-03
303  10  3.04413e-03
304   7  2.27404e-03
305  11  2.70414e-03
306  11  2.87390e-03
307  10  3.36385e-03
308  12  2.61927e-03
309  11  3.44110e-03
310  13  3.48401e-03
311  11  2.36297e-03
312  10  3.21889e-03
313  11  2.63619e-03
314  11  2.69794e-03
315  11  2.96998e-03
316  10  2.85411e-03
317   9  2.41208e-03
318  10  2.49815e-03
319  11  3.17979e-03
320  11  2.74086e-03
321  10  2.36797e-03
322  11  2.59590e-03
323  10  3.01409e-03
324   9  2.02870e-03
325  10  2.69294e-03
326  10  2.87890e-03
327  11  2.84791e-03
328  10  2.53963e-03
329  10  2.77781e-03
330  12  3.11518e-03
331  10  3.04508e-03
332  13  3.75295e-03
333   8  2.44188e-03
334  10  2.71821e-03
335  12  3.16024e-03
336  10  2.19607e-03
337  10  3.11971e-03
338  12  3.10683e-03
339  10  2.90084e-03
340   9  3.23033e-03
341  10  2.72107e-03
342  10  3.04675e-03
343  12  2.67696e-03
344  13  3.75986e-03
345  10  2.75612e-03
346   9  2.62499e-03
347  12  3.03507e-03
348  10  2.96974e-03
349  12  3.27396e-03
350  10  3.35097e-03
351  10  2.95496e-03
352  11  2.59185e-03
353  11  2.60711e-03
354  10  2.67696e-03
355  10  2.75612e-03
356  11  3.05486e-03
357  12  2.77090e-03
358  11  3.86786e-03
359  12  3.12805e-03
360  10  3.26777e-03
361   9  2.37107e-03
362  12  3.21221e-03
363  10  3.05200e-03
364   9  2.75803e-03
365   9  2.60496e-03
366  12  3.02005e-03
367  10  2.75183e-03
368  13  3.19409e-03
369  10  2.69485e-03
370   9  2.50816e-03
371  11  2.68912e-03
372  11  3.04532e-03
0  13  1.06639e+00
1  11  2.55084e-03
2  10  1.91188e-03
3  10  2.51818e-03
4  11  2.75803e-03
5  11  2.58708e-03
6  10  2.53677e-03
7  11  2.26808e-03
8  10  2.39396e-03
9  11  2.99215e-03
10  10  2.55728e-03
11  11  3.36003e-03
12  12  2.76518e-03
13   9  2.13385e-03
14  11  2.50912e-03
15   9  2.55489e-03
16  10  2.18606e-03
17   7  1.92714e-03
18  12  2.40922e-03
19  11  2.43902e-03
20  11  2.67911e-03
21   8  1.99819e-03
22  12  2.77305e-03
23   9  2.05374e-03
24  10  2.58398e-03
25  11  2.63786e-03
26  10  2.28691e-03
27  11  2.45976e-03
28  10  2.29907e-03
29  11  2.48885e-03
30  13  3.77393e-03
31  11  3.08084e-03
32   8  2.08879e-03
33  12  2.63286e-03
34  12  3.34477e-03
35   9  2.32601e-03
36  10  2.68102e-03
37  13  3.66116e-03
38  10  2.94995e-03
39   9  2.81310e-03
40  11  2.92301e-03
41  12  2.96760e-03
42  12  2.85912e-03
43  11  3.32594e-03
44  11  2.44498e-03
45  10  2.42281e-03
46  13  3.54314e-03
47  10  2.85697e-03
48  11  3.43204e-03
49   9  3.11399e-03
50  10  3.04914e-03
51  13  3.52407e-03
52  13  3.01290e-03
53   9  2.03300e-03
54  10  2.86222e-03
55  12  3.48496e-03
56  10  2.78878e-03
57  11  3.67522e-03
58  12  3.21889e-03
59   9  2.50912e-03
60  11  2.73585e-03
61  12  2.88630e-03
62  10  2.51389e-03
63   9  2.62809e-03
64  10  2.76113e-03
65   9  2.50006e-03
66  12  2.85101e-03
67  12  3.38507e-03
68  11  2.88820e-03
69  10  2.63906e-03
70  10  2.02131e-03
71  11  3.16191e-03
72  12  3.33309e-03
73  11  2.64692e-03
74  13  3.67308e-03
75   9  2.33603e-03
76  10  1.77097e-03
77  11  2.76709e-03
78  11  2.61903e-03
79   8  2.52008e-03
80  12  3.17693e-03
81   7  2.21491e-03
82  11  3.52001e-03
83  13  2.53487e-03
84  10  2.97880e-03
85  11  3.01576e-03
86  11  2.95281e-03
87   9  2.11525e-03
88   9  2.32911e-03
89  10  2.36797e-03
90   9  2.90012e-03
91  11  3.36528e-03
92  11  3.20411e-03
93   7  2.27380e-03
94  12  3.24202e-03
95  11  2.54512e-03
96  12  3.58796e-03
97  11  2.72012e-03
98  10  3.14093e-03
99  10  2.49195e-03
100  11  3.03411e-03
101  11  2.71916e-03
102  12  3.15809e-03
103  12  2.46215e-03
104  10  2.56634e-03
105  10  2.29192e-03
106  12  2.81382e-03
107  11  2.85220e-03
108  11  3.07083e-03
109  10  2.17319e-03
110  12  3.35312e-03
111  12  3.07989e-03
112  12  2.93493e-03
113  11  2.54893e-03
114   9  1.93286e-03
115  11  2.57897e-03
116  11  2.88081e-03
117  12  2.84195e-03
118  11  2.69604e-03
119  11  2.81882e-03
120  10  2.71893e-03
121  10  3.10993e-03
122  10  2.99096e-03
123  13  3.13759e-03
124  12  2.70176e-03
125  10  2.58470e-03
126  12  3.54981e-03
127   8  2.36511e-03
128  10  2.73705e-03
129   8  2.24495e-03
130  10  2.93517e-03
131  11  3.32904e-03
132  13  3.02792e-03
133  11  2.64788e-03
134  12  2.90632e-03
135  10  2.46024e-03
136  13  2.69914e-03
137  11  2.86412e-03
138  11  2.83027e-03
139   9  2.22015e-03
140   9  2.82717e-03
141  10  3.22986e-03
142  10  2.97904e-03
143  13  2.81310e-03
144   9  3.03817e-03
145  12  3.14188e-03
146  14  3.81088e-03
147  11  2.80213e-03
148  11  2.91681e-03
149  13  3.14116e-03
150  10  3.04317e-03
151  11  3.42894e-03
152   9  2.39682e-03
153   9  2.47073e-03
154  11  2.48337e-03
155  11  2.93398e-03
156  12  3.02505e-03
157   9  2.24209e-03
158   9  2.27690e-03
159  13  2.78306e-03
160  11  3.79586e-03
161  12  3.08609e-03
162  15  4.33683e-03
163  12  3.39484e-03
164  11  4.23408e-03
165  10  3.41892e-03
166  10  2.84123e-03
167  12  2.85172e-03
168  12  3.44110e-03
169   8  2.96187e-03
170  11  3.30091e-03
171   9  2.32720e-03
172  11  3.43919e-03
173  10  2.33006e-03
174  11  2.70891e-03
175  12  3.21102e-03
176   8  2.55680e-03
177  10  2.83909e-03
178  10  2.11501e-03
179  13  3.43204e-03
180  10  3.20005e-03
181  11  2.50506e-03
182   9  2.72584e-03
183  12  3.75223e-03
184  13  3.24917e-03
185  10  2.39301e-03
186  11  3.41392e-03
187  12  3.50213e-03
188  11  3.21102e-03
189  11  2.90036e-03
190  11  2.98977e-03
191  12  2.97189e-03
192  13  4.51016e-03
193  12  3.76916e-03
194   9  2.94995e-03
195  10  2.91896e-03
196  11  2.81501e-03
197  11  2.79593e-03
198  11  2.50602e-03
199  12  3.30210e-03
200  11  2.24376e-03
201   9  2.68507e-03
202   7  2.09475e-03
203  11  2.84791e-03
204  10  2.58827e-03
205  11  2.99311e-03
206  11  2.43878e-03
207   9  2.48408e-03
208  10  2.94185e-03
209  10  2.59972e-03
210   8  2.51698e-03
211  12  3.36623e-03
212  11  2.71797e-03
213  12  3.15785e-03
214  11  2.94113e-03
215  12  3.15428e-03
216  12  3.17502e-03
217   9  2.80905e-03
218  13  3.50904e-03
219   9  2.31194e-03
220  11  2.81191e-03
221  12  2.80213e-03
222  13  2.70104e-03
223  11  2.77519e-03
224  13  3.33595e-03
225  13  3.21317e-03
226  12  2.90728e-03
227  11  3.12901e-03
228  11  3.53169e-03
229  13  3.36385e-03
230  11  3.22676e-03
231  12  3.06106e-03
232  11  3.04317e-03
233  11  2.36678e-03
234  11  2.97213e-03
235  10  3.09300e-03
236  10  2.81787e-03
237  12  3.54576e-03
238  13  2.23994e-03
239  10  2.52104e-03
240  13  3.76177e-03
241  10  2.65193e-03
242  10  2.39277e-03
243  13  3.04890e-03
244  11  2.68102e-03
245  10  2.79498e-03
246  10  2.75493e-03
247  10  3.20792e-03
248  12  3.09396e-03
249  10  2.95997e-03
250  11  3.00384e-03
251  12  3.21007e-03
252  10  2.89297e-03
253  11  3.50595e-03
254   9  2.36583e-03
255  13  3.67475e-03
256   8  2.43092e-03
257  12  3.28779e-03
258  11  2.92110e-03
259  10  2.69699e-03
260  10  2.83718e-03
261  11  3.10564e-03
262  12  2.99001e-03
263  11  3.17311e-03
264  13  3.68118e-03
265  11  3.02696e-03
266  10  2.48790e-03
267  12  2.73776e-03
268   9  2.36607e-03
269  10  3.12805e-03
270  10  2.90298e-03
271  12  3.46208e-03
272  10  2.85006e-03
273   9  2.51293e-03
274  12  3.02386e-03
275  12  2.91419e-03
276  12  2.94805e-03
277   9  2.79689e-03
278  10  2.90895e-03
279  12  2.95091e-03
280  11  2.94495e-03
281  12  2.53677e-03
282  11  2.87294e-03
283   7  2.39682e-03
284  10  2.50912e-03
285  11  2.88987e-03
286   9  2.43616e-03
287  12  3.12400e-03
288  10  2.97117e-03
289   9  3.09920e-03
290  12  2.94018e-03
291   9  2.13313e-03
292  10  2.86412e-03
293   9  2.50697e-03
294   9  2.35701e-03
295  10  2.99096e-03
296  11  2.77615e-03
297  10  2.94113e-03
298  10  2.92301e-03
299  11  3.03698e-03
300  11  3.06582e-03
301  12  2.97594e-03
302  11  3.19099e-03
303  10  3.13187e-03
304   7  2.26974e-03
305  11  3.00407e-03
306  11  3.00193e-03
307  10  3.06988e-03
308  12  2.47025e-03
309  11  3.05104e-03
310  13  3.41415e-03
311  11  2.46716e-03
312  10  2.97904e-03
313  11  2.77710e-03
314  11  2.94495e-03
315  11  2.77710e-03
316  10  2.93708e-03
317   9  2.36797e-03
318  10  2.52509e-03
319  11  3.00407e-03
320  11  2.51102e-03
321  10  2.41780e-03
322  11  2.84529e-03
323  10  2.84290e-03
324   9  1.98412e-03
325  10  2.69723e-03
326  10  2.73180e-03
327  11  2.83217e-03
328  10  2.73108e-03
329  10  2.80881e-03
330  12  2.81906e-03
331  10  2.83504e-03
332  13  3.71099e-03
333   8  2.50793e-03
334  10  2.76566e-03
335  12  2.99382e-03
336  10  1.99294e-03
337  10  2.43807e-03
338  12  2.90108e-03
339  10  2.82097e-03
340   9  3.00908e-03
341  10  2.58827e-03
342  10  2.97904e-03
343  12  2.64287e-03
344  13  3.77703e-03
345  10  2.68602e-03
346   9  2.97594e-03
347  12  2.98595e-03
348  10  2.93207e-03
349  12  3.23606e-03
350  10  3.43132e-03
351  10  3.31402e-03
352  11  2.50912e-03
353  11  2.62809e-03
354  10  2.68102e-03
355  10  2.60520e-03
356  11  3.01123e-03
357  12  2.80595e-03
358  11  3.79896e-03
359  12  3.47304e-03
360  10  3.09110e-03
361   9  2.38013e-03
362  12  3.41082e-03
363  10  2.86698e-03
364   9  2.67196e-03
365   9  2.55823e-03
366  12  2.77615e-03
367  10  2.67911e-03
368  13  3.26395e-03
369  10  2.88701e-03
370   9  2.81906e-03
371  11  2.66886e-03
372  11  3.09181e-03
0  13  1.04427e+00
1  11  9.82094e-03
2  10  9.62090e-03
3  10  8.91781e-03
4  11  9.69601e-03
5  11  9.07803e-03
6  10  8.37970e-03
7  11  1.01030e-02
8  10  1.00610e-02
9  11  1.30041e-02
10  10  9.13310e-03
11  11  1.04790e-02
12  12  1.39468e-02
13   9  1.30248e-02
14  11  1.27091e-02
15   9  8.98194e-03
16  10  9.00507e-03
17   7  7.65491e-03
18  12  1.42632e-02
19  11  9.47499e-03
20  11  9.52315e-03
21   8  7.34019e-03
22  12  1.13978e-02
23   9  9.83119e-03
24  10  8.56805e-03
25  11  1.06230e-02
26  10  1.04380e-02
27  11  1.25418e-02
28  10  9.71007e-03
29  11  8.69894e-03
30  13  1.05042e-02
31  11  1.18551e-02
32   8  6.94871e-03
33  12  1.20769e-02
34  12  9.61804e-03
35   9  7.50995e-03
36  10  8.61216e-03
37  13  1.02930e-02
38  10  8.54826e-03
39   9  7.90286e-03
40  11  1.30618e-02
41  12  1.01173e-02
42  12  1.17102e-02
43  11  1.06149e-02
44  11  1.16091e-02
45  10  8.91519e-03
46  13  1.02768e-02
47  10  8.63481e-03
48  11  9.50933e-03
49   9  8.13484e-03
50  10  8.75688e-03
51  13  1.22612e-02
52  13  1.10788e-02
53   9  7.98988e-03
54  10  8.31985e-03
55  12  1.13988e-02
56  10  9.52983e-03
57  11  1.14250e-02
58  12  9.98020e-03
59   9  7.78913e-03
60  11  9.15885e-03
61  12  9.85408e-03
62  10  8.81982e-03
63   9  1.14009e-02
64  10  8.18706e-03
65   9  8.11815e-03
66  12  9.21512e-03
67  12  1.27301e-02
68  11  9.29928e-03
69  10  8.32605e-03
70  10  8.79192e-03
71  11  9.12786e-03
72  12  9.72962e-03
73  11  1.02789e-02
74  13  1.04079e-02
75   9  9.20486e-03
76  10  9.13191e-03
77  11  1.17071e-02
78  11  9.46379e-03
79   8  7.94888e-03
80  12  1.23270e-02
81   7  7.28798e-03
82  11  9.00412e-03
83  13  1.00982e-02
84  10  8.46004e-03
85  11  8.33082e-03
86  11  1.36740e-02
87   9  7.59387e-03
88   9  1.02510e-02
89  10  8.89015e-03
90   9  8.68797e-03
91  11  8.87108e-03
92  11  8.95905e-03
93   7  7.41005e-03
94  12  1.03612e-02
95  11  9.00912e-03
96  12  1.09429e-02
97  11  8.94690e-03
98  10  9.59611e-03
99  10  9.86814e-03
100  11  8.69513e-03
101  11  9.24230e-03
102  12  9.53889e-03
103  12  1.12550e-02
104  10  1.16279e-02
105  10  9.72104e-03
106  12  1.08652e-02
107  11  8.87895e-03
108  11  8.27479e-03
109  10  9.45687e-03
110  12  1.08862e-02
111  12  1.00899e-02
112  12  9.44805e-03
113  11  8.88395e-03
114   9  7.77102e-03
115  11  8.72397e-03
116  11  1.02062e-02
117  12  9.66501e-03
118  11  9.34029e-03
119  11  9.87697e-03
120  10  8.58927e-03
121  10  8.50892e-03
122  10  1.06902e-02
123  13  8.99291e-03
124  12  1.09868e-02
125  10  8.33106e-03
126  12  9.61995e-03
127   8  8.10409e-03
128  10  8.17728e-03
129   8  1.16408e-02
130  10  8.65889e-03
131  11  9.94420e-03
132  13  1.17559e-02
133  11  8.88228e-03
134  12  9.40585e-03
135  10  9.59706e-03
136  13  9.81283e-03
137  11  8.95715e-03
138  11  8.91590e-03
139   9  1.09990e-02
140   9  8.76117e-03
141  10  8.84104e-03
142  10  1.01211e-02
143  13  1.02673e-02
144   9  7.66015e-03
145  12  9.37796e-03
146  14  1.08190e-02
147  11  1.02999e-02
148  11  9.17506e-03
149  13  1.13571e-02
150  10  8.38327e-03
151  11  9.23896e-03
152   9  7.88999e-03
153   9  8.79788e-03
154  11  1.33219e-02
155  11  1.15302e-02
156  12  9.33385e-03
157   9  8.15105e-03
158   9  7.68900e-03
159  13  1.02122e-02
160  11  8.85820e-03
161  12  1.01981e-02
162  15  1.63450e-02
163  12  9.54604e-03
164  11  8.62908e-03
165  10  8.49390e-03
166  10  7.99990e-03
167  12  1.19910e-02
168  12  9.44304e-03
169   8  7.20811e-03
170  11  1.08881e-02
171   9  8.86703e-03
172  11  1.11349e-02
173  10  8.48699e-03
174  11  9.19342e-03
175  12  1.17109e-02
176   8  7.83896e-03
177  10  8.39400e-03
178  10  8.49223e-03
179  13  8.20494e-03
180  10  9.37700e-03
181  11  1.09880e-02
182   9  7.72023e-03
183  12  1.00982e-02
184  13  1.38309e-02
185  10  8.22592e-03
186  11  1.15461e-02
187  12  9.48000e-03
188  11  1.16532e-02
189  11  9.22704e-03
190  11  8.87299e-03
191  12  1.11742e-02
192  13  9.76372e-03
193  12  9.78470e-03
194   9  7.85184e-03
195  10  8.23593e-03
196  11  9.10783e-03
197  11  1.04320e-02
198  11  9.31287e-03
199  12  9.63593e-03
200  11  8.76188e-03
201   9  7.66087e-03
202   7  6.31595e-03
203  11  7.76291e-03
204  10  8.42500e-03
205  11  9.18603e-03
206  11  9.16409e-03
207   9  8.58092e-03
208  10  9.77206e-03
209  10  8.45385e-03
210   8  7.75218e-03
211  12  9.84287e-03
212  11  8.90279e-03
213  12  8.75401e-03
214  11  8.90589e-03
215  12  1.10600e-02
216  12  9.19986e-03
217   9  9.11498e-03
218  13  1.03869e-02
219   9  7.88784e-03
220  11  1.14412e-02
221  12  9.40800e-03
222  13  1.03843e-02
223  11  9.16409e-03
224  13  1.03519e-02
225  13  1.18370e-02
226  12  9.48095e-03
227  11  8.99720e-03
228  11  8.87513e-03
229  13  1.26588e-02
230  11  8.88610e-03
231  12  9.44495e-03
232  11  8.96811e-03
233  11  1.12519e-02
234  11  9.56106e-03
235  10  8.20923e-03
236  10  8.33607e-03
237  12  1.23370e-02
238  13  1.29292e-02
239  10  9.31096e-03
240  13  1.02820e-02
241  10  8.30817e-03
242  10  8.15392e-03
243  13  1.00379e-02
244  11  8.70419e-03
245  10  8.36396e-03
246  10  9.46403e-03
247  10  8.53515e-03
248  12  1.29390e-02
249  10  8.74305e-03
250  11  1.09611e-02
251  12  1.34280e-02
252  10  8.24785e-03
253  11  8.84604e-03
254   9  7.88307e-03
255  13  1.02689e-02
256   8  7.10869e-03
257  12  9.26399e-03
258  11  8.95500e-03
259  10  1.04859e-02
260  10  8.67033e-03
261  11  8.77810e-03
262  12  9.54604e-03
263  11  1.13511e-02
264  13  1.15340e-02
265  11  1.21639e-02
266  10  9.49287e-03
267  12  1.22461e-02
268   9  8.51274e-03
269  10  9.20200e-03
270  10  8.40974e-03
271  12  9.50480e-03
272  10  1.05269e-02
273   9  8.51297e-03
274  12  1.19941e-02
275  12  1.12770e-02
276  12  1.21622e-02
277   9  7.76219e-03
278  10  8.33201e-03
279  12  9.61113e-03
280  11  9.00388e-03
281  12  9.60588e-03
282  11  1.03259e-02
283   7  6.32787e-03
284  10  1.10750e-02
285  11  1.45431e-02
286   9  7.54094e-03
287  12  7.50589e-03
288  10  8.40497e-03
289   9  7.64799e-03
290  12  1.01061e-02
291   9  8.09312e-03
292  10  8.56400e-03
293   9  7.90095e-03
294   9  8.92973e-03
295  10  8.21495e-03
296  11  8.90613e-03
297  10  1.05667e-02
298  10  9.02867e-03
299  11  1.00889e-02
300  11  8.62026e-03
301  12  9.96375e-03
302  11  8.76188e-03
303  10  8.57902e-03
304   7  7.48587e-03
305  11  8.53014e-03
306  11  1.15561e-02
307  10  7.95507e-03
308  12  1.09189e-02
309  11  8.98504e-03
310  13  1.01991e-02
311  11  1.10431e-02
312  10  8.29196e-03
313  11  9.18889e-03
314  11  9.37605e-03
315  11  8.68487e-03
316  10  8.71301e-03
317   9  7.54905e-03
318  10  8.34417e-03
319  11  1.00260e-02
320  11  8.76713e-03
321  10  9.15194e-03
322  11  9.23610e-03
323  10  8.33893e-03
324   9  7.40814e-03
325  10  9.59015e-03
326  10  8.40282e-03
327  11  8.96001e-03
328  10  9.07326e-03
329  10  8.28695e-03
330  12  9.56011e-03
331  10  9.47928e-03
332  13  1.01490e-02
333   8  8.15797e-03
334  10  8.20827e-03
335  12  1.09098e-02
336  10  8.09693e-03
337  10  1.11051e-02
338  12  9.56106e-03
339  10  8.49295e-03
340   9  7.73978e-03
341  10  8.17204e-03
342  10  8.57496e-03
343  12  9.40490e-03
344  13  1.05522e-02
345  10  8.27193e-03
346   9  7.58600e-03
347  12  1.34430e-02
348  10  8.40497e-03
349  12  1.16470e-02
350  10  8.70299e-03
351  10  8.22473e-03
352  11  8.99315e-03
353  11  9.02605e-03
354  10  8.56495e-03
355  10  8.42404e-03
356  11  9.07707e-03
357  12  1.19650e-02
358  11  9.05800e-03
359  12  9.66311e-03
360  10  8.43596e-03
361   9  7.70807e-03
362  12  9.80401e-03
363  10  1.12882e-02
364   9  8.19993e-03
365   9  8.06308e-03
366  12  9.71103e-03
367  10  8.33201e-03
368  13  1.01249e-02
369  10  9.80592e-03
370   9  7.70020e-03
371  11  8.85510e-03
372  11  8.71301e-03
0  13  1.02884e+00
1  11  1.18983e-02
2  10  1.00479e-02
3  10  1.15349e-02
4  11  1.02530e-02
5  11  1.12581e-02
6  10  9.54390e-03
7  11  9.98282e-03
8  10  9.17888e-03
9  11  1.20981e-02
10  10  8.22711e-03
11  11  8.87084e-03
12  12  1.16169e-02
13   9  8.36205e-03
14  11  1.12689e-02
15   9  9.75394e-03
16  10  9.26304e-03
17   7  7.47013e-03
18  12  1.15120e-02
19  11  9.82404e-03
20  11  9.85503e-03
21   8  8.06618e-03
22  12  1.10590e-02
23   9  9.36985e-03
24  10  1.21498e-02
25  11  1.01950e-02
26  10  1.14479e-02
27  11  9.94205e-03
28  10  8.46672e-03
29  11  1.05610e-02
30  13  1.28658e-02
31  11  9.79900e-03
32   8  6.81233e-03
33  12  1.08831e-02
34  12  9.59420e-03
35   9  8.55589e-03
36  10  9.25899e-03
37  13  9.96494e-03
38  10  1.16177e-02
39   9  7.18284e-03
40  11  9.77778e-03
41  12  1.11721e-02
42  12  8.89897e-03
43  11  7.46393e-03
44  11  8.69989e-03
45  10  7.71689e-03
46  13  1.06812e-02
47  10  8.07405e-03
48  11  9.34887e-03
49   9  9.29809e-03
50  10  6.43182e-03
51  13  1.51858e-02
52  13  1.56507e-02
53   9  1.13468e-02
54  10  9.58014e-03
55  12  9.54795e-03
56  10  1.06168e-02
57  11  9.62782e-03
58  12  9.22203e-03
59   9  8.15606e-03
60  11  1.00720e-02
61  12  1.10571e-02
62  10  6.98996e-03
63   9  7.58100e-03
64  10  1.15459e-02
65   9  8.73804e-03
66  12  9.20033e-03
67  12  9.37986e-03
68  11  8.70705e-03
69  10  8.12793e-03
70  10  9.12094e-03
71  11  1.00789e-02
72  12  7.82084e-03
73  11  9.50789e-03
74  13  8.38709e-03
75   9  9.36127e-03
76  10  8.22711e-03
77  11  1.03729e-02
78  11  1.10731e-02
79   8  6.72603e-03
80  12  9.11784e-03
81   7  6.71220e-03
82  11  9.47881e-03
83  13  1.15342e-02
84  10  1.10106e-02
85  11  1.17221e-02
86  11  9.91488e-03
87   9  8.57401e-03
88   9  6.84595e-03
89  10  9.25803e-03
90   9  8.15725e-03
91  11  1.07009e-02
92  11  1.10490e-02
93   7  6.61778e-03
94  12  8.12006e-03
95  11  8.27003e-03
96  12  1.18668e-02
97  11  1.22008e-02
98  10  7.94911e-03
99  10  9.25899e-03
100  11  8.87203e-03
101  11  7.92289e-03
102  12  9.62687e-03
103  12  9.86004e-03
104  10  8.38614e-03
105  10  9.33504e-03
106  12  1.02057e-02
107  11  1.00942e-02
108  11  9.05704e-03
109  10  8.90636e-03
110  12  9.26423e-03
111  12  9.45592e-03
112  12  9.39298e-03
113  11  8.72207e-03
114   9  7.52306e-03
115  11  1.12131e-02
116  11  1.39148e-02
117  12  9.57203e-03
118  11  8.67486e-03
119  11  1.64802e-02
120  10  8.33821e-03
121  10  1.07691e-02
122  10  9.52601e-03
123  13  1.34509e-02
124  12  7.26676e-03
125  10  8.18777e-03
126  12  9.05418e-03
127   8  7.28607e-03
128  10  9.33719e-03
129   8  1.12178e-02
130  10  9.88722e-03
131  11  1.22049e-02
132  13  9.18674e-03
133  11  6.99186e-03
134  12  1.06509e-02
135  10  8.15511e-03
136  13  1.14896e-02
137  11  8.74805e-03
138  11  8.81219e-03
139   9  8.69489e-03
140   9  8.47363e-03
141  10  9.35984e-03
142  10  8.21519e-03
143  13  1.11260e-02
144   9  9.23514e-03
145  12  9.14621e-03
146  14  1.05710e-02
147  11  8.20923e-03
148  11  9.97901e-03
149  13  1.00718e-02
150  10  8.32582e-03
151  11  1.00331e-02
152   9  8.87012e-03
153   9  7.26986e-03
154  11  1.00410e-02
155  11  1.18351e-02
156  12  9.33409e-03
157   9  7.62963e-03
158   9  8.70013e-03
159  13  1.42772e-02
160  11  8.74901e-03
161  12  7.70974e-03
162  15  1.10550e-02
163  12  7.74789e-03
164  11  1.05767e-02
165  10  9.63497e-03
166  10  9.76300e-03
167  12  1.08740e-02
168  12  8.66604e-03
169   8  8.01015e-03
170  11  8.72874e-03
171   9  8.14104e-03
172  11  9.47571e-03
173  10  9.17101e-03
174  11  8.78501e-03
175  12  1.08612e-02
176   8  6.62184e-03
177  10  8.22139e-03
178  10  8.26907e-03
179  13  1.11201e-02
180  10  9.04298e-03
181  11  1.21212e-02
182   9  7.39503e-03
183  12  1.07591e-02
184  13  1.16618e-02
185  10  1.05572e-02
186  11  8.79693e-03
187  12  9.87697e-03
188  11  1.09942e-02
189  11  7.65204e-03
190  11  1.13049e-02
191  12  9.02414e-03
192  13  1.12262e-02
193  12  9.94515e-03
194   9  7.43604e-03
195  10  1.00043e-02
196  11  9.67932e-03
197  11  9.45711e-03
198  11  9.00698e-03
199  12  7.90191e-03
200  11  7.77030e-03
201   9  8.42714e-03
202   7  7.28393e-03
203  11  8.95739e-03
204  10  8.09193e-03
205  11  7.83110e-03
206  11  9.91797e-03
207   9  1.00958e-02
208  10  8.27909e-03
209  10  7.65514e-03
210   8  6.87099e-03
211  12  1.18599e-02
212  11  8.66413e-03
213  12  9.21226e-03
214  11  7.62320e-03
215  12  8.05497e-03
216  12  9.60898e-03
217   9  8.42190e-03
218  13  1.24280e-02
219   9  9.11379e-03
220  11  9.76825e-03
221  12  1.04320e-02
222  13  1.11461e-02
223  11  7.77817e-03
224  13  1.10238e-02
225  13  1.10950e-02
226  12  8.33201e-03
227  11  8.68607e-03
228  11  8.52585e-03
229  13  1.12772e-02
230  11  8.79502e-03
231  12  9.30524e-03
232  11  8.28600e-03
233  11  1.14691e-02
234  11  9.22680e-03
235  10  7.55000e-03
236  10  9.22322e-03
237  12  9.76038e-03
238  13  1.10242e-02
239  10  1.03312e-02
240  13  1.12929e-02
241  10  8.01206e-03
242  10  9.26733e-03
243  13  9.62591e-03
244  11  8.90017e-03
245  10  9.47523e-03
246  10  8.83889e-03
247  10  9.73630e-03
248  12  9.15623e-03
249  10  8.73709e-03
250  11  9.78398e-03
251  12  9.71699e-03
252  10  9.34196e-03
253  11  9.12833e-03
254   9  1.05832e-02
255  13  1.28510e-02
256   8  7.84898e-03
257  12  1.06299e-02
258  11  1.12731e-02
259  10  1.03772e-02
260  10  9.44996e-03
261  11  9.73487e-03
262  12  1.05281e-02
263  11  1.11079e-02
264  13  1.13988e-02
265  11  8.48508e-03
266  10  6.66499e-03
267  12  1.24991e-02
268   9  8.72207e-03
269  10  9.49192e-03
270  10  8.43716e-03
271  12  1.09708e-02
272  10  8.38399e-03
273   9  9.65810e-03
274  12  1.07679e-02
275  12  1.05739e-02
276  12  8.26192e-03
277   9  8.91232e-03
278  10  1.16861e-02
279  12  1.17571e-02
280  11  1.27432e-02
281  12  1.13640e-02
282  11  1.08869e-02
283   7  7.86209e-03
284  10  1.25148e-02
285  11  1.16329e-02
286   9  7.72715e-03
287  12  9.72009e-03
288  10  9.88889e-03
289   9  9.06897e-03
290  12  9.16195e-03
291   9  9.70101e-03
292  10  6.87385e-03
293   9  8.85296e-03
294   9  8.18372e-03
295  10  1.12979e-02
296  11  9.73320e-03
297  10  9.22489e-03
298  10  9.72676e-03
299  11  1.02870e-02
300  11  8.88395e-03
301  12  8.20684e-03
302  11  7.62272e-03
303  10  1.13652e-02
304   7  9.06873e-03
305  11  1.01430e-02
306  11  9.47928e-03
307  10  9.08780e-03
308  12  9.02200e-03
309  11  9.88126e-03
310  13  8.95405e-03
311  11  1.20177e-02
312  10  9.79304e-03
313  11  9.77516e-03
314  11  8.84390e-03
315  11  8.82673e-03
316  10  8.53515e-03
317   9  8.34894e-03
318  10  1.02639e-02
319  11  1.18401e-02
320  11  7.67112e-03
321  10  7.56025e-03
322  11  1.07150e-02
323  10  1.06251e-02
324   9  8.63218e-03
325  10  8.90875e-03
326  10  7.38192e-03
327  11  8.97789e-03
328  10  9.17101e-03
329  10  9.26471e-03
330  12  9.77898e-03
331  10  9.76110e-03
332  13  1.09839e-02
333   8  1.03476e-02
334  10  1.03669e-02
335  12  8.63290e-03
336  10  7.08008e-03
337  10  1.37651e-02
338  12  1.19011e-02
339  10  7.51185e-03
340   9  7.44295e-03
341  10  8.44908e-03
342  10  9.99379e-03
343  12  1.04878e-02
344  13  1.09818e-02
345  10  1.08690e-02
346   9  7.86018e-03
347  12  8.74090e-03
348  10  9.48000e-03
349  12  7.96199e-03
350  10  9.35197e-03
351  10  9.20606e-03
352  11  1.02580e-02
353  11  1.03388e-02
354  10  8.26693e-03
355  10  6.61969e-03
356  11  1.07899e-02
357  12  9.51409e-03
358  11  9.16910e-03
359  12  9.07493e-03
360  10  8.29196e-03
361   9  8.78310e-03
362  12  8.81529e-03
363  10  1.12472e-02
364   9  7.48706e-03
365   9  7.62606e-03
366  12  7.97391e-03
367  10  9.03988e-03
368  13  1.13909e-02
369  10  8.57306e-03
370   9  8.87823e-03
371  11  8.86607e-03
372  11  8.62694e-03
0  13  1.06048e+00
1  11  1.04778e-02
2  10  1.20242e-02
3  10  1.22528e-02
4  11  1.06051e-02
5  11  8.35490e-03
6  10  1.10400e-02
7  11  1.16289e-02
8  10  1.04122e-02
9  11  1.21012e-02
10  10  1.12472e-02
11  11  1.00579e-02
12  12  1.25048e-02
13   9  1.07200e-02
14  11  1.02851e-02
15   9  1.21810e-02
16  10  1.18651e-02
17   7  1.26159e-02
18  12  1.28942e-02
19  11  1.20080e-02
20  11  8.05569e-03
21   8  9.41324e-03
22  12  1.03159e-02
23   9  8.97884e-03
24  10  1.13978e-02
25  11  1.17390e-02
26  10  1.12522e-02
27  11  1.24121e-02
28  10  1.15330e-02
29  11  1.44742e-02
30  13  9.13882e-03
31  11  6.77514e-03
32   8  7.65896e-03
33  12  7.16209e-03
34  12  8.58188e-03
35   9  1.07648e-02
36  10  1.12669e-02
37  13  1.14968e-02
38  10  1.12371e-02
39   9  1.16072e-02
40  11  6.34909e-03
41  12  1.15390e-02
42  12  1.06728e-02
43  11  1.20339e-02
44  11  1.07839e-02
45  10  1.22061e-02
46  13  8.75592e-03
47  10  1.13430e-02
48  11  9.17912e-03
49   9  9.10020e-03
50  10  1.23868e-02
51  13  1.16243e-02
52  13  1.20749e-02
53   9  6.77419e-03
54  10  9.95493e-03
55  12  1.25670e-02
56  10  1.08750e-02
57  11  1.18392e-02
58  12  1.32122e-02
59   9  1.06192e-02
60  11  1.24869e-02
61  12  1.10769e-02
62  10  8.82292e-03
63   9  8.23498e-03
64  10  6.99782e-03
65   9  1.13451e-02
66  12  8.13675e-03
67  12  1.18589e-02
68  11  1.09529e-02
69  10  1.27270e-02
70  10  1.50542e-02
71  11  1.17061e-02
72  12  8.31389e-03
73  11  1.35272e-02
74  13  1.52440e-02
75   9  8.01110e-03
76  10  1.31869e-02
77  11  1.19431e-02
78  11  1.17950e-02
79   8  1.17159e-02
80  12  1.20289e-02
81   7  8.46124e-03
82  11  8.54588e-03
83  13  9.49383e-03
84  10  1.08309e-02
85  11  7.93791e-03
86  11  1.22664e-02
87   9  1.68970e-02
88   9  1.04032e-02
89  10  1.01902e-02
90   9  1.10970e-02
91  11  8.62098e-03
92  11  8.26502e-03
93   7  1.09971e-02
94  12  6.66380e-03
95  11  9.08899e-03
96  12  6.61492e-03
97  11  8.60500e-03
98  10  1.32711e-02
99  10  1.19760e-02
100  11  8.14676e-03
101  11  1.38831e-02
102  12  1.06492e-02
103  12  1.13389e-02
104  10  7.93982e-03
105  10  9.01890e-03
106  12  6.74415e-03
107  11  1.12252e-02
108  11  1.24240e-02
109  10  1.00479e-02
110  12  2.39539e-02
111  12  8.78119e-03
112  12  1.50380e-02
113  11  1.64299e-02
114   9  1.04070e-02
115  11  9.59897e-03
116  11  2.06831e-02
117  12  1.22497e-02
118  11  1.36521e-02
119  11  8.28195e-03
120  10  1.16963e-02
121  10  6.99592e-03
122  10  7.34591e-03
123  13  1.27890e-02
124  12  8.47316e-03
125  10  1.60897e-02
126  12  1.18959e-02
127   8  1.24910e-02
128  10  1.05982e-02
129   8  9.81498e-03
130  10  1.14939e-02
131  11  8.11911e-03
132  13  9.82213e-03
133  11  7.59411e-03
134  12  1.20709e-02
135  10  1.17958e-02
136  13  1.19412e-02
137  11  1.13411e-02
138  11  7.73811e-03
139   9  7.56025e-03
140   9  1.00682e-02
141  10  1.13950e-02
142  10  1.09429e-02
143  13  8.52180e-03
144   9  1.03478e-02
145  12  8.92425e-03
146  14  2.00520e-02
147  11  1.34411e-02
148  11  1.22392e-02
149  13  1.10409e-02
150  10  7.22790e-03
151  11  1.33560e-02
152   9  1.13306e-02
153   9  1.15070e-02
154  11  1.37362e-02
155  11  1.35911e-02
156  12  8.31008e-03
157   9  1.19240e-02
158   9  1.24731e-02
159  13  1.23327e-02
160  11  1.34752e-02
161  12  1.16212e-02
162  15  1.05112e-02
163  12  1.00770e-02
164  11  1.04930e-02
165  10  1.19691e-02
166  10  1.08058e-02
167  12  1.24369e-02
168  12  1.25849e-02
169   8  1.13299e-02
170  11  1.02191e-02
171   9  1.04861e-02
172  11  1.08929e-02
173  10  1.16031e-02
174  11  1.17521e-02
175  12  1.06361e-02
176   8  1.08531e-02
177  10  1.16961e-02
178  10  1.23861e-02
179  13  1.24440e-02
180  10  1.19288e-02
181  11  1.03900e-02
182   9  1.33452e-02
183  12  1.13883e-02
184  13  1.22688e-02
185  10  1.23651e-02
186  11  7.95126e-03
187  12  1.27029e-02
188  11  7.90620e-03
189  11  1.15221e-02
190  11  6.48499e-03
191  12  6.29783e-03
192  13  1.00968e-02
193  12  1.57869e-02
194   9  1.21179e-02
195  10  1.49183e-02
196  11  8.89206e-03
197  11  1.79651e-02
198  11  1.18239e-02
199  12  1.15881e-02
200  11  1.16868e-02
201   9  1.02262e-02
202   7  1.13108e-02
203  11  1.26612e-02
204  10  1.20590e-02
205  11  9.68289e-03
206  11  1.17087e-02
207   9  7.92861e-03
208  10  9.08804e-03
209  10  1.34819e-02
210   8  1.12739e-02
211  12  7.40504e-03
212  11  9.65285e-03
213  12  1.63898e-02
214  11  1.20950e-02
215  12  1.22209e-02
216  12  7.55715e-03
217   9  1.11589e-02
218  13  8.51011e-03
219   9  1.06101e-02
220  11  1.10409e-02
221  12  1.17679e-02
222  13  1.00529e-02
223  11  7.14970e-03
224  13  9.40585e-03
225  13  1.38497e-02
226  12  1.22871e-02
227  11  1.30711e-02
228  11  1.27480e-02
229  13  1.22969e-02
230  11  1.27642e-02
231  12  1.22240e-02
232  11  8.75688e-03
233  11  8.03685e-03
234  11  1.05381e-02
235  10  1.36821e-02
236  10  1.11022e-02
237  12  1.17292e-02
238  13  9.85622e-03
239  10  1.01180e-02
240  13  1.28970e-02
241  10  9.89890e-03
242  10  1.13971e-02
243  13  1.38059e-02
244  11  1.19340e-02
245  10  1.11332e-02
246  10  1.07110e-02
247  10  1.54219e-02
248  12  1.64649e-02
249  10  1.13919e-02
250  11  1.46208e-02
251  12  1.10657e-02
252  10  7.54905e-03
253  11  1.19369e-02
254   9  1.10037e-02
255  13  1.19650e-02
256   8  1.00379e-02
257  12  1.10750e-02
258  11  1.09861e-02
259  10  9.56511e-03
260  10  1.19019e-02
261  11  8.27122e-03
262  12  7.20000e-03
263  11  7.69901e-03
264  13  1.29218e-02
265  11  1.15318e-02
266  10  1.05519e-02
267  12  1.12638e-02
268   9  9.58681e-03
269  10  1.06440e-02
270  10  1.10459e-02
271  12  6.66213e-03
272  10  8.73709e-03
273   9  6.10495e-03
274  12  1.47960e-02
275  12  1.30160e-02
276  12  1.60789e-02
277   9  9.69982e-03
278  10  1.08740e-02
279  12  1.20001e-02
280  11  1.05200e-02
281  12  9.75704e-03
282  11  1.09098e-02
283   7  7.62010e-03
284  10  1.04702e-02
285  11  6.67977e-03
286   9  1.10800e-02
287  12  6.80113e-03
288  10  7.74884e-03
289   9  9.92298e-03
290  12  6.83808e-03
291   9  1.05860e-02
292  10  1.03438e-02
293   9  1.17819e-02
294   9  8.25191e-03
295  10  1.08912e-02
296  11  1.19779e-02
297  10  1.41542e-02
298  10  1.06840e-02
299  11  1.11630e-02
300  11  1.18201e-02
301  12  1.12920e-02
302  11  1.08573e-02
303  10  5.98621e-03
304   7  8.73899e-03
305  11  1.24881e-02
306  11  1.05882e-02
307  10  9.79686e-03
308  12  1.19948e-02
309  11  8.94284e-03
310  13  1.44730e-02
311  11  1.02699e-02
312  10  1.18608e-02
313  11  1.14713e-02
314  11  1.25270e-02
315  11  1.08747e-02
316  10  8.48579e-03
317   9  9.95040e-03
318  10  1.26979e-02
319  11  9.01008e-03
320  11  1.12002e-02
321  10  1.16608e-02
322  11  8.56113e-03
323  10  1.07410e-02
324   9  1.12419e-02
325  10  8.74996e-03
326  10  7.57217e-03
327  11  1.30508e-02
328  10  1.06308e-02
329  10  9.19485e-03
330  12  1.36242e-02
331  10  1.13690e-02
332  13  1.25871e-02
333   8  1.15561e-02
334  10  1.31269e-02
335  12  1.18573e-02
336  10  1.15941e-02
337  10  9.60994e-03
338  12  1.06220e-02
339  10  1.19851e-02
340   9  1.20530e-02
341  10  1.00579e-02
342  10  6.20389e-03
343  12  1.57561e-02
344  13  9.08113e-03
345  10  6.18911e-03
346   9  9.79614e-03
347  12  1.11880e-02
348  10  1.26059e-02
349  12  1.21279e-02
350  10  1.27192e-02
351  10  1.08929e-02
352  11  1.02751e-02
353  11  1.09341e-02
354  10  1.22850e-02
355  10  8.35204e-03
356  11  8.42023e-03
357  12  1.41368e-02
358  11  1.15919e-02
359  12  1.13389e-02
360  10  1.12729e-02
361   9  1.31009e-02
362  12  9.92107e-03
363  10  1.07923e-02
364   9  1.24817e-02
365   9  5.90491e-03
366  12  1.45950e-02
367  10  1.13659e-02
368  13  8.45003e-03
369  10  1.01204e-02
370   9  1.04229e-02
371  11  1.17948e-02
372  11  1.13032e-02
0  13  1.05834e+00
1  11  1.23980e-02
2  10  1.10850e-02
3  10  1.19131e-02
4  11  8.03781e-03
5  11  8.90398e-03
6  10  1.35520e-02
7  11  1.29800e-02
8  10  8.68821e-03
9  11  1.28183e-02
10  10  1.30229e-02
11  11  9.78589e-03
12  12  1.18608e-02
13   9  1.49403e-02
14  11  1.17171e-02
15   9  1.17359e-02
16  10  1.08891e-02
17   7  1.20940e-02
18  12  1.24340e-02
19  11  9.16076e-03
20  11  1.25182e-02
21   8  1.10118e-02
22  12  1.50731e-02
23   9  1.00589e-02
24  10  1.16920e-02
25  11  1.14200e-02
26  10  7.56788e-03
27  11  1.63660e-02
28  10  1.21491e-02
29  11  1.38528e-02
30  13  1.17989e-02
31  11  1.19812e-02
32   8  8.20494e-03
33  12  6.56891e-03
34  12  8.70895e-03
35   9  1.53861e-02
36  10  1.40898e-02
37  13  1.00901e-02
38  10  1.20580e-02
39   9  1.20330e-02
40  11  7.14302e-03
41  12  5.84507e-03
42  12  1.16680e-02
43  11  1.52600e-02
44  11  1.38590e-02
45  10  1.16129e-02
46  13  9.74298e-03
47  10  1.20258e-02
48  11  1.04570e-02
49   9  1.42350e-02
50  10  1.14269e-02
51  13  1.23689e-02
52  13  1.31381e-02
53   9  1.96590e-02
54  10  1.03507e-02
55  12  1.20800e-02
56  10  1.06828e-02
57  11  1.29809e-02
58  12  8.37803e-03
59   9  1.08058e-02
60  11  7.60913e-03
61  12  6.59180e-03
62  10  9.18007e-03
63   9  9.46593e-03
64  10  1.18048e-02
65   9  8.21877e-03
66  12  8.52394e-03
67  12  1.44358e-02
68  11  6.84595e-03
69  10  8.05283e-03
70  10  6.40297e-03
71  11  1.13752e-02
72  12  1.32151e-02
73  11  7.11894e-03
74  13  1.34451e-02
75   9  1.23742e-02
76  10  1.26100e-02
77  11  1.14031e-02
78  11  1.12193e-02
79   8  1.08800e-02
80  12  1.21460e-02
81   7  8.56113e-03
82  11  9.01103e-03
83  13  1.61591e-02
84  10  1.15750e-02
85  11  1.16799e-02
86  11  1.36640e-02
87   9  1.50402e-02
88   9  7.80272e-03
89  10  1.20749e-02
90   9  7.91502e-03
91  11  9.68790e-03
92  11  9.11689e-03
93   7  7.87497e-03
94  12  1.28350e-02
95  11  9.79781e-03
96  12  5.84817e-03
97  11  9.11999e-03
98  10  1.65808e-02
99  10  1.14908e-02
100  11  1.29433e-02
101  11  1.08690e-02
102  12  1.35410e-02
103  12  1.24338e-02
104  10  1.11763e-02
105  10  6.26802e-03
106  12  1.31233e-02
107  11  9.46903e-03
108  11  1.06273e-02
109  10  1.18341e-02
110  12  1.38183e-02
111  12  1.26810e-02
112  12  1.00658e-02
113  11  1.38202e-02
114   9  1.42000e-02
115  11  1.14319e-02
116  11  7.65681e-03
117  12  1.13750e-02
118  11  1.54252e-02
119  11  1.25020e-02
120  10  1.27323e-02
121  10  1.29039e-02
122  10  1.30019e-02
123  13  1.89531e-02
124  12  8.87990e-03
125  10  1.51520e-02
126  12  9.25803e-03
127   8  1.09921e-02
128  10  1.18301e-02
129   8  6.17719e-03
130  10  1.27828e-02
131  11  8.83102e-03
132  13  1.21131e-02
133  11  7.66778e-03
134  12  1.14000e-02
135  10  1.01168e-02
136  13  9.76110e-03
137  11  6.76894e-03
138  11  8.01778e-03
139   9  7.53570e-03
140   9  6.05893e-03
141  10  1.16398e-02
142  10  1.32480e-02
143  13  1.27540e-02
144   9  1.15540e-02
145  12  1.54881e-02
146  14  8.11696e-03
147  11  1.37269e-02
148  11  9.41610e-03
149  13  1.23818e-02
150  10  6.68287e-03
151  11  1.51103e-02
152   9  1.48423e-02
153   9  1.15440e-02
154  11  1.51401e-02
155  11  1.15569e-02
156  12  1.75800e-02
157   9  1.07951e-02
158   9  1.51629e-02
159  13  1.22221e-02
160  11  1.25229e-02
161  12  1.15802e-02
162  15  9.28617e-03
163  12  1.31190e-02
164  11  1.18337e-02
165  10  1.80140e-02
166  10  1.18959e-02
167  12  1.18902e-02
168  12  1.17118e-02
169   8  6.41513e-03
170  11  9.29785e-03
171   9  1.44320e-02
172  11  1.21272e-02
173  10  1.35422e-02
174  11  1.40841e-02
175  12  8.47220e-03
176   8  1.00820e-02
177  10  7.33399e-03
178  10  1.11771e-02
179  13  1.19710e-02
180  10  1.07887e-02
181  11  1.34549e-02
182   9  7.76601e-03
183  12  1.20151e-02
184  13  1.12870e-02
185  10  1.25179e-02
186  11  1.36371e-02
187  12  1.41079e-02
188  11  8.18205e-03
189  11  1.22328e-02
190  11  6.34503e-03
191  12  6.23798e-03
192  13  1.15209e-02
193  12  7.20000e-03
194   9  5.84888e-03
195  10  1.34459e-02
196  11  8.60596e-03
197  11  9.31597e-03
198  11  8.59809e-03
199  12  1.37441e-02
200  11  6.28901e-03
201   9  1.28021e-02
202   7  1.08519e-02
203  11  1.19619e-02
204  10  1.09298e-02
205  11  1.39282e-02
206  11  1.16639e-02
207   9  1.27420e-02
208  10  9.88078e-03
209  10  1.16999e-02
210   8  1.52369e-02
211  12  1.61850e-02
212  11  1.50342e-02
213  12  1.71318e-02
214  11  1.74742e-02
215  12  1.15571e-02
216  12  1.42283e-02
217   9  1.29628e-02
218  13  1.32549e-02
219   9  1.08547e-02
220  11  1.43719e-02
221  12  6.18696e-03
222  13  1.28179e-02
223  11  7.03192e-03
224  13  1.01411e-02
225  13  1.33457e-02
226  12  1.20239e-02
227  11  1.18768e-02
228  11  8.16607e-03
229  13  1.13890e-02
230  11  1.04523e-02
231  12  8.50105e-03
232  11  9.31311e-03
233  11  9.20177e-03
234  11  1.20621e-02
235  10  8.45885e-03
236  10  1.16627e-02
237  12  1.18711e-02
238  13  1.00119e-02
239  10  1.12281e-02
240  13  1.07460e-02
241  10  1.26731e-02
242  10  7.90977e-03
243  13  1.46151e-02
244  11  1.19731e-02
245  10  1.45509e-02
246  10  1.19722e-02
247  10  1.21558e-02
248  12  1.56248e-02
249  10  1.15581e-02
250  11  1.33560e-02
251  12  1.23980e-02
252  10  1.76268e-02
253  11  1.06442e-02
254   9  1.89581e-02
255  13  1.33643e-02
256   8  1.09692e-02
257  12  1.29650e-02
258  11  1.16360e-02
259  10  7.94888e-03
260  10  1.69861e-02
261  11  7.70521e-03
262  12  9.86600e-03
263  11  7.83300e-03
264  13  1.32661e-02
265  11  1.51062e-02
266  10  1.09911e-02
267  12  1.34761e-02
268   9  1.66879e-02
269  10  1.17481e-02
270  10  1.17149e-02
271  12  7.24483e-03
272  10  8.63791e-03
273   9  6.10209e-03
274  12  1.12522e-02
275  12  9.49121e-03
276  12  1.09470e-02
277   9  8.86083e-03
278  10  1.24400e-02
279  12  1.21191e-02
280  11  7.94029e-03
281  12  1.33848e-02
282  11  1.29170e-02
283   7  8.37302e-03
284  10  1.56560e-02
285  11  7.57217e-03
286   9  9.36604e-03
287  12  1.18761e-02
288  10  7.23314e-03
289   9  9.50599e-03
290  12  5.82981e-03
291   9  6.32310e-03
292  10  6.34694e-03
293   9  5.97620e-03
294   9  8.40402e-03
295  10  1.06988e-02
296  11  1.28012e-02
297  10  6.66094e-03
298  10  1.39079e-02
299  11  9.94921e-03
300  11  1.02909e-02
301  12  1.13330e-02
302  11  1.17588e-02
303  10  1.20361e-02
304   7  1.22061e-02
305  11  1.07563e-02
306  11  1.21939e-02
307  10  8.11911e-03
308  12  1.12710e-02
309  11  1.02320e-02
310  13  1.41611e-02
311  11  1.42181e-02
312  10  1.15700e-02
313  11  1.09050e-02
314  11  1.39489e-02
315  11  1.26340e-02
316  10  1.43609e-02
317   9  1.78878e-02
318  10  1.17769e-02
319  11  1.16720e-02
320  11  8.18419e-03
321  10  1.10240e-02
322  11  1.16172e-02
323  10  1.13420e-02
324   9  1.27780e-02
325  10  1.22650e-02
326  10  7.77888e-03
327  11  5.68604e-03
328  10  1.15528e-02
329  10  8.46887e-03
330  12  1.00942e-02
331  10  1.18811e-02
332  13  1.27983e-02
333   8  1.29421e-02
334  10  6.92201e-03
335  12  1.39911e-02
336  10  1.18792e-02
337  10  1.07019e-02
338  12  1.10519e-02
339  10  1.53861e-02
340   9  1.14808e-02
341  10  8.45003e-03
342  10  6.49190e-03
343  12  1.36678e-02
344  13  1.47719e-02
345  10  1.19679e-02
346   9  9.99117e-03
347  12  1.20299e-02
348  10  1.27761e-02
349  12  1.17960e-02
350  10  1.25928e-02
351  10  1.10941e-02
352  11  1.19801e-02
353  11  1.23270e-02
354  10  1.11520e-02
355  10  8.75211e-03
356  11  8.81982e-03
357  12  2.00672e-02
358  11  5.86486e-03
359  12  1.00801e-02
360  10  1.40710e-02
361   9  1.40932e-02
362  12  1.06859e-02
363  10  7.61771e-03
364   9  1.31719e-02
365   9  1.31502e-02
366  12  1.24381e-02
367  10  9.49097e-03
368  13  1.39821e-02
369  10  1.25468e-02
370   9  1.11222e-02
371  11  5.91016e-03
372  11  1.35229e-02
0  13  1.07511e+00
1  11  1.05910e-02
2  10  9.44018e-03
3  10  7.95603e-03
4  11  9.73392e-03
5  11  7.63297e-03
6  10  9.49502e-03
7  11  9.59182e-03
8  10  8.22496e-03
9  11  1.03681e-02
10  10  9.34815e-03
11  11  1.01008e-02
12  12  1.07143e-02
13   9  7.98678e-03
14  11  1.27230e-02
15   9  9.04703e-03
16  10  1.08759e-02
17   7  6.96802e-03
18  12  9.25279e-03
19  11  1.13389e-02
20  11  1.24791e-02
21   8  9.24301e-03
22  12  9.68909e-03
23   9  9.08232e-03
24  10  8.57401e-03
25  11  9.61590e-03
26  10  1.11582e-02
27  11  8.98576e-03
28  10  8.06713e-03
29  11  8.67200e-03
30  13  1.01750e-02
31  11  9.19676e-03
32   8  7.22384e-03
33  12  1.05591e-02
34  12  9.67097e-03
35   9  7.85017e-03
36  10  1.41621e-02
37  13  1.13690e-02
38  10  8.81696e-03
39   9  8.76403e-03
40  11  1.03292e-02
41  12  1.28410e-02
42  12  1.05891e-02
43  11  1.02262e-02
44  11  8.60286e-03
45  10  9.26280e-03
46  13  1.15411e-02
47  10  7.55596e-03
48  11  1.33650e-02
49   9  7.66802e-03
50  10  9.24420e-03
51  13  1.29333e-02
52  13  9.95207e-03
53   9  1.15840e-02
54  10  8.65602e-03
55  12  9.47094e-03
56  10  8.16011e-03
57  11  9.09901e-03
58  12  9.56798e-03
59   9  9.04322e-03
60  11  1.10919e-02
61  12  8.94904e-03
62  10  1.05991e-02
63   9  7.51305e-03
64  10  9.24110e-03
65   9  8.70085e-03
66  12  1.06118e-02
67  12  9.57108e-03
68  11  8.75783e-03
69  10  9.18889e-03
70  10  9.08184e-03
71  11  1.23520e-02
72  12  9.96423e-03
73  11  9.20296e-03
74  13  1.13881e-02
75   9  9.83906e-03
76  10  8.53181e-03
77  11  1.19731e-02
78  11  1.02260e-02
79   8  7.12490e-03
80  12  1.21861e-02
81   7  8.70895e-03
82  11  1.20132e-02
83  13  1.11380e-02
84  10  9.40490e-03
85  11  9.96089e-03
86  11  8.71205e-03
87   9  8.70299e-03
88   9  6.24704e-03
89  10  8.10409e-03
90   9  7.79009e-03
91  11  1.03369e-02
92  11  9.90725e-03
93   7  7.89809e-03
94  12  1.10459e-02
95  11  7.02405e-03
96  12  9.58800e-03
97  11  9.59897e-03
98  10  1.02699e-02
99  10  9.24110e-03
100  11  1.32649e-02
101  11  9.81712e-03
102  12  9.23300e-03
103  12  1.03459e-02
104  10  1.09451e-02
105  10  9.55296e-03
106  12  1.08902e-02
107  11  1.02718e-02
108  11  9.95779e-03
109  10  6.47616e-03
110  12  8.79908e-03
111  12  9.25112e-03
112  12  1.03161e-02
113  11  1.12491e-02
114   9  7.61795e-03
115  11  1.18001e-02
116  11  9.91583e-03
117  12  1.08831e-02
118  11  1.01383e-02
119  11  1.28567e-02
120  10  8.22902e-03
121  10  5.55921e-03
122  10  9.32622e-03
123  13  8.66008e-03
124  12  1.23291e-02
125  10  9.22203e-03
126  12  1.18852e-02
127   8  7.06100e-03
128  10  1.31700e-02
129   8  9.22894e-03
130  10  9.92322e-03
131  11  9.56488e-03
132  13  1.28772e-02
133  11  1.09692e-02
134  12  9.22513e-03
135  10  8.20708e-03
136  13  1.14229e-02
137  11  1.05059e-02
138  11  8.58426e-03
139   9  8.31914e-03
140   9  8.00610e-03
141  10  9.41300e-03
142  10  8.24881e-03
143  13  1.26159e-02
144   9  8.77380e-03
145  12  1.34039e-02
146  14  1.04508e-02
147  11  8.21400e-03
148  11  8.49295e-03
149  13  1.03140e-02
150  10  1.06230e-02
151  11  1.22619e-02
152   9  8.71587e-03
153   9  9.88507e-03
154  11  1.00842e-02
155  11  1.04361e-02
156  12  1.02599e-02
157   9  1.18999e-02
158   9  7.70116e-03
159  13  9.84788e-03
160  11  9.89985e-03
161  12  1.56858e-02
162  15  1.27749e-02
163  12  9.40084e-03
164  11  1.07603e-02
165  10  1.23310e-02
166  10  1.00660e-02
167  12  1.07620e-02
168  12  1.06571e-02
169   8  6.87003e-03
170  11  1.36812e-02
171   9  8.15010e-03
172  11  1.05691e-02
173  10  9.35292e-03
174  11  8.71086e-03
175  12  1.07970e-02
176   8  7.95484e-03
177  10  1.17922e-02
178  10  1.33319e-02
179  13  1.24819e-02
180  10  8.63600e-03
181  11  1.07272e-02
182   9  7.74693e-03
183  12  8.87704e-03
184  13  1.12848e-02
185  10  9.17006e-03
186  11  8.94475e-03
187  12  9.73892e-03
188  11  8.95691e-03
189  11  8.73113e-03
190  11  1.29421e-02
191  12  9.11713e-03
192  13  1.13089e-02
193  12  1.19851e-02
194   9  9.67598e-03
195  10  8.09598e-03
196  11  7.87377e-03
197  11  6.50406e-03
198  11  1.01130e-02
199  12  1.06111e-02
200  11  8.66604e-03
201   9  7.48706e-03
202   7  7.26819e-03
203  11  8.69513e-03
204  10  9.50503e-03
205  11  7.51424e-03
206  11  9.89914e-03
207   9  9.75609e-03
208  10  8.71515e-03
209  10  9.65023e-03
210   8  8.29315e-03
211  12  9.45902e-03
212  11  1.25051e-02
213  12  1.06146e-02
214  11  9.54413e-03
215  12  9.17101e-03
216  12  9.45711e-03
217   9  1.05820e-02
218  13  1.30031e-02
219   9  1.07968e-02
220  11  1.04220e-02
221  12  1.17030e-02
222  13  1.17121e-02
223  11  9.81307e-03
224  13  1.21832e-02
225  13  1.00780e-02
226  12  8.43430e-03
227  11  8.85201e-03
228  11  1.02220e-02
229  13  1.15709e-02
230  11  9.66907e-03
231  12  9.42516e-03
232  11  9.65977e-03
233  11  1.41230e-02
234  11  1.17888e-02
235  10  9.69100e-03
236  10  9.25803e-03
237  12  9.57203e-03
238  13  1.25418e-02
239  10  1.07319e-02
240  13  9.96804e-03
241  10  7.88093e-03
242  10  1.05350e-02
243  13  1.08831e-02
244  11  7.63321e-03
245  10  1.03343e-02
246  10  8.86917e-03
247  10  1.17037e-02
248  12  1.35443e-02
249  10  1.04442e-02
250  11  1.10190e-02
251  12  1.06559e-02
252  10  9.28497e-03
253  11  8.82006e-03
254   9  8.62575e-03
255  13  9.86099e-03
256   8  6.92201e-03
257  12  9.59015e-03
258  11  9.92799e-03
259  10  1.22640e-02
260  10  1.10247e-02
261  11  9.94205e-03
262  12  8.32891e-03
263  11  8.97694e-03
264  13  1.20571e-02
265  11  1.24581e-02
266  10  1.16560e-02
267  12  9.56583e-03
268   9  8.62312e-03
269  10  9.13382e-03
270  10  9.65118e-03
271  12  9.28569e-03
272  10  8.29744e-03
273   9  1.04542e-02
274  12  1.01073e-02
275  12  9.37295e-03
276  12  1.07272e-02
277   9  4.97198e-03
278  10  9.26614e-03
279  12  1.03149e-02
280  11  1.32208e-02
281  12  9.39107e-03
282  11  8.50487e-03
283   7  7.98893e-03
284  10  1.07620e-02
285  11  1.12734e-02
286   9  9.79829e-03
287  12  1.04311e-02
288  10  1.04210e-02
289   9  8.00681e-03
290  12  1.23610e-02
291   9  8.69870e-03
292  10  6.44708e-03
293   9  8.62098e-03
294   9  7.43604e-03
295  10  1.00880e-02
296  11  8.68988e-03
297  10  1.05610e-02
298  10  1.06139e-02
299  11  1.03550e-02
300  11  1.30351e-02
301  12  1.21801e-02
302  11  1.11413e-02
303  10  1.06077e-02
304   7  7.16901e-03
305  11  1.00312e-02
306  11  8.65889e-03
307  10  9.24778e-03
308  12  1.18682e-02
309  11  8.68416e-03
310  13  1.12288e-02
311  11  1.21679e-02
312  10  9.96590e-03
313  11  1.10018e-02
314  11  8.65102e-03
315  11  1.11060e-02
316  10  9.67383e-03
317   9  8.73923e-03
318  10  6.83594e-03
319  11  1.04420e-02
320  11  1.15249e-02
321  10  1.05510e-02
322  11  1.36719e-02
323  10  5.01204e-03
324   9  7.44796e-03
325  10  1.04909e-02
326  10  9.26828e-03
327  11  8.79502e-03
328  10  9.30882e-03
329  10  1.14517e-02
330  12  1.47538e-02
331  10  7.96628e-03
332  13  1.53739e-02
333   8  8.71086e-03
334  10  8.25787e-03
335  12  1.14520e-02
336  10  8.71110e-03
337  10  9.97615e-03
338  12  9.43899e-03
339  10  1.07579e-02
340   9  1.16727e-02
341  10  1.08008e-02
342  10  9.26518e-03
343  12  1.05879e-02
344  13  1.08960e-02
345  10  8.51583e-03
346   9  7.36189e-03
347  12  1.27988e-02
348  10  1.12801e-02
349  12  9.11522e-03
350  10  1.04980e-02
351  10  8.91399e-03
352  11  1.22819e-02
353  11  9.94492e-03
354  10  1.03970e-02
355  10  8.44288e-03
356  11  6.12807e-03
357  12  9.18722e-03
358  11  1.00360e-02
359  12  9.23872e-03
360  10  7.99799e-03
361   9  9.64093e-03
362  12  9.33623e-03
363  10  1.03703e-02
364   9  8.78215e-03
365   9  1.02978e-02
366  12  1.34180e-02
367  10  9.38964e-03
368  13  1.15371e-02
369  10  1.06130e-02
370   9  8.47793e-03
371  11  9.95827e-03
372  11  8.72207e-03
0  13  1.75677e+00
1  11  6.28044e-01
2  10  4.59421e-01
3  10  4.87090e-01
4  11  6.30431e-01
5  11  5.82113e-01
6  10  5.79501e-01
7  11  5.81749e-01
8  10  4.48006e-01
9  11  6.02506e-01
10  10  5.97144e-01
11  11  3.80418e-01
12  12  5.76650e-01
13   9  5.57426e-01
14  11  6.24519e-01
15   9  5.81030e-01
16  10  5.80514e-01
17   7  5.26272e-01
18  12  6.18522e-01
19  11  6.11667e-01
20  11  5.18917e-01
21   8  6.55251e-01
22  12  5.07075e-01
23   9  5.47533e-01
24  10  5.30393e-01
25  11  6.22602e-01
26  10  6.32784e-01
27  11  5.54032e-01
28  10  5.16169e-01
29  11  6.87967e-01
30  13  6.80627e-01
31  11  4.76333e-01
32   8  6.65653e-01
33  12  6.33735e-01
34  12  6.12635e-01
35   9  5.01435e-01
36  10  6.24776e-01
37  13  5.67476e-01
38  10  6.19636e-01
39   9  4.91945e-01
40  11  5.65871e-01
41  12  5.89329e-01
42  12  6.22195e-01
43  11  6.25900e-01
44  11  5.20418e-01
45  10  5.59520e-01
46  13  6.12795e-01
47  10  6.07519e-01
48  11  5.40862e-01
49   9  6.08243e-01
50  10  6.33556e-01
51  13  6.38831e-01
52  13  8.45078e-01
53   9  6.07512e-01
54  10  7.10749e-01
55  12  5.78411e-01
56  10  6.36728e-01
57  11  5.78543e-01
58  12  5.98716e-01
59   9  4.34431e-01
60  11  6.40247e-01
61  12  6.39020e-01
62  10  6.03451e-01
63   9  5.67336e-01
64  10  6.11878e-01
65   9  4.94014e-01
66  12  6.12462e-01
67  12  5.93222e-01
68  11  5.67438e-01
69  10  5.49388e-01
70  10  6.12127e-01
71  11  5.91706e-01
72  12  5.70694e-01
73  11  6.03786e-01
74  13  6.10714e-01
75   9  4.91213e-01
76  10  5.17669e-01
77  11  5.93117e-01
78  11  5.71844e-01
79   8  5.32290e-01
80  12  5.49812e-01
81   7  5.30841e-01
82  11  5.76840e-01
83  13  5.72358e-01
84  10  5.54405e-01
85  11  6.51322e-01
86  11  6.88933e-01
87   9  6.50061e-01
88   9  4.82520e-01
89  10  4.58487e-01
90   9  6.48713e-01
91  11  5.80028e-01
92  11  6.40116e-01
93   7  5.11343e-01
94  12  4.94807e-01
95  11  5.91693e-01
96  12  6.42948e-01
97  11  6.04510e-01
98  10  5.83678e-01
99  10  5.77755e-01
100  11  6.42141e-01
101  11  4.33123e-01
102  12  4.57624e-01
103  12  6.28708e-01
104  10  5.75127e-01
105  10  5.90503e-01
106  12  5.80499e-01
107  11  6.26588e-01
108  11  4.62235e-01
109  10  5.44463e-01
110  12  4.69732e-01
111  12  5.72041e-01
112  12  5.26318e-01
113  11  5.71520e-01
114   9  7.55205e-01
115  11  6.54170e-01
116  11  6.10462e-01
117  12  3.46020e-01
118  11  6.09429e-01
119  11  6.91184e-01
120  10  5.63572e-01
121  10  6.25956e-01
122  10  5.94514e-01
123  13  6.51025e-01
124  12  4.26514e-01
125  10  7.35788e-01
126  12  5.49994e-01
127   8  5.27007e-01
128  10  6.00736e-01
129   8  4.73946e-01
130  10  5.76552e-01
131  11  5.14047e-01
132  13  6.32483e-01
133  11  5.98804e-01
134  12  6.00865e-01
135  10  6.09503e-01
136  13  6.14059e-01
137  11  5.67483e-01
138  11  6.26276e-01
139   9  6.35849e-01
140   9  5.88715e-01
141  10  6.05325e-01
142  10  6.49397e-01
143  13  6.21676e-01
144   9  5.58684e-01
145  12  6.13221e-01
146  14  5.31619e-01
147  11  4.13808e-01
148  11  6.33028e-01
149  13  5.97775e-01
150  10  7.11836e-01
151  11  6.17653e-01
152   9  8.51158e-01
153   9  4.72633e-01
154  11  5.82151e-01
155  11  5.78503e-01
156  12  5.82959e-01
157   9  7.50486e-01
158   9  5.90150e-01
159  13  6.03986e-01
160  11  6.30577e-01
161  12  6.51266e-01
162  15  6.46629e-01
163  12  5.99266e-01
164  11  5.37747e-01
165  10  8.52020e-01
166  10  7.12717e-01
167  12  6.11356e-01
168  12  5.81458e-01
169   8  5.92846e-01
170  11  5.91412e-01
171   9  5.60711e-01
172  11  5.74889e-01
173  10  5.98462e-01
174  11  6.13820e-01
175  12  5.73036e-01
176   8  3.98492e-01
177  10  6.13112e-01
178  10  5.71155e-01
179  13  6.31018e-01
180  10  4.54114e-01
181  11  5.43434e-01
182   9  7.39387e-01
183  12  5.26747e-01
184  13  6.16626e-01
185  10  5.06161e-01
186  11  5.81444e-01
187  12  5.96891e-01
188  11  5.19989e-01
189  11  6.13636e-01
190  11  6.42915e-01
191  12  6.09265e-01
192  13  4.99825e-01
193  12  5.88856e-01
194   9  3.97906e-01
195  10  6.83960e-01
196  11  6.34381e-01
197  11  5.80595e-01
198  11  5.78645e-01
199  12  6.72481e-01
200  11  6.77156e-01
201   9  6.62844e-01
202   7  6.19412e-01
203  11  5.32680e-01
204  10  6.00317e-01
205  11  5.75694e-01
206  11  6.19809e-01
207   9  6.77357e-01
208  10  6.12505e-01
209  10  6.02829e-01
210   8  6.62882e-01
211  12  3.78267e-01
212  11  5.99726e-01
213  12  7.31766e-01
214  11  7.49639e-01
215  12  6.40363e-01
216  12  5.98804e-01
217   9  5.30258e-01
218  13  6.86282e-01
219   9  6.05699e-01
220  11  5.69790e-01
221  12  4.86383e-01
222  13  6.45196e-01
223  11  5.71027e-01
224  13  6.29991e-01
225  13  5.99061e-01
226  12  5.00712e-01
227  11  6.19183e-01
228  11  5.94008e-01
229  13  5.87447e-01
230  11  5.78068e-01
231  12  5.89145e-01
232  11  5.66598e-01
233  11  6.35403e-01
234  11  5.78479e-01
235  10  5.53277e-01
236  10  6.19499e-01
237  12  6.19949e-01
238  13  6.51043e-01
239  10  6.30979e-01
240  13  6.40709e-01
241  10  5.45009e-01
242  10  6.46538e-01
243  13  3.70767e-01
244  11  5.96130e-01
245  10  6.08823e-01
246  10  5.08587e-01
247  10  5.73709e-01
248  12  6.60922e-01
249  10  5.35912e-01
250  11  6.27084e-01
251  12  6.13018e-01
252  10  5.96007e-01
253  11  6.35348e-01
254   9  7.05847e-01
255  13  6.21180e-01
256   8  5.58138e-01
257  12  6.28308e-01
258  11  6.68708e-01
259  10  4.87466e-01
260  10  6.37876e-01
261  11  6.48405e-01
262  12  5.87888e-01
263  11  5.53882e-01
264  13  5.82783e-01
265  11  6.90563e-01
266  10  6.11740e-01
267  12  6.43631e-01
268   9  6.55974e-01
269  10  7.50600e-01
270  10  5.91153e-01
271  12  6.97129e-01
272  10  5.08411e-01
273   9  5.70986e-01
274  12  6.38066e-01
275  12  6.24224e-01
276  12  6.27227e-01
277   9  5.34443e-01
278  10  3.31042e-01
279  12  6.20239e-01
280  11  6.23301e-01
281  12  5.71609e-01
282  11  5.87089e-01
283   7  5.02881e-01
284  10  6.43163e-01
285  11  3.16131e-01
286   9  4.94382e-01
287  12  5.94780e-01
288  10  6.20279e-01
289   9  7.21840e-01
290  12  5.42458e-01
291   9  5.62813e-01
292  10  6.20653e-01
293   9  4.19764e-01
294   9  6.52989e-01
295  10  6.11567e-01
296  11  6.20822e-01
297  10  6.45389e-01
298  10  6.52837e-01
299  11  5.90929e-01
300  11  7.67438e-01
301  12  6.25696e-01
302  11  6.18390e-01
303  10  4.81896e-01
304   7  4.81437e-01
305  11  5.49665e-01
306  11  5.53342e-01
307  10  6.20812e-01
308  12  6.45928e-01
309  11  6.33291e-01
310  13  6.58398e-01
311  11  6.45304e-01
312  10  5.26732e-01
313  11  6.14982e-01
314  11  6.24848e-01
315  11  6.46070e-01
316  10  4.95960e-01
317   9  6.17042e-01
318  10  5.85507e-01
319  11  4.86827e-01
320  11  6.10740e-01
321  10  6.26777e-01
322  11  6.30834e-01
323  10  6.18654e-01
324   9  5.77974e-01
325  10  6.74384e-01
326  10  5.56122e-01
327  11  7.91857e-01
328  10  6.27926e-01
329  10  6.19316e-01
330  12  5.58693e-01
331  10  5.64029e-01
332  13  5.76844e-01
333   8  6.12625e-01
334  10  5.66275e-01
335  12  6.13482e-01
336  10  6.04080e-01
337  10  6.01418e-01
338  12  6.95128e-01
339  10  5.21491e-01
340   9  6.78946e-01
341  10  5.91753e-01
342  10  6.12798e-01
343  12  5.50815e-01
344  13  6.73268e-01
345  10  4.43752e-01
346   9  6.30339e-01
347  12  5.73709e-01
348  10  6.32637e-01
349  12  5.84584e-01
350  10  5.20972e-01
351  10  6.59012e-01
352  11  6.17386e-01
353  11  6.02371e-01
354  10  6.40983e-01
355  10  5.62918e-01
356  11  6.10672e-01
357  12  6.87153e-01
358  11  7.09452e-01
359  12  7.01888e-01
360  10  6.95915e-01
361   9  6.83147e-01
362  12  6.03625e-01
363  10  6.64368e-01
364   9  6.89485e-01
365   9  5.47490e-01
366  12  6.54144e-01
367  10  5.24292e-01
368  13  5.61957e-01
369  10  5.07917e-01
370   9  6.34714e-01
371  11  5.47713e-01
372  11  5.62324e-01
0  13  1.52519e+00
1  11  4.97013e-01
2  10  4.88541e-01
3  10  4.77311e-01
4  11  4.96167e-01
5  11  5.11294e-01
6  10  4.77402e-01
7  11  4.90288e-01
8  10  4.85459e-01
9  11  4.84237e-01
10  10  4.97899e-01
11  11  4.73965e-01
12  12  5.16705e-01
13   9  4.79866e-01
14  11  6.51756e-01
15   9  5.05201e-01
16  10  5.30913e-01
17   7  5.24558e-01
18  12  6.85397e-01
19  11  4.99338e-01
20  11  5.16972e-01
21   8  4.87576e-01
22  12  4.80304e-01
23   9  4.84402e-01
24  10  4.97526e-01
25  11  4.82576e-01
26  10  4.74600e-01
27  11  5.07291e-01
28  10  4.73774e-01
29  11  5.08065e-01
30  13  5.36289e-01
31  11  5.63243e-01
32   8  5.16317e-01
33  12  5.57283e-01
34  12  5.99872e-01
35   9  5.42347e-01
36  10  5.32505e-01
37  13  4.99907e-01
38  10  5.10754e-01
39   9  4.90335e-01
40  11  4.74063e-01
41  12  5.03044e-01
42  12  5.05460e-01
43  11  5.03429e-01
44  11  4.77531e-01
45  10  4.85164e-01
46  13  5.15907e-01
47  10  5.09533e-01
48  11  4.85620e-01
49   9  4.80637e-01
50  10  4.76458e-01
51  13  5.19254e-01
52  13  5.35740e-01
53   9  6.61092e-01
54  10  4.56701e-01
55  12  4.87533e-01
56  10  4.99630e-01
57  11  5.08987e-01
58  12  5.44576e-01
59   9  5.22261e-01
60  11  5.34247e-01
61  12  7.56731e-01
62  10  5.60232e-01
63   9  5.70661e-01
64  10  5.44546e-01
65   9  5.40888e-01
66  12  5.24477e-01
67  12  5.47673e-01
68  11  5.06693e-01
69  10  6.15626e-01
70  10  4.89331e-01
71  11  5.03237e-01
72  12  5.14514e-01
73  11  4.68538e-01
74  13  5.23684e-01
75   9  4.85530e-01
76  10  4.93005e-01
77  11  5.41675e-01
78  11  4.71377e-01
79   8  6.28028e-01
80  12  5.18576e-01
81   7  5.09056e-01
82  11  5.11034e-01
83  13  5.06461e-01
84  10  5.21887e-01
85  11  4.98663e-01
86  11  5.13620e-01
87   9  7.07904e-01
88   9  5.11802e-01
89  10  5.71929e-01
90   9  4.87608e-01
91  11  5.00970e-01
92  11  5.34828e-01
93   7  5.58995e-01
94  12  5.56489e-01
95  11  5.36791e-01
96  12  7.48018e-01
97  11  5.07458e-01
98  10  5.18276e-01
99  10  7.71333e-01
100  11  5.19756e-01
101  11  5.69960e-01
102  12  4.95193e-01
103  12  5.23108e-01
104  10  5.40394e-01
105  10  5.68795e-01
106  12  4.86277e-01
107  11  5.01329e-01
108  11  5.40731e-01
109  10  4.53018e-01
110  12  5.21361e-01
111  12  5.05307e-01
112  12  5.23438e-01
113  11  4.90055e-01
114   9  7.59531e-01
115  11  5.17188e-01
116  11  4.91598e-01
117  12  6.77078e-01
0  13  1.33950e+00
1  11  2.33029e-01
2  10  2.40815e-01
3  10  1.94930e-01
4  11  2.43511e-01
5  11  2.58069e-01
6  10  3.02890e-01
7  11  3.25025e-01
8  10  2.23911e-01
9  11  2.76143e-01
10  10  2.28057e-01
11  11  2.25940e-01
12  12  2.25780e-01
13   9  2.70750e-01
14  11  2.40257e-01
15   9  2.51994e-01
16  10  2.25581e-01
17   7  3.77208e-01
18  12  2.78618e-01
19  11  2.55229e-01
20  11  2.40408e-01
21   8  2.42544e-01
22  12  2.57878e-01
23   9  2.56466e-01
24  10  2.11400e-01
25  11  2.23479e-01
26  10  3.27773e-01
27  11  2.35641e-01
28  10  2.71738e-01
29  11  3.43773e-01
30  13  2.94491e-01
31  11  2.75086e-01
32   8  2.77508e-01
33  12  2.55226e-01
34  12  2.57816e-01
35   9  3.15098e-01
36  10  2.95372e-01
37  13  2.49761e-01
38  10  2.06691e-01
39   9  2.18269e-01
40  11  2.58459e-01
41  12  2.82817e-01
42  12  2.67156e-01
43  11  2.21493e-01
44  11  2.48734e-01
45  10  2.21738e-01
46  13  2.60640e-01
47  10  2.59534e-01
48  11  2.39918e-01
49   9  3.20266e-01
50  10  2.25540e-01
51  13  2.59776e-01
52  13  3.15422e-01
53   9  2.23118e-01
54  10  3.13982e-01
55  12  2.33704e-01
56  10  2.74004e-01
57  11  2.93138e-01
58  12  2.27222e-01
59   9  2.43850e-01
60  11  2.54738e-01
61  12  2.56776e-01
62  10  2.36581e-01
63   9  2.83263e-01
64  10  2.20365e-01
65   9  2.23895e-01
66  12  2.37546e-01
67  12  2.90459e-01
68  11  2.96535e-01
69  10  2.52190e-01
70  10  2.25286e-01
71  11  3.16478e-01
72  12  2.46807e-01
73  11  3.03773e-01
74  13  2.55868e-01
75   9  2.67852e-01
76  10  2.20485e-01
77  11  2.29743e-01
78  11  2.60820e-01
79   8  2.60837e-01
80  12  2.31728e-01
81   7  2.58074e-01
82  11  2.30443e-01
83  13  2.64236e-01
84  10  2.17493e-01
85  11  2.78407e-01
86  11  2.78866e-01
87   9  2.40888e-01
88   9  2.85922e-01
89  10  2.62725e-01
90   9  2.55361e-01
91  11  2.64603e-01
92  11  2.22543e-01
93   7  1.88513e-01
94  12  2.56233e-01
95  11  2.39787e-01
96  12  2.34340e-01
97  11  2.62752e-01
98  10  2.41194e-01
99  10  3.05389e-01
100  11  2.85599e-01
101  11  2.49677e-01
102  12  2.39021e-01
103  12  2.62075e-01
104  10  2.39982e-01
105  10  3.12693e-01
106  12  2.77634e-01
107  11  3.12252e-01
108  11  2.97457e-01
109  10  2.29167e-01
110  12  2.77546e-01
111  12  2.63060e-01
112  12  2.65790e-01
113  11  2.53624e-01
114   9  2.35998e-01
115  11  2.69432e-01
116  11  2.47159e-01
117  12  2.90392e-01
118  11  3.18022e-01
119  11  2.43919e-01
120  10  2.24320e-01
121  10  2.37738e-01
122  10  2.73160e-01
123  13  2.53731e-01
124  12  2.47332e-01
125  10  2.30460e-01
126  12  2.32882e-01
127   8  2.82223e-01
128  10  2.35057e-01
129   8  2.52303e-01
130  10  2.31193e-01
131  11  2.45383e-01
132  13  2.36251e-01
133  11  2.48313e-01
134  12  3.20597e-01
135  10  2.47907e-01
136  13  2.23753e-01
137  11  3.03188e-01
138  11  2.30393e-01
139   9  3.47498e-01
140   9  2.39273e-01
141  10  2.53838e-01
142  10  2.33123e-01
143  13  2.58347e-01
144   9  2.81688e-01
145  12  2.36259e-01
146  14  2.59686e-01
147  11  2.39124e-01
148  11  2.48486e-01
149  13  2.10439e-01
150  10  2.96331e-01
151  11  2.49280e-01
152   9  2.40063e-01
153   9  2.79920e-01
154  11  2.24190e-01
155  11  2.66507e-01
156  12  2.47220e-01
157   9  2.41600e-01
158   9  2.29235e-01
159  13  2.88804e-01
160  11  2.95946e-01
161  12  2.28523e-01
162  15  2.60496e-01
163  12  3.28945e-01
164  11  2.34612e-01
165  10  2.57799e-01
166  10  2.54059e-01
167  12  2.74250e-01
168  12  2.68186e-01
169   8  2.33273e-01
170  11  2.47144e-01
171   9  2.69504e-01
172  11  3.07130e-01
173  10  4.73502e-01
174  11  2.72295e-01
175  12  2.49805e-01
176   8  3.22333e-01
177  10  2.63621e-01
178  10  2.46242e-01
179  13  2.44368e-01
180  10  2.45846e-01
181  11  2.21207e-01
182   9  2.23644e-01
183  12  3.20251e-01
184  13  2.19500e-01
185  10  2.28922e-01
186  11  3.13629e-01
187  12  3.58874e-01
188  11  2.49467e-01
189  11  2.66662e-01
190  11  2.90419e-01
191  12  2.71741e-01
192  13  3.04365e-01
193  12  2.77366e-01
194   9  3.21999e-01
195  10  2.98275e-01
196  11  2.23145e-01
197  11  2.37029e-01
198  11  2.57780e-01
199  12  2.56293e-01
200  11  2.78937e-01
201   9  2.43850e-01
202   7  2.27882e-01
203  11  2.84033e-01
204  10  2.76886e-01
205  11  2.23679e-01
206  11  2.57453e-01
207   9  3.10426e-01
208  10  2.90359e-01
209  10  2.44296e-01
210   8  2.69084e-01
211  12  2.56086e-01
212  11  2.31439e-01
213  12  2.48712e-01
214  11  2.34545e-01
215  12  2.71985e-01
216  12  2.33177e-01
217   9  2.25025e-01
218  13  2.84145e-01
219   9  2.45730e-01
220  11  2.31350e-01
221  12  2.43271e-01
222  13  2.78491e-01
223  11  2.65159e-01
224  13  2.63648e-01
225  13  2.26372e-01
226  12  3.07388e-01
227  11  2.63073e-01
228  11  2.55175e-01
229  13  2.42717e-01
230  11  2.57133e-01
231  12  2.47839e-01
232  11  2.37853e-01
233  11  2.29150e-01
234  11  2.72667e-01
235  10  3.11407e-01
236  10  2.59772e-01
237  12  2.64938e-01
238  13  2.84737e-01
239  10  2.35816e-01
240  13  2.64005e-01
241  10  3.24458e-01
242  10  2.32531e-01
243  13  2.82064e-01
244  11  2.61191e-01
245  10  2.64885e-01
246  10  2.54862e-01
247  10  2.09468e-01
248  12  2.45695e-01
249  10  2.28726e-01
250  11  2.83346e-01
251  12  2.46696e-01
252  10  2.16565e-01
253  11  3.21315e-01
254   9  2.63046e-01
255  13  2.47556e-01
256   8  2.33473e-01
257  12  2.77476e-01
258  11  2.64073e-01
259  10  2.38245e-01
260  10  2.78105e-01
261  11  2.54531e-01
262  12  2.61794e-01
263  11  2.67061e-01
264  13  3.34149e-01
265  11  2.61787e-01
266  10  2.57973e-01
267  12  2.84835e-01
268   9  2.19505e-01
269  10  3.09630e-01
270  10  2.71193e-01
271  12  2.52971e-01
272  10  2.47971e-01
273   9  2.72137e-01
274  12  2.63814e-01
275  12  2.65410e-01
276  12  2.54931e-01
277   9  2.24869e-01
278  10  2.73282e-01
279  12  2.35415e-01
280  11  2.68753e-01
281  12  3.03580e-01
282  11  2.19545e-01
283   7  2.86655e-01
284  10  2.55019e-01
285  11  3.02854e-01
286   9  2.17898e-01
287  12  2.80062e-01
288  10  2.29220e-01
289   9  3.22653e-01
290  12  2.91845e-01
291   9  2.38324e-01
292  10  2.23555e-01
293   9  2.29134e-01
294   9  2.56736e-01
295  10  2.47208e-01
296  11  2.64084e-01
297  10  2.58609e-01
298  10  3.20976e-01
299  11  2.31220e-01
300  11  2.62842e-01
301  12  2.52958e-01
302  11  2.17717e-01
303  10  2.89301e-01
304   7  3.44620e-01
305  11  2.86339e-01
306  11  2.98825e-01
307  10  2.38130e-01
308  12  2.35073e-01
309  11  2.28176e-01
310  13  2.95780e-01
311  11  2.88441e-01
312  10  2.56594e-01
313  11  3.23136e-01
314  11  2.86272e-01
315  11  2.52817e-01
316  10  2.16744e-01
317   9  3.25624e-01
318  10  2.33327e-01
319  11  2.46686e-01
320  11  2.46836e-01
321  10  2.46555e-01
322  11  2.30362e-01
323  10  2.15151e-01
324   9  2.36665e-01
325  10  2.67086e-01
326  10  2.61152e-01
327  11  2.76327e-01
328  10  2.89367e-01
329  10  2.30086e-01
330  12  2.93556e-01
331  10  2.66440e-01
332  13  2.89895e-01
333   8  2.93195e-01
334  10  2.69890e-01
335  12  2.44618e-01
336  10  2.20907e-01
337  10  2.93642e-01
338  12  2.41916e-01
339  10  2.89700e-01
340   9  2.65428e-01
341  10  2.38675e-01
342  10  3.11074e-01
343  12  2.78287e-01
344  13  2.77845e-01
345  10  2.42561e-01
346   9  2.97311e-01
347  12  2.32534e-01
348  10  2.35086e-01
349  12  2.27978e-01
350  10  2.68837e-01
351  10  2.60905e-01
352  11  2.69613e-01
353  11  2.25648e-01
354  10  2.90903e-01
355  10  2.36409e-01
356  11  2.82928e-01
357  12  2.69030e-01
358  11  3.29126e-01
359  12  2.68671e-01
360  10  2.53447e-01
361   9  2.99044e-01
362  12  2.52968e-01
363  10  2.43882e-01
364   9  3.16284e-01
365   9  2.39706e-01
366  12  2.83665e-01
367  10  2.43137e-01
368  13  2.58841e-01
369  10  2.61517e-01
370   9  2.49255e-01
371  11  3.11966e-01
372  11  2.59425e-01
0  13  1.07780e+00
1  11  2.84507e-01
2  10  2.54794e-01
3  10  2.69751e-01
4  11  2.10078e-01
5  11  2.66571e-01
6  10  2.99754e-01
7  11  2.94308e-01
8  10  2.36974e-01
9  11  2.49209e-01
10  10  3.05456e-01
11  11  2.37274e-01
12  12  2.86350e-01
13   9  2.73450e-01
14  11  2.44608e-01
15   9  2.62179e-01
16  10  2.68050e-01
17   7  3.25590e-01
18  12  2.84847e-01
19  11  2.29750e-01
20  11  2.54944e-01
21   8  2.11785e-01
22  12  2.72718e-01
23   9  3.18686e-01
24  10  2.73869e-01
25  11  2.47337e-01
26  10  3.39979e-01
27  11  2.36070e-01
28  10  2.53480e-01
29  11  2.91362e-01
30  13  2.17769e-01
31  11  2.60907e-01
32   8  2.88522e-01
33  12  3.31198e-01
34  12  2.25021e-01
35   9  2.81229e-01
36  10  2.54336e-01
37  13  2.22724e-01
38  10  2.74744e-01
39   9  2.24990e-01
40  11  2.50028e-01
41  12  2.54464e-01
42  12  2.67352e-01
43  11  2.35360e-01
44  11  2.46340e-01
45  10  2.48084e-01
46  13  2.30555e-01
47  10  2.57848e-01
48  11  2.17967e-01
49   9  3.12240e-01
50  10  2.58501e-01
51  13  2.25936e-01
0  13  1.07496e+00
1  11  2.96729e-01
2  10  2.50143e-01
3  10  2.50310e-01
4  11  2.24938e-01
5  11  2.73162e-01
6  10  3.02879e-01
7  11  2.89314e-01
8  10  2.40222e-01
9  11  2.79589e-01
10  10  2.94420e-01
11  11  2.37360e-01
12  12  2.82203e-01
13   9  2.74193e-01
14  11  2.50707e-01
15   9  2.71600e-01
16  10  2.77489e-01
17   7  3.05110e-01
18  12  2.71686e-01
19  11  2.28340e-01
20  11  2.52237e-01
21   8  2.06698e-01
22  12  2.63233e-01
23   9  3.26982e-01
24  10  2.75818e-01
25  11  2.27635e-01
26  10  3.24173e-01
27  11  2.36114e-01
28  10  2.51497e-01
29  11  2.89142e-01
30  13  2.10317e-01
31  11  2.55448e-01
32   8  2.87428e-01
33  12  2.86495e-01
34  12  2.23128e-01
35   9  2.76240e-01
36  10  2.51427e-01
37  13  2.21404e-01
38  10  3.00151e-01
39   9  2.28950e-01
40  11  2.53604e-01
41  12  2.52411e-01
42  12  2.71300e-01
43  11  2.38888e-01
44  11  2.37319e-01
45  10  2.48908e-01
46  13  2.38035e-01
47  10  2.66097e-01
48  11  2.19199e-01
49   9  2.64659e-01
50  10  2.61376e-01
51  13  2.24642e-01
52  13  3.09819e-01
53   9  2.59988e-01
54  10  2.82012e-01
55  12  2.75894e-01
56  10  3.33502e-01
57  11  2.50285e-01
58  12  2.17540e-01
59   9  2.87201e-01
60  11  2.15241e-01
61  12  2.48871e-01
62  10  2.65804e-01
63   9  3.06650e-01
64  10  2.16741e-01
65   9  2.11575e-01
66  12  2.29464e-01
67  12  2.34495e-01
68  11  3.22998e-01
69  10  2.56070e-01
70  10  2.47690e-01
71  11  2.73377e-01
72  12  2.26326e-01
73  11  2.32789e-01
74  13  2.34089e-01
75   9  2.95428e-01
76  10  2.52319e-01
77  11  2.35313e-01
78  11  2.55505e-01
79   8  2.32666e-01
80  12  2.72437e-01
81   7  2.88901e-01
82  11  2.72638e-01
83  13  2.58630e-01
84  10  2.64048e-01
85  11  2.35812e-01
86  11  2.64027e-01
87   9  2.69428e-01
88   9  3.14548e-01
89  10  3.08439e-01
90   9  2.92769e-01
91  11  2.59264e-01
92  11  2.22174e-01
93   7  2.70599e-01
94  12  2.45874e-01
95  11  2.42469e-01
96  12  2.42698e-01
97  11  2.10492e-01
98  10  2.57207e-01
99  10  2.81633e-01
100  11  2.48436e-01
101  11  3.09169e-01
102  12  2.48233e-01
103  12  2.40570e-01
104  10  2.47108e-01
105  10  3.32377e-01
106  12  3.00978e-01
107  11  2.52520e-01
108  11  2.92913e-01
109  10  2.33712e-01
110  12  2.83834e-01
111  12  2.75046e-01
112  12  2.41237e-01
113  11  2.92786e-01
114   9  2.45691e-01
115  11  2.48932e-01
116  11  2.64354e-01
117  12  2.43420e-01
118  11  2.76875e-01
119  11  2.65016e-01
120  10  2.23095e-01
121  10  2.32490e-01
122  10  3.12059e-01
123  13  2.37099e-01
124  12  2.38971e-01
125  10  2.48217e-01
126  12  2.12834e-01
127   8  3.40468e-01
128  10  1.85734e-01
129   8  2.84615e-01
130  10  2.49935e-01
131  11  2.34553e-01
132  13  2.55333e-01
133  11  2.17888e-01
134  12  3.04043e-01
135  10  2.22158e-01
136  13  2.91980e-01
137  11  2.93704e-01
138  11  2.49029e-01
139   9  3.57243e-01
140   9  2.42579e-01
141  10  2.49330e-01
142  10  2.10027e-01
143  13  2.31074e-01
144   9  2.75445e-01
145  12  2.19648e-01
146  14  2.38185e-01
147  11  2.42633e-01
148  11  2.55570e-01
149  13  2.74499e-01
150  10  2.52093e-01
151  11  3.01724e-01
152   9  2.57704e-01
153   9  3.32122e-01
154  11  2.15666e-01
155  11  2.74050e-01
156  12  2.29835e-01
157   9  2.32711e-01
158   9  2.31451e-01
159  13  3.19380e-01
160  11  3.01094e-01
161  12  2.35282e-01
162  15  2.66527e-01
163  12  2.46306e-01
164  11  2.25977e-01
165  10  2.50291e-01
166  10  3.07238e-01
167  12  2.59837e-01
168  12  2.76423e-01
169   8  2.65882e-01
170  11  2.70936e-01
171   9  3.00754e-01
172  11  2.54218e-01
173  10  2.17126e-01
174  11  2.21883e-01
175  12  2.56406e-01
176   8  2.88223e-01
177  10  2.50961e-01
178  10  2.35536e-01
179  13  2.67158e-01
180  10  2.79349e-01
181  11  2.11845e-01
182   9  2.30571e-01
183  12  2.52220e-01
184  13  2.77410e-01
185  10  2.44887e-01
186  11  2.55558e-01
187  12  2.63021e-01
188  11  2.46904e-01
189  11  2.37324e-01
190  11  3.23002e-01
191  12  2.47010e-01
192  13  2.36718e-01
193  12  2.35953e-01
194   9  3.14979e-01
195  10  2.78585e-01
196  11  2.38480e-01
197  11  2.47843e-01
198  11  2.48698e-01
199  12  2.05514e-01
200  11  3.24637e-01
201   9  2.82595e-01
202   7  2.61747e-01
203  11  2.19270e-01
204  10  2.30993e-01
205  11  2.43127e-01
206  11  2.61131e-01
207   9  3.30131e-01
208  10  3.04685e-01
209  10  2.44662e-01
210   8  2.54546e-01
211  12  2.57817e-01
212  11  2.17274e-01
213  12  2.35109e-01
214  11  2.32546e-01
215  12  2.25348e-01
216  12  2.72981e-01
217   9  2.38432e-01
218  13  2.36543e-01
219   9  2.33277e-01
220  11  2.56046e-01
221  12  2.40646e-01
222  13  2.29980e-01
223  11  2.08554e-01
224  13  2.97907e-01
225  13  2.64161e-01
226  12  2.60869e-01
227  11  3.08225e-01
228  11  2.70480e-01
229  13  3.04615e-01
230  11  2.30346e-01
231  12  2.51500e-01
232  11  2.44033e-01
233  11  2.75617e-01
234  11  3.03679e-01
235  10  2.54315e-01
236  10  2.75341e-01
237  12  2.54142e-01
238  13  2.20312e-01
239  10  2.65381e-01
240  13  2.36068e-01
241  10  2.94838e-01
242  10  2.29103e-01
243  13  2.66651e-01
244  11  2.69981e-01
245  10  2.57141e-01
246  10  2.83392e-01
247  10  2.72361e-01
248  12  2.99303e-01
249  10  2.41451e-01
250  11  2.21693e-01
251  12  2.48423e-01
252  10  2.38353e-01
253  11  2.89735e-01
254   9  2.78088e-01
255  13  3.40174e-01
256   8  2.36675e-01
257  12  2.38748e-01
258  11  2.80177e-01
259  10  2.30595e-01
260  10  3.14808e-01
261  11  2.06370e-01
262  12  3.11502e-01
263  11  2.29585e-01
264  13  2.82394e-01
265  11  2.32431e-01
266  10  2.43713e-01
267  12  2.84506e-01
268   9  2.10530e-01
269  10  3.31092e-01
270  10  2.40408e-01
271  12  2.71149e-01
272  10  2.47221e-01
273   9  2.60774e-01
274  12  2.51358e-01
275  12  2.29837e-01
276  12  2.26537e-01
277   9  2.54480e-01
278  10  3.33519e-01
279  12  2.28031e-01
280  11  2.49823e-01
281  12  2.93514e-01
282  11  2.36338e-01
283   7  2.81861e-01
284  10  2.50495e-01
285  11  2.68737e-01
286   9  3.14834e-01
287  12  2.53545e-01
288  10  2.78274e-01
289   9  3.13954e-01
290  12  2.61069e-01
291   9  2.72347e-01
292  10  2.41256e-01
293   9  2.67954e-01
294   9  2.63845e-01
295  10  2.47982e-01
296  11  2.31320e-01
297  10  2.59946e-01
298  10  3.67395e-01
299  11  2.33202e-01
300  11  2.62559e-01
301  12  2.74588e-01
302  11  2.52125e-01
303  10  2.99086e-01
304   7  3.10268e-01
305  11  2.43427e-01
306  11  2.50567e-01
307  10  2.20413e-01
308  12  2.35422e-01
309  11  2.46785e-01
310  13  2.08125e-01
311  11  3.05652e-01
312  10  3.39705e-01
313  11  2.68100e-01
314  11  3.56234e-01
315  11  3.35594e-01
316  10  2.58318e-01
317   9  2.73287e-01
318  10  2.27943e-01
319  11  2.40858e-01
320  11  2.59298e-01
321  10  2.34254e-01
322  11  2.30556e-01
323  10  2.20161e-01
324   9  2.77120e-01
325  10  2.09957e-01
326  10  2.66631e-01
327  11  3.57433e-01
328  10  3.30423e-01
329  10  2.44340e-01
330  12  2.50275e-01
331  10  2.42650e-01
332  13  2.87454e-01
333   8  3.28451e-01
334  10  2.41557e-01
335  12  2.21490e-01
336  10  2.67810e-01
337  10  3.11893e-01
338  12  2.51515e-01
339  10  2.85202e-01
340   9  2.58536e-01
341  10  2.33144e-01
342  10  3.29062e-01
343  12  2.59755e-01
344  13  2.40386e-01
345  10  2.20604e-01
346   9  3.13573e-01
347  12  2.39753e-01
348  10  2.42223e-01
349  12  2.37214e-01
350  10  2.28365e-01
351  10  3.01418e-01
352  11  2.29729e-01
353  11  2.58135e-01
354  10  3.17115e-01
355  10  2.33909e-01
356  11  2.43499e-01
357  12  2.39597e-01
358  11  2.71956e-01
359  12  2.40113e-01
360  10  2.57315e-01
361   9  2.80841e-01
362  12  2.30864e-01
363  10  2.49809e-01
364   9  3.21931e-01
365   9  2.81495e-01
366  12  2.25084e-01
367  10  2.47865e-01
368  13  3.10710e-01
369  10  3.36514e-01
370   9  2.05461e-01
371  11  2.92751e-01
372  11  2.53551e-01
