5577 -999.6450000004844 -1758.7939999999944 1243.442 1088 329 10143
5578 -507.1630000006408 -1468.0730000000913 1234.283 1076 329 10143
5579 -1529.2700000004843 829.1159999999218 1256.438 1035 329 10143
5580 -1014.242999999784 -610.4280000000726 1244.177 1081 329 10143
5581 -4.175999999977648 -1747.905000000028 1224.793 1045 329 10143
5582 -1517.6630000006407 -326.954000000027 1253.732 1020 329 10143
5583 -2028.7960000000887 535.5949999999721 1262.832 1014 329 10143
5584 -510.25 -893.6130000000121 1235.149 1082 329 10143
5585 -1045.538999999873 2278.216999999946 1259.791 1033 343 10143
5586 -1539.7599999997765 1407.1329999999143 1257.174 1019 343 10143
5587 986.3269999995828 -587.9189999999944 1209.375 1038 343 10143
5588 960.2060000002384 1723.2639999999665 1230.679 1048 343 10143
5589 -2537.640000000596 827.0079999999143 1275.3639999999998 1022 343 10143
5590 -1529.2700000004843 829.1159999999218 1256.438 1035 343 10143
5591 977.8420000001788 -9.980000000097789 1213.667 1065 343 10143
5592 972.4619999993593 566.2379999998957 1218.321 1054 343 10143
5593 -2028.7960000000887 535.5949999999721 1262.832 1014 343 10143
5594 484.1839999994263 -303.8570000000764 1217.298 1058 343 10143
5595 -35.40500000026077 1130.966999999946 1238.332 1037 343 10143
5596 964.9469999996944 1142.496999999974 1222.8249999999998 1075 343 10143
5597 1471.8429999994114 861.0229999999283 1214.737 1043 343 10143
5598 -2041.140000000596 1689.5379999999425 1268.851 1071 343 10143
5599 -27.98699999973178 553.5019999999786 1234.04 1089 343 10143
5600 -522.7599999997765 265.7259999999078 1238.422 1029 343 10143
5601 492.0300000002608 -882.9679999999935 1217.495 1092 343 10143
5602 -46.83700000029057 2290.121999999974 1246.445 1030 343 10143
5603 1481.4179999995977 -293.40500000002794 1205.895 1016 343 10143
5604 474.38200000021607 274.66599999996834 1221.3449999999998 1093 343 10143
5605 -1035.1069999998435 1124.6539999999804 1247.897 1074 343 10143
5606 -15.268000000156462 -601.1300000000047 1226.0069999999998 1046 343 10143
5607 -529.4869999997318 837.1829999999609 1242.322 1066 343 10143
5608 -541.8650000002235 1996.8339999999152 1249.0459999999998 1049 343 10143
5609 -1543.6840000003576 1981.0089999999616 1264.861 1034 343 10143
5610 469.7309999996796 846.3469999999506 1230.58 1051 343 10143
5611 993.3199999993668 -1163.9750000000931 1209.6989999999998 1090 343 10143
5612 463.3509999997914 1426.0669999999227 1235.028 1052 343 10143
5613 -509.5030000004917 -322.65500000002794 1234.0179999999998 1083 343 10143
5614 -1035.6850000005215 1704.5509999999776 1256.025 1042 343 10143
2581 -2537.640000000596 827.0079999999143 1275.3639999999998 1022 62 10133
2582 -15.268000000156462 -601.1300000000047 1226.0069999999998 1046 62 10133
2583 -9.339000000618398 -1176.4970000000903 1225.813 1013 62 10133
2584 -1014.242999999784 -610.4280000000726 1244.177 1081 62 10133
2585 -507.1630000006408 -1468.0730000000913 1234.283 1076 62 10133
2586 -2012.4780000001192 -621.969000000041 1263.925 1085 62 10133
3739 948.9840000001714 2880.2099999999627 1237.374 1010 284 10139
3740 444.6119999997318 2003.2029999999795 1238.5739999999998 109 284 10139
3741 -1009.5490000005811 -1187.7300000000978 1244.3159999999998 1012 284 10139
3742 -9.339000000618398 -1176.4970000000903 1225.813 1013 284 10139
3743 -1506.3670000005511 -1482.265000000014 1254.125 1011 284 10139
2439 1481.4179999995977 -293.40500000002794 1205.895 1016 409 10133
2440 -1517.6630000006407 -326.954000000027 1253.732 1020 409 10133
2441 -15.268000000156462 -601.1300000000047 1226.0069999999998 1046 409 10133
2442 -1511.7420000005511 -902.3300000000744 1253.778 1047 409 10133
2443 484.1839999994263 -303.8570000000764 1217.298 1058 409 10133
2444 977.8420000001788 -9.980000000097789 1213.667 1065 409 10133
2445 -2020.589999999851 -43.46200000005774 1264.2869999999998 1073 409 10133
2446 -1524.140000000596 254.3159999999916 1252.903 1078 409 10133
2447 -510.25 -893.6130000000121 1235.149 1082 409 10133
2448 -509.5030000004917 -322.65500000002794 1234.0179999999998 1083 409 10133
2449 993.3199999993668 -1163.9750000000931 1209.6989999999998 1090 409 10133
2450 492.0300000002608 -882.9679999999935 1217.495 1092 409 10133
303 -9.339000000618398 -1176.4970000000903 1225.813 1013 403 10132
304 -1517.6630000006407 -326.954000000027 1253.732 1020 403 10132
305 -2007.847000000067 -1197.4450000000652 1264.25 1024 403 10132
306 -1511.7420000005511 -902.3300000000744 1253.778 1047 403 10132
307 -509.5030000004917 -322.65500000002794 1234.0179999999998 1083 403 10132
308 -1524.140000000596 254.3159999999916 1252.903 1078 403 10132
1478 -2041.140000000596 1689.5379999999425 1268.851 1071 538 10132
1479 1481.4179999995977 -293.40500000002794 1205.895 1016 538 10132
1480 -2020.589999999851 -43.46200000005774 1264.2869999999998 1073 538 10132
1481 -1524.140000000596 254.3159999999916 1252.903 1078 538 10132
1482 -1506.3670000005511 -1482.265000000014 1254.125 1011 538 10132
1250 1481.4179999995977 -293.40500000002794 1205.895 1016 1533 10132
1251 -4.175999999977648 -1747.905000000028 1224.793 1045 1533 10132
1252 -2007.847000000067 -1197.4450000000652 1264.25 1024 1533 10132
1253 964.9469999996944 1142.496999999974 1222.8249999999998 1075 1533 10132
1254 496.6019999999553 -1459.8250000000698 1216.701 1084 1533 10132
1255 -1524.140000000596 254.3159999999916 1252.903 1078 1533 10132
1992 -509.5030000004917 -322.65500000002794 1234.0179999999998 1083 2057 10132
1993 -27.98699999973178 553.5019999999786 1234.04 1089 2057 10132
1994 -538.3780000004917 1416.546999999904 1247.887 1077 2057 10132
1995 -15.268000000156462 -601.1300000000047 1226.0069999999998 1046 2057 10132
1996 -9.339000000618398 -1176.4970000000903 1225.813 1013 2057 10132
1997 -1035.1069999998435 1124.6539999999804 1247.897 1074 2057 10132
6040 492.0300000002608 -882.9679999999935 1217.495 1092 99 10143
6041 -15.268000000156462 -601.1300000000047 1226.0069999999998 1046 99 10143
6042 993.3199999993668 -1163.9750000000931 1209.6989999999998 1090 99 10143
6043 484.1839999994263 -303.8570000000764 1217.298 1058 99 10143
6044 474.38200000021607 274.66599999996834 1221.3449999999998 1093 99 10143
6045 -529.4869999997318 837.1829999999609 1242.322 1066 99 10143
2046 -1539.7599999997765 1407.1329999999143 1257.174 1019 617 10143
2047 -1035.1069999998435 1124.6539999999804 1247.897 1074 617 10143
2048 1471.8429999994114 861.0229999999283 1214.737 1043 617 10143
2049 -1543.6840000003576 1981.0089999999616 1264.861 1034 617 10143
2050 -35.40500000026077 1130.966999999946 1238.332 1037 617 10143
2051 964.9469999996944 1142.496999999974 1222.8249999999998 1075 617 10143
2052 -1045.538999999873 2278.216999999946 1259.791 1033 617 10143
2053 -538.3780000004917 1416.546999999904 1247.887 1077 617 10143
2054 -541.8650000002235 1996.8339999999152 1249.0459999999998 1049 617 10143
5976 1471.8429999994114 861.0229999999283 1214.737 1043 768 10143
5977 463.3509999997914 1426.0669999999227 1235.028 1052 768 10143
5978 972.4619999993593 566.2379999998957 1218.321 1054 768 10143
5979 474.38200000021607 274.66599999996834 1221.3449999999998 1093 768 10143
5980 -538.3780000004917 1416.546999999904 1247.887 1077 768 10143
31 -1009.5490000005811 -1187.7300000000978 1244.3159999999998 1012 424 10131
32 -9.339000000618398 -1176.4970000000903 1225.813 1013 424 10131
33 -2007.847000000067 -1197.4450000000652 1264.25 1024 424 10131
34 -15.268000000156462 -601.1300000000047 1226.0069999999998 1046 424 10131
35 -1511.7420000005511 -902.3300000000744 1253.778 1047 424 10131
36 -510.25 -893.6130000000121 1235.149 1082 424 10131
2544 -27.98699999973178 553.5019999999786 1234.04 1089 712 10132
2545 -1035.1069999998435 1124.6539999999804 1247.897 1074 712 10132
2546 463.3509999997914 1426.0669999999227 1235.028 1052 712 10132
2547 -541.8650000002235 1996.8339999999152 1249.0459999999998 1049 712 10132
2548 469.7309999996796 846.3469999999506 1230.58 1051 712 10132
2743 -1035.6850000005215 1704.5509999999776 1256.025 1042 346 10132
2744 463.3509999997914 1426.0669999999227 1235.028 1052 346 10132
2745 -507.1630000006408 -1468.0730000000913 1234.283 1076 346 10132
2746 -522.7599999997765 265.7259999999078 1238.422 1029 346 10132
2747 -541.8650000002235 1996.8339999999152 1249.0459999999998 1049 346 10132
2748 -1524.140000000596 254.3159999999916 1252.903 1078 346 10132
2749 -48.20200000051409 2867.2759999999544 1248.984 1055 346 10132
2750 -1014.242999999784 -610.4280000000726 1244.177 1081 346 10132
2751 -35.40500000026077 1130.966999999946 1238.332 1037 346 10132
2752 986.3269999995828 -587.9189999999944 1209.375 1038 346 10132
3843 -2028.7960000000887 535.5949999999721 1262.832 1014 303 10132
3844 -35.40500000026077 1130.966999999946 1238.332 1037 303 10132
3845 -15.268000000156462 -601.1300000000047 1226.0069999999998 1046 303 10132
3846 -48.20200000051409 2867.2759999999544 1248.984 1055 303 10132
3847 -2537.640000000596 827.0079999999143 1275.3639999999998 1022 303 10132
3848 -509.5030000004917 -322.65500000002794 1234.0179999999998 1083 303 10132
1537 437.0019999993965 3738.671999999904 1245.135 1056 1823 10132
1538 964.9469999996944 1142.496999999974 1222.8249999999998 1075 1823 10132
1539 1471.8429999994114 861.0229999999283 1214.737 1043 1823 10132
1540 469.7309999996796 846.3469999999506 1230.58 1051 1823 10132
1541 -4.175999999977648 -1747.905000000028 1224.793 1045 1823 10132
3881 -1517.6630000006407 -326.954000000027 1253.732 1020 1137 10132
3882 1481.4179999995977 -293.40500000002794 1205.895 1016 1137 10132
3883 -509.5030000004917 -322.65500000002794 1234.0179999999998 1083 1137 10132
3884 474.38200000021607 274.66599999996834 1221.3449999999998 1093 1137 10132
3885 -2028.7960000000887 535.5949999999721 1262.832 1014 1137 10132
5479 -522.7599999997765 265.7259999999078 1238.422 1029 1875 10132
5480 -2020.589999999851 -43.46200000005774 1264.2869999999998 1073 1875 10132
5481 -1035.1069999998435 1124.6539999999804 1247.897 1074 1875 10132
5482 463.3509999997914 1426.0669999999227 1235.028 1052 1875 10132
5483 -507.1630000006408 -1468.0730000000913 1234.283 1076 1875 10132
5766 -1506.3670000005511 -1482.265000000014 1254.125 1011 1001 10132
5767 -538.3780000004917 1416.546999999904 1247.887 1077 1001 10132
5768 -48.20200000051409 2867.2759999999544 1248.984 1055 1001 10132
5769 -522.7599999997765 265.7259999999078 1238.422 1029 1001 10132
5770 -507.1630000006408 -1468.0730000000913 1234.283 1076 1001 10132
