101432264329 GP80_20250830_225655_RUN10143_CD_20dB-GP65-Y2float-55DUs-update-step1-formal-CD-100000-2264.root 10143 2264 329
101432264343 GP80_20250830_225655_RUN10143_CD_20dB-GP65-Y2float-55DUs-update-step1-formal-CD-100000-2264.root 10143 2264 343
101332462 GP80_20250826_074927_RUN10133_CD_20dB-GP65-Y2float-58DUs-CD-100000-24.root 10133 24 62
101391284 GP80_20250827_164034_RUN10139_CD_20dB-GP65-Y2float-2DUs-updateTest-V1p3p1-CD-100000-1.root 10139 1 284
1013322409 GP80_20250826_074742_RUN10133_CD_20dB-GP65-Y2float-58DUs-CD-100000-22.root 10133 22 409
101325763403 GP80_20250825_063537_RUN10132_CD_20dB-GP65-Y2float-58DUs-CD-100000-5763.root 10132 5763 403
101326108538 GP80_20250825_071522_RUN10132_CD_20dB-GP65-Y2float-58DUs-CD-100000-6108.root 10132 6108 538
1013260471533 GP80_20250825_070958_RUN10132_CD_20dB-GP65-Y2float-58DUs-CD-100000-6047.root 10132 6047 1533
1013264002057 GP80_20250826_000428_RUN10132_CD_20dB-GP65-Y2float-58DUs-CD-100000-6400.root 10132 6400 2057
10143269999 GP80_20250831_222448_RUN10143_CD_20dB-GP65-Y2float-55DUs-update-step1-formal-CD-100000-2699.root 10143 2699 99
101432402617 GP80_20250831_062223_RUN10143_CD_20dB-GP65-Y2float-55DUs-update-step1-formal-CD-100000-2402.root 10143 2402 617
101432693768 GP80_20250831_155736_RUN10143_CD_20dB-GP65-Y2float-55DUs-update-step1-formal-CD-100000-2693.root 10143 2693 768
1013131424 GP80_20250803_115308_RUN10131_CD_20dB-GP65-Y2float-60DUs-CD-100000-31.root 10131 31 424
101323605712 GP80_20250825_003207_RUN10132_CD_20dB-GP65-Y2float-58DUs-CD-100000-3605.root 10132 3605 712
101324052346 GP80_20250825_023156_RUN10132_CD_20dB-GP65-Y2float-58DUs-CD-100000-4052.root 10132 4052 346
101324448303 GP80_20250825_034228_RUN10132_CD_20dB-GP65-Y2float-58DUs-CD-100000-4448.root 10132 4448 303
1013226701823 GP80_20250824_084013_RUN10132_CD_20dB-GP65-Y2float-58DUs-CD-100000-2670.root 10132 2670 1823
1013244531137 GP80_20250825_034249_RUN10132_CD_20dB-GP65-Y2float-58DUs-CD-100000-4453.root 10132 4453 1137
1013250501875 GP80_20250825_045701_RUN10132_CD_20dB-GP65-Y2float-58DUs-CD-100000-5050.root 10132 5050 1875
1013251351001 GP80_20250825_050419_RUN10132_CD_20dB-GP65-Y2float-58DUs-CD-100000-5135.root 10132 5135 1001
