101432264329 8 14.506600 nan -12615.600000 26862.400000 11007.500000 31291.900000 -29934.300000 71.514600 115.157000
101432264343 30 161.731000 nan -81774.700000 43256.400000 16605.800000 93803.500000 -91191.800000 80.476600 152.122000
101332462 6 12.681800 nan -78213.300000 -7080.420000 12479.200000 79355.300000 -76919.500000 81.745400 185.173000
101391284 5 30.838100 nan 29127.100000 44995.400000 13593.100000 55040.000000 -52160.500000 76.865600 57.083600
1013322409 12 50.836000 nan -27737.000000 5412.090000 10065.300000 29652.300000 -27729.000000 72.373000 168.959000
101325763403 6 0.485278 nan -12145.200000 57947.400000 13993.100000 60597.000000 -60039.100000 77.701900 101.837000
101326108538 5 5.676330 nan -95754.100000 63551.900000 18313.000000 116209.000000 -113589.000000 81.475000 146.428000
1013260471533 6 3.904900 nan 37027.900000 52688.600000 11295.800000 65202.700000 -63720.500000 80.991200 54.901600
1013264002057 6 0.864601 nan 11604.300000 -20818.300000 8136.320000 24854.900000 -23846.800000 73.521300 299.136000
10143269999 6 42.900900 nan -11232.400000 13036.800000 7295.680000 18294.400000 -17320.100000 70.157800 130.748000
101432402617 9 20.046600 nan -42092.800000 7198.320000 9738.640000 43571.700000 -41758.500000 78.545800 170.296000
101432693768 5 17.582500 nan 52948.700000 -19413.200000 16027.800000 58341.200000 -57285.300000 75.160600 339.865000
1013131424 6 18.329100 nan 15133.000000 6054.450000 6123.260000 17059.800000 -17256.100000 72.826200 21.805500
101323605712 5 0.567224 nan -49355.000000 -752.828000 10740.200000 50295.900000 -49287.200000 78.933500 180.874000
101324052346 10 16.983500 nan -45978.600000 -46015.100000 11113.200000 65817.700000 -64431.500000 81.237000 225.023000
101324448303 6 13.083300 nan 2466.270000 101169.000000 16166.400000 102317.000000 -99473.200000 81.524300 88.603500
1013226701823 5 7.325650 nan -4854.700000 63449.900000 11927.300000 64552.200000 -60898.800000 80.331600 94.375300
1013244531137 5 1.378520 nan -132820.000000 -15337.500000 27355.000000 136258.000000 -134321.000000 78.884400 186.587000
1013250501875 5 0.494660 nan -56604.900000 -58283.300000 12635.700000 82063.700000 -80639.000000 81.909300 225.837000
1013251351001 5 0.782865 nan 24438.600000 41063.000000 8037.000000 48288.000000 -45884.000000 81.723600 59.241000
