5577 101432264329 8.575e-06 134.99273298730324 329 10143
5578 101432264329 8.341e-06 193.02402560343103 329 10143
5579 101432264329 3.46e-07 187.8744795769879 329 10143
5580 101432264329 5.18e-06 150.09922530021058 329 10143
5581 101432264329 9.786e-06 114.70826564733942 329 10143
5582 101432264329 3.721e-06 167.36634505539664 329 10143
5583 101432264329 5.930000000000001e-07 90.19879369724497 329 10143
5584 101432264329 6.652e-06 178.596250004078 329 10143
5585 101432264343 2.5010000000000003e-06 889.2849171857945 343 10143
5586 101432264343 2.352e-06 643.4312587997637 343 10143
5587 101432264343 1.2789e-05 996.2433574725404 343 10143
5588 101432264343 9.213e-06 133.22269832575805 343 10143
5589 101432264343 3.42e-07 487.9158794111766 343 10143
5590 101432264343 3.2800000000000004e-06 1024.3240795130391 343 10143
5591 101432264343 1.1899e-05 923.2712682479086 343 10143
5592 101432264343 1.1006e-05 739.9729543918985 343 10143
5593 101432264343 2.286e-06 520.3499474525961 343 10143
5594 101432264343 1.0898e-05 1020.6625880054218 343 10143
5595 101432264343 7.1610000000000006e-06 988.3924611746652 343 10143
5596 101432264343 1.0105e-05 827.2227143237413 343 10143
5597 101432264343 1.202e-05 746.0254708540532 343 10143
5598 101432264343 4.4300000000000004e-07 724.1370256299019 343 10143
5599 101432264343 8.102e-06 682.4104695657525 343 10143
5600 101432264343 7.077e-06 447.41403472260606 343 10143
5601 101432264343 1.1803e-05 272.33996192403094 343 10143
5602 101432264343 5.427000000000001e-06 139.11733444263226 343 10143
5603 101432264343 1.3785e-05 876.6823331522803 343 10143
5604 101432264343 9.997e-06 921.6917452759584 343 10143
5605 101432264343 4.259e-06 681.2327000327731 343 10143
5606 101432264343 9.911e-06 309.9060357093732 343 10143
5607 101432264343 6.175e-06 674.6986943249827 343 10143
5608 101432264343 4.4040000000000005e-06 1059.589178600159 343 10143
5609 101432264343 1.475e-06 922.4486450385924 343 10143
5610 101432264343 9.106e-06 672.9459999398571 343 10143
5611 101432264343 1.3693e-05 252.38640179582305 343 10143
5612 101432264343 8.184e-06 862.4266245263108 343 10143
5613 101432264343 8.044000000000001e-06 415.2609962665677 343 10143
5614 101432264343 3.384e-06 820.2777711803733 343 10143
2581 101332462 3.260000000000001e-07 106.47191377080232 62 10133
2582 101332462 8.209e-06 97.67874432851484 62 10133
2583 101332462 8.058e-06 93.98844708720225 62 10133
2584 101332462 4.9050000000000005e-06 118.81823615987554 62 10133
2585 101332462 6.3660000000000005e-06 91.7418527333523 62 10133
2586 101332462 1.605e-06 84.62394807124288 62 10133
3739 101391284 3.46e-07 196.2118638484765 284 10139
3740 101391284 3.65e-06 290.15904512035587 284 10139
3741 101391284 1.4873e-05 216.74618124669527 284 10139
3742 101391284 1.3116e-05 253.36064227150152 284 10139
3743 101391284 1.6576000000000002e-05 235.47066386351628 284 10139
2439 1013322409 1.1473e-05 122.6539080186806 409 10133
2440 1013322409 2.087e-06 395.4502880387845 409 10133
2441 1013322409 6.9860000000000005e-06 261.0288115865122 409 10133
2442 1013322409 2.533e-06 72.51366649360106 409 10133
2443 1013322409 8.359e-06 304.58424466722295 409 10133
2444 1013322409 9.727e-06 102.2320434320705 409 10133
2445 1013322409 3.46e-07 213.54918651860527 409 10133
2446 1013322409 1.6880000000000002e-06 145.23140753150346 409 10133
2447 1013322409 5.6440000000000005e-06 316.62799570067943 409 10133
2448 1013322409 5.249e-06 352.4747553348027 409 10133
2449 1013322409 1.0507e-05 313.8742229263288 409 10133
2450 1013322409 8.747000000000001e-06 302.6546041002426 409 10133
303 101325763403 5.874e-06 374.3219021618823 403 10132
304 101325763403 2.194e-06 353.3555322259166 403 10132
305 101325763403 4.706e-06 394.0226068337959 403 10132
306 101325763403 4.047e-06 354.27493192960515 403 10132
307 101325763403 2.8110000000000003e-06 415.8103479993264 403 10132
308 101325763403 3.3e-07 393.158197020787 403 10132
1478 101326108538 3.400000000000001e-07 137.62546382263696 538 10132
1479 101326108538 1.3678e-05 120.3525139078207 538 10132
1480 101326108538 3.587e-06 136.74003562802977 538 10132
1481 101326108538 4.384e-06 119.0749794550714 538 10132
1482 101326108538 7.662e-06 128.68042840921314 538 10132
1250 1013260471533 3.304e-06 122.44295852952936 1533 10132
1251 1013260471533 1e-05 201.29200656352376 1533 10132
1252 1013260471533 1.2304e-05 203.97026739548863 1533 10132
1253 1013260471533 3.520000000000001e-07 213.3393876873213 1533 10132
1254 1013260471533 8.301e-06 198.3088712795807 1533 10132
1255 1013260471533 7.493e-06 160.37297100068176 1533 10132
1992 1013264002057 3.501e-06 214.5408383531117 2057 10132
1993 1013264002057 5.1870000000000005e-06 184.44906669440965 2057 10132
1994 1013264002057 8.393e-06 151.84828077336456 2057 10132
1995 1013264002057 1.944e-06 258.360445616811 2057 10132
1996 1013264002057 3.4800000000000005e-07 287.9939992923763 2057 10132
1997 1013264002057 8.360000000000001e-06 266.5228994175085 2057 10132
6040 10143269999 6.582000000000001e-06 167.89290193811027 99 10143
6041 10143269999 4.885000000000001e-06 155.39414877412702 99 10143
6042 10143269999 8.287e-06 121.5741869195139 99 10143
6043 10143269999 5.197e-06 169.8509899335345 99 10143
6044 10143269999 3.812e-06 139.8640449396359 99 10143
6045 10143269999 3.46e-07 155.3914995998976 99 10143
2046 101432402617 6.15e-07 213.01407904489295 617 10143
2047 101432402617 2.3880000000000003e-06 146.37877278877292 617 10143
2048 101432402617 1.0655e-05 216.2078220401405 617 10143
2049 101432402617 3.400000000000001e-07 240.93469065494355 617 10143
2050 101432402617 5.609e-06 228.01952679083396 617 10143
2051 101432402617 8.861e-06 187.881096628442 617 10143
2052 101432402617 1.837e-06 241.6458134597009 617 10143
2053 101432402617 3.863e-06 226.65719648455465 617 10143
2054 101432402617 3.606e-06 165.38845593766948 617 10143
5976 101432693768 3.400000000000001e-07 132.7815859454047 768 10143
5977 101432693768 3.9930000000000006e-06 112.91634506022145 768 10143
5978 101432693768 1.4710000000000002e-06 87.70950001852735 768 10143
5979 101432693768 2.646e-06 99.34947839212876 768 10143
5980 101432693768 7.001e-06 96.95795942188444 768 10143
31 1013131424 4.001e-06 92.21837597937468 424 10131
32 1013131424 1.1e-06 120.91911979885175 424 10131
33 1013131424 6.951e-06 99.16301719974454 424 10131
34 1013131424 3.380000000000001e-07 132.84812543799993 424 10131
35 1013131424 5.125e-06 89.26733731735077 424 10131
36 1013131424 2.184e-06 93.52552601254668 424 10131
2544 101323605712 3.594e-06 77.47616010825 712 10132
2545 101323605712 3.4800000000000005e-07 114.08361310057188 712 10132
2546 101323605712 5.303000000000001e-06 107.76327677866703 712 10132
2547 101323605712 2.096e-06 119.47671430737044 712 10132
2548 101323605712 5.2500000000000006e-06 97.02934672610954 712 10132
2743 101324052346 6.564e-06 512.4479164121489 346 10132
2744 101324052346 9.346e-06 406.9785833294275 346 10132
2745 101324052346 3.380000000000001e-07 362.1104761290196 346 10132
2746 101324052346 4.33e-06 540.316199448521 346 10132
2747 101324052346 8.404000000000001e-06 475.25731709625103 346 10132
2748 101324052346 1.987e-06 424.2154088846788 346 10132
2749 101324052346 1.1599e-05 356.2685139874628 346 10132
2750 101324052346 1.131e-06 499.0185012520048 346 10132
2751 101324052346 7.488e-06 387.15815626872194 346 10132
2752 101324052346 5.8870000000000006e-06 484.0221259310141 346 10132
3843 101324448303 8.24e-06 125.23056489158282 303 10132
3844 101324448303 6.042000000000001e-06 145.22709729499036 303 10132
3845 101324448303 1.1781e-05 124.60821137233106 303 10132
3846 101324448303 3.28e-07 157.34332937897528 303 10132
3847 101324448303 7.342e-06 154.0359916860382 303 10132
3848 101324448303 1.0887e-05 130.26232775021185 303 10132
1537 1013226701823 3.44e-07 405.5132843192743 1823 10132
1538 1013226701823 9.002000000000001e-06 385.9513402316063 1823 10132
1539 1013226701823 1.0103e-05 378.71876078525503 1823 10132
1540 1013226701823 9.841e-06 216.405870341078 1823 10132
1541 1013226701823 1.822e-05 313.2135470758792 1823 10132
3881 1013244531137 1.6770000000000002e-06 130.20246360273035 1137 10132
3882 1013244531137 1.1479e-05 102.58634060394417 1137 10132
3883 1013244531137 4.9780000000000005e-06 114.1204834643837 1137 10132
3884 1013244531137 8.405e-06 124.4015285687632 1137 10132
3885 1013244531137 3.44e-07 132.27038132992877 1137 10132
5479 1013250501875 4.501000000000001e-06 152.4854338449427 1875 10132
5480 1013250501875 3.4800000000000005e-07 172.02619944445738 1875 10132
5481 1013250501875 5.394e-06 170.79394499860103 1875 10132
5482 1013250501875 9.529e-06 165.16465996952627 1875 10132
5483 1013250501875 4.35e-07 158.84326367412714 1875 10132
5766 1013251351001 1.5093e-05 369.2242954325613 1001 10132
5767 1013251351001 5.275e-06 424.7343492759586 1001 10132
5768 1013251351001 3.6000000000000005e-07 424.75353295058005 1001 10132
5769 1013251351001 8.476e-06 383.7349324564057 1001 10132
5770 1013251351001 1.3368e-05 367.27752593353085 1001 10132
