101432264329 8 134.992733 136.539339 112.591056 1.018435 0.733856 0.744058 32395.061123 -999.645000 -1758.794000 1243.442000
101432264329 8 193.024026 180.628074 40.850289 0.590786 0.729112 0.744058 32322.526472 -507.163000 -1468.073000 1234.283000
101432264329 8 187.874480 195.812083 -112.370770 0.864101 0.755190 0.744058 29928.611709 -1529.270000 829.116000 1256.438000
101432264329 8 150.099225 135.221326 115.323570 0.054922 0.735874 0.744058 31379.455677 -1014.243000 -610.428000 1244.177000
101432264329 8 114.708266 103.051576 13.835421 1.125221 0.732524 0.744058 32761.241181 -4.176000 -1747.905000 1224.793000
101432264329 8 167.366345 196.726520 166.856255 0.732228 0.746141 0.744058 30944.485240 -1517.663000 -326.954000 1253.732000
101432264329 8 90.198794 81.671425 -171.099931 1.262279 0.750643 0.744058 30002.327158 -2028.796000 535.595000 1262.832000
101432264329 8 178.596250 189.371110 -5.621069 0.651685 0.736523 0.744058 31818.777480 -510.250000 -893.613000 1235.149000
101432264343 30 889.284917 365.179579 -61.907815 0.786215 0.529538 0.510101 91825.426272 -1045.539000 2278.217000 1259.791000
101432264343 30 643.431259 788.836165 -113.712698 0.577212 0.536880 0.510101 91785.549327 -1539.760000 1407.133000 1257.174000
101432264343 30 996.243357 789.330599 -163.369975 0.523652 0.524376 0.510101 94914.497320 986.327000 -587.919000 1209.375000
101432264343 30 133.222698 203.207255 -41.067723 0.882038 0.521285 0.510101 93842.742940 960.206000 1723.264000 1230.679000
101432264343 30 487.915879 179.914168 -153.740200 0.932998 0.528164 0.510101 91179.971764 -2537.640000 827.008000 1275.364000
101432264343 30 1024.324080 632.523850 -141.847514 0.671934 0.531962 0.510101 92059.797834 -1529.270000 829.116000 1256.438000
101432264343 30 923.271268 606.288490 -129.681865 0.333928 0.534687 0.510101 94640.797778 977.842000 -9.980000 1213.667000
101432264343 30 739.972954 635.987172 -78.051032 0.372233 0.533909 0.510101 94373.286796 972.462000 566.238000 1218.321000
101432264343 30 520.349947 202.675439 -156.713165 0.905971 0.527067 0.510101 91759.920726 -2028.796000 535.595000 1262.832000
101432264343 30 1020.662588 790.047441 -158.201114 0.545583 0.526452 0.510101 94344.188908 484.184000 -303.857000 1217.298000
101432264343 30 988.392461 753.886291 -81.265374 0.475989 0.534635 0.510101 93231.022333 -35.405000 1130.967000 1238.332000
101432264343 30 827.222714 712.783433 -52.032871 0.598783 0.525898 0.510101 94106.673150 964.947000 1142.497000 1222.825000
101432264343 30 746.025471 745.947083 -48.447816 0.558709 0.524440 0.510101 94679.669057 1471.843000 861.023000 1214.737000
101432264343 30 724.137026 729.307983 -111.995927 0.628572 0.536987 0.510101 91216.591755 -2041.140000 1689.538000 1268.851000
101432264343 30 682.410470 712.500761 -121.518478 0.423721 0.536044 0.510101 93500.553952 -27.987000 553.502000 1234.040000
101432264343 30 447.414035 753.645034 -149.208768 0.600178 0.529688 0.510101 93199.957679 -522.760000 265.726000 1238.422000
101432264343 30 272.339962 318.865178 -173.365464 0.800558 0.520023 0.510101 94619.757995 492.030000 -882.968000 1217.495000
101432264343 30 139.117334 141.191070 -46.004755 0.961797 0.523459 0.510101 92701.614386 -46.837000 2290.122000 1246.445000
101432264343 30 876.682333 563.588524 -135.733493 0.292432 0.533348 0.510101 95211.993856 1481.418000 -293.405000 1205.895000
101432264343 30 921.691745 657.995718 -124.853577 0.378735 0.535562 0.510101 94069.242599 474.382000 274.666000 1221.345000
101432264343 30 681.232700 798.569831 -115.671583 0.525193 0.536720 0.510101 92357.084641 -1035.107000 1124.654000 1247.897000
101432264343 30 309.906036 298.058608 -169.828586 0.817234 0.521630 0.510101 94045.870145 -15.268000 -601.130000 1226.007000
101432264343 30 674.698694 765.304749 -118.381777 0.472559 0.536435 0.510101 92931.216836 -529.487000 837.183000 1242.322000
101432264343 30 1059.589179 454.128975 -59.834569 0.738575 0.528826 0.510101 92395.644714 -541.865000 1996.834000 1249.046000
101432264343 30 922.448645 691.815386 -84.009913 0.641009 0.535209 0.510101 91520.589159 -1543.684000 1981.009000 1264.861000
101432264343 30 672.946000 696.079790 -79.860134 0.421832 0.534316 0.510101 93803.818771 469.731000 846.347000 1230.580000
101432264343 30 252.386402 332.946223 -177.013899 0.788441 0.518313 0.510101 95187.997016 993.320000 -1163.975000 1209.699000
101432264343 30 862.426625 648.367356 -54.847366 0.641652 0.526988 0.510101 93536.807851 463.351000 1426.067000 1235.028000
101432264343 30 415.260996 276.922217 -166.399718 0.834938 0.523136 0.510101 93485.068112 -509.503000 -322.655000 1234.018000
101432264343 30 820.277771 764.475917 -82.773058 0.587099 0.534969 0.510101 92092.129365 -1035.685000 1704.551000 1256.025000
101332462 6 106.471914 97.563844 2.418785 0.858003 0.665639 0.663337 76908.119696 -2537.640000 827.008000 1275.364000
101332462 6 97.678744 103.584655 153.291999 0.412525 0.649921 0.663337 79268.832212 -15.268000 -601.130000 1226.007000
101332462 6 93.988447 109.433819 168.589676 0.798427 0.657571 0.663337 79229.757931 -9.339000 -1176.497000 1225.813000
101332462 6 118.818236 97.224448 162.428914 0.325153 0.654492 0.663337 78280.143970 -1014.243000 -610.428000 1244.177000
101332462 6 91.741853 76.168850 174.071239 0.969202 0.660477 0.663337 78715.883560 -507.163000 -1468.073000 1234.283000
101332462 6 84.623948 93.172091 177.769916 0.251915 0.662295 0.663337 77292.038763 -2012.478000 -621.969000 1263.925000
101391284 5 196.211864 176.198992 -164.770259 0.956018 0.641008 0.629651 52157.064862 948.984000 2880.210000 1237.374000
101391284 5 290.159045 270.355280 -176.597643 0.750831 0.637631 0.629651 53138.013074 444.612000 2003.203000 1238.574000
101391284 5 216.746181 252.779490 77.511841 0.485414 0.608333 0.629651 56511.871105 -1009.549000 -1187.730000 1244.316000
101391284 5 253.360642 213.073802 -0.347742 0.822892 0.620170 0.629651 55979.692192 -9.339000 -1176.497000 1225.813000
101391284 5 235.470664 256.033939 96.465900 0.695932 0.610710 0.629651 57016.076227 -1506.367000 -1482.265000 1254.125000
1013322409 12 122.653908 142.245218 27.518096 1.273041 0.777912 0.788306 31060.548620 1481.418000 -293.405000 1205.895000
1013322409 12 395.450288 363.253693 -112.350827 0.877956 0.799068 0.788306 28249.495383 -1517.663000 -326.954000 1253.732000
1013322409 12 261.028812 239.407250 163.624240 0.110215 0.784324 0.788306 29711.720593 -15.268000 -601.130000 1226.007000
1013322409 12 72.513666 75.309408 -158.549368 1.549723 0.793023 0.788306 28377.437817 -1511.742000 -902.330000 1253.778000
1013322409 12 304.584245 340.739999 12.015027 0.688060 0.781375 0.788306 30122.988163 484.184000 -303.857000 1217.298000
1013322409 12 102.232043 88.669570 10.347964 1.446938 0.781718 0.788306 30533.463625 977.842000 -9.980000 1213.667000
1013322409 12 213.549187 216.589299 -91.736825 1.194994 0.799431 0.788306 27722.817691 -2020.590000 -43.462000 1264.287000
1013322409 12 145.231408 145.777147 -53.207540 1.328013 0.795730 0.788306 28131.388215 -1524.140000 254.316000 1252.903000
1013322409 12 316.627996 342.201618 -174.695228 0.898657 0.789472 0.788306 29309.202865 -510.250000 -893.613000 1235.149000
1013322409 12 352.474755 274.740611 -60.932080 0.360591 0.796465 0.788306 29192.729144 -509.503000 -322.655000 1234.018000
1013322409 12 313.874223 304.751027 132.457326 0.947907 0.777312 0.788306 30774.950646 993.320000 -1163.975000 1209.699000
1013322409 12 302.654604 303.310028 135.371875 0.529580 0.778000 0.788306 30245.487982 492.030000 -882.968000 1217.495000
101325763403 6 374.321902 243.973404 -28.515941 0.951541 0.614276 0.612649 61692.122155 -9.339000 -1176.497000 1225.813000
101325763403 6 353.355532 388.557978 -179.128137 0.331785 0.625223 0.612649 60589.903233 -1517.663000 -326.954000 1253.732000
101325763403 6 394.022607 314.976200 150.762210 0.881693 0.614990 0.612649 61342.499446 -2007.847000 -1197.445000 1264.250000
101325763403 6 354.274932 403.935360 158.875057 0.380987 0.617846 0.612649 61144.513042 -1511.742000 -902.330000 1253.778000
101325763403 6 415.810348 458.953442 -42.995904 0.668069 0.619623 0.612649 60774.854404 -509.503000 -322.655000 1234.018000
101325763403 6 393.158197 394.498298 -153.755186 0.343621 0.631696 0.612649 60030.088094 -1524.140000 254.316000 1252.903000
101326108538 5 137.625464 148.774574 -43.791010 0.574406 0.461421 0.449663 113576.290304 -2041.140000 1689.538000 1268.851000
101326108538 5 120.352514 100.200430 -16.899879 0.660220 0.447495 0.449663 117573.900049 1481.418000 -293.405000 1205.895000
101326108538 5 136.740036 145.083557 -157.697221 0.261653 0.468029 0.449663 114546.931778 -2020.590000 -43.462000 1264.287000
101326108538 5 119.074979 127.451246 -86.589875 0.171770 0.475442 0.449663 114790.750549 -1524.140000 254.316000 1252.903000
101326108538 5 128.680428 116.029688 168.897059 0.649551 0.452567 0.449663 115771.684833 -1506.367000 -1482.265000 1254.125000
1013260471533 6 122.442959 116.575398 -17.554868 1.239549 0.715709 0.719805 64594.515396 1481.418000 -293.405000 1205.895000
1013260471533 6 201.292007 233.789895 2.291893 0.967494 0.706171 0.719805 66604.300998 -4.176000 -1747.905000 1224.793000
1013260471533 6 203.970267 233.255393 121.948782 0.974319 0.702572 0.719805 67291.361890 -2007.847000 -1197.445000 1264.250000
1013260471533 6 213.339388 231.795668 -12.162086 0.129294 0.713665 0.719805 63710.298531 964.947000 1142.497000 1222.825000
1013260471533 6 198.308871 149.095475 -5.955409 1.142178 0.710037 0.719805 66092.177300 496.602000 -1459.825000 1216.701000
1013260471533 6 160.372971 110.641402 140.082268 1.254333 0.710866 0.719805 65851.907390 -1524.140000 254.316000 1252.903000
1013264002057 6 214.540838 267.692439 6.883103 0.718835 0.888615 0.887537 24788.252459 -509.503000 -322.655000 1234.018000
1013264002057 6 184.449067 184.483585 -159.669731 1.269414 0.883490 0.887537 25292.399862 -27.987000 553.502000 1234.040000
1013264002057 6 151.848281 130.414155 173.514269 1.397261 0.877370 0.887537 26254.210316 -538.378000 1416.547000 1247.887000
1013264002057 6 258.360446 247.151614 -63.607734 0.562154 0.897052 0.887537 24320.788414 -15.268000 -601.130000 1226.007000
1013264002057 6 287.993999 250.666754 -27.645892 1.138111 0.894882 0.887537 23841.815009 -9.339000 -1176.497000 1225.813000
1013264002057 6 266.522899 257.015635 109.824145 0.730386 0.870704 0.887537 26243.060244 -1035.107000 1124.654000 1247.897000
10143269999 6 167.892902 180.144476 108.279759 1.129115 0.922173 0.935365 19187.666166 492.030000 -882.968000 1217.495000
10143269999 6 155.394149 102.906706 141.547023 1.463880 0.927480 0.935365 18672.389116 -15.268000 -601.130000 1226.007000
10143269999 6 121.574187 138.790924 72.594632 1.287696 0.919076 0.935365 19702.015248 993.320000 -1163.975000 1209.699000
10143269999 6 169.850990 167.844308 21.651800 0.483393 0.921676 0.935365 18766.944279 484.184000 -303.857000 1217.298000
10143269999 6 139.864045 101.542378 -29.957746 1.488213 0.929968 0.935365 18352.611659 474.382000 274.666000 1221.345000
10143269999 6 155.391500 181.305563 -103.651180 1.227168 0.938722 0.935365 17321.262792 -529.487000 837.183000 1242.322000
101432402617 9 213.014079 213.329900 -140.962508 0.965110 0.813337 0.800220 41833.266256 -1539.760000 1407.133000 1257.174000
101432402617 9 146.378773 142.123469 -156.179211 1.114595 0.809045 0.800220 42364.091987 -1035.107000 1124.654000 1247.897000
101432402617 9 216.207822 225.383791 170.451555 0.848756 0.797042 0.800220 44840.789192 1471.843000 861.023000 1214.737000
101432402617 9 240.934691 222.592807 -87.844238 0.683679 0.819028 0.800220 41752.318175 -1543.684000 1981.009000 1264.861000
101432402617 9 228.019527 236.133562 -164.779160 0.827994 0.806163 0.800220 43334.656832 -35.405000 1130.967000 1238.332000
101432402617 9 187.881097 194.064511 -179.714695 0.581758 0.800767 0.800220 44307.580323 964.947000 1142.497000 1222.825000
101432402617 9 241.645813 234.324820 -49.286769 0.797826 0.813458 0.800220 42201.610508 -1045.539000 2278.217000 1259.791000
101432402617 9 226.657196 213.257655 -145.097764 0.643639 0.812128 0.800220 42805.277400 -538.378000 1416.547000 1247.887000
101432402617 9 165.388456 175.811599 -62.159733 0.509810 0.816015 0.800220 42727.144326 -541.865000 1996.834000 1249.046000
101432693768 5 132.781586 120.929215 -136.208062 0.585018 0.550766 0.542094 57274.232952 1471.843000 861.023000 1214.737000
101432693768 5 112.916345 108.845671 -168.519346 0.642124 0.541250 0.542094 58376.476531 463.351000 1426.067000 1235.028000
101432693768 5 87.709500 84.604802 -88.096363 0.228905 0.558059 0.542094 57619.683509 972.462000 566.238000 1218.321000
101432693768 5 99.349478 109.965482 -7.430397 0.432714 0.546356 0.542094 57968.933291 474.382000 274.666000 1221.345000
101432693768 5 96.957959 99.944083 150.928106 0.358184 0.529428 0.542094 59272.183200 -538.378000 1416.547000 1247.887000
1013131424 6 92.218376 99.449775 64.009494 0.191975 0.987258 1.004730 18353.069333 -1009.549000 -1187.730000 1244.316000
1013131424 6 120.919120 85.363224 -38.096433 1.513045 1.002875 1.004730 17480.332149 -9.339000 -1176.497000 1225.813000
1013131424 6 99.163017 77.398159 128.022915 1.498155 0.990749 1.004730 19235.607481 -2007.847000 -1197.445000 1264.250000
1013131424 6 132.848125 149.294781 -124.888183 0.962836 1.007395 1.004730 17255.429739 -15.268000 -601.130000 1226.007000
1013131424 6 89.267337 85.726868 148.648773 1.466755 0.994358 1.004730 18685.718588 -1511.742000 -902.330000 1253.778000
1013131424 6 93.525526 109.027559 -127.067873 0.370834 1.006083 1.004730 17801.137019 -510.250000 -893.613000 1235.149000
101323605712 5 77.476160 71.618992 152.842919 1.110162 0.738603 0.750676 50251.644625 -27.987000 553.502000 1234.040000
101323605712 5 114.083613 104.452918 131.315606 0.434562 0.732369 0.750676 49279.212803 -1035.107000 1124.654000 1247.897000
101323605712 5 107.763277 116.632655 91.932062 0.648433 0.726616 0.750676 50763.805753 463.351000 1426.067000 1235.028000
101323605712 5 119.476714 114.726808 34.427122 0.836416 0.737285 0.750676 49803.260876 -541.865000 1996.834000 1249.046000
101323605712 5 97.029347 105.614718 137.424436 0.917412 0.733630 0.750676 50749.325635 469.731000 846.347000 1230.580000
101324052346 10 512.447916 390.008094 25.363549 1.058466 0.725389 0.727561 66288.721509 -1035.685000 1704.551000 1256.025000
101324052346 10 406.978583 445.758290 129.085316 0.134105 0.699308 0.727561 67120.022505 463.351000 1426.067000 1235.028000
101324052346 10 362.110476 256.323669 -146.011910 1.242262 0.731931 0.727561 64418.026968 -507.163000 -1468.073000 1234.283000
101324052346 10 540.316199 456.695706 -130.803277 0.144604 0.737971 0.727561 65617.524229 -522.760000 265.726000 1238.422000
101324052346 10 475.257317 512.142883 29.675206 0.927360 0.723162 0.727561 66835.202012 -541.865000 1996.834000 1249.046000
101324052346 10 424.215409 558.012541 6.912424 0.514270 0.734493 0.727561 64917.511719 -1524.140000 254.316000 1252.903000
101324052346 10 356.268514 293.078083 34.537719 1.146615 0.720618 0.727561 67796.687981 -48.202000 2867.276000 1248.984000
101324052346 10 499.018501 538.328981 -129.438162 0.408872 0.739309 0.727561 64658.914736 -1014.243000 -610.428000 1244.177000
101324052346 10 387.158156 431.863675 56.625643 0.110772 0.711785 0.727561 66566.071075 -35.405000 1130.967000 1238.332000
101324052346 10 484.022126 89.285238 -155.655615 1.582511 0.727042 0.727561 66086.450134 986.327000 -587.919000 1209.375000
101324448303 6 125.230565 156.279266 151.422990 0.436334 0.523021 0.519747 101830.271331 -2028.796000 535.595000 1262.832000
101324448303 6 145.227097 130.600760 -35.732451 0.680711 0.526064 0.519747 101176.645717 -35.405000 1130.967000 1238.332000
101324448303 6 124.608211 114.047755 -24.558884 0.714626 0.520125 0.519747 102890.877798 -15.268000 -601.130000 1226.007000
101324448303 6 157.343329 136.325219 -47.980270 0.679385 0.532319 0.519747 99458.940327 -48.202000 2867.276000 1248.984000
101324448303 6 154.035992 116.597336 152.313838 0.730701 0.523568 0.519747 101564.252702 -2537.640000 827.008000 1275.364000
101324448303 6 130.262328 148.419614 -23.646034 0.434606 0.519594 0.519747 102627.419785 -509.503000 -322.655000 1234.018000
1013226701823 5 405.513284 379.273434 -120.065313 0.831607 0.718182 0.692974 60889.584564 437.002000 3738.672000 1245.135000
1013226701823 5 385.951340 286.180888 -88.596344 0.507195 0.714451 0.692974 63487.530625 964.947000 1142.497000 1222.825000
1013226701823 5 378.718761 386.696214 -59.224059 0.794866 0.705317 0.692974 63813.412983 1471.843000 861.023000 1214.737000
1013226701823 5 216.405870 238.927297 -147.556086 0.440956 0.714994 0.692974 63733.619327 469.731000 846.347000 1230.580000
1013226701823 5 313.213547 346.160357 152.179241 0.805643 0.692807 0.692974 66248.207644 -4.176000 -1747.905000 1224.793000
1013244531137 5 130.202464 110.560581 -175.471270 0.112673 0.252475 0.253591 134710.416762 -1517.663000 -326.954000 1253.732000
1013244531137 5 102.586341 103.719938 141.741654 0.326380 0.238825 0.253591 137647.998037 1481.418000 -293.405000 1205.895000
1013244531137 5 114.120483 127.567098 159.539852 0.175270 0.244058 0.253591 135697.527197 -509.503000 -322.655000 1234.018000
1013244531137 5 124.401529 120.791292 78.497776 0.158339 0.233454 0.253591 136726.368794 474.382000 274.666000 1221.345000
1013244531137 5 132.270381 133.999254 -2.037575 0.279356 0.254523 0.253591 134309.699648 -2028.796000 535.595000 1262.832000
1013250501875 5 152.485434 147.830709 108.391746 0.304905 0.626460 0.655689 81872.417934 -522.760000 265.726000 1238.422000
1013250501875 5 172.026199 182.808453 40.432582 0.672774 0.648738 0.655689 80626.513394 -2020.590000 -43.462000 1264.287000
1013250501875 5 170.793945 165.587451 49.053107 0.775629 0.644293 0.655689 82140.056913 -1035.107000 1124.654000 1247.897000
1013250501875 5 165.164660 165.816879 102.149203 0.455569 0.626596 0.655689 83378.469054 463.351000 1426.067000 1235.028000
1013250501875 5 158.843264 157.007365 -168.683999 0.852355 0.651370 0.655689 80653.074493 -507.163000 -1468.073000 1234.283000
1013251351001 5 369.224295 375.061403 45.462424 0.466016 0.857566 0.885640 50291.632304 -1506.367000 -1482.265000 1254.125000
1013251351001 5 424.734349 469.250826 159.881317 0.671344 0.886303 0.885640 47347.467945 -538.378000 1416.547000 1247.887000
1013251351001 5 424.753533 430.681883 171.232970 1.161637 0.891387 0.885640 45875.853837 -48.202000 2867.276000 1248.984000
1013251351001 5 383.734932 332.628496 28.626603 0.123977 0.864720 0.885640 48308.464286 -522.760000 265.726000 1238.422000
1013251351001 5 367.277526 355.500540 -8.393795 1.178900 0.876356 0.885640 49774.091863 -507.163000 -1468.073000 1234.283000
