101432264329 8 71.866500 nan 112.829000 31.918937 nan nan
101432264343 30 80.571800 nan 152.500000 289.902433 nan nan
101332462 6 81.624200 nan 185.067000 56.606548 nan nan
101391284 5 76.704500 nan 57.062600 34.584176 nan nan
1013322409 12 72.560200 nan 168.013000 106.335021 nan nan
101325763403 6 79.267800 nan 100.698000 8.819601 nan nan
101326108538 5 82.138600 nan 146.068000 20.435984 nan nan
1013260471533 6 81.538200 nan 54.941500 65.013349 nan nan
1013264002057 6 73.994700 nan 299.535000 7.772839 nan nan
10143269999 6 70.685400 nan 130.912000 51.688635 nan nan
101432402617 9 78.676700 nan 172.361000 26.736812 nan nan
101432693768 5 75.262700 nan 338.885000 19.168289 nan nan
1013131424 6 74.734300 nan 24.159700 35.878113 nan nan
101323605712 5 79.004500 nan 182.375000 11.915516 nan nan
101324052346 10 82.549800 nan 225.381000 241.754193 nan nan
101324448303 6 81.393300 nan 87.897000 25.486132 nan nan
1013226701823 5 80.717000 nan 95.044900 16.735532 nan nan
1013244531137 5 78.930300 nan 186.670000 2.393734 nan nan
1013250501875 5 81.097400 nan 226.198000 13.424780 nan nan
1013251351001 5 80.678300 nan 58.889300 24.360173 nan nan
