101432264329 8 71.841200 nan 112.941000 nan 12.363300 nan 3.000000 6121220.000000
101432264343 30 80.945400 nan 152.534000 nan 591.439000 nan 2.248300 72983900.000000
101332462 6 81.633200 nan 185.098000 nan 19.503600 nan 3.000000 9253080.000000
101391284 5 76.902800 nan 56.974700 nan 13.441700 nan 3.000000 15158200.000000
1013322409 12 72.677100 nan 167.876000 nan 22.827900 nan 2.857980 10488800.000000
101325763403 6 78.032100 nan 100.627000 nan 35.885800 nan 3.000000 28525500.000000
101326108538 5 81.612200 nan 146.044000 nan 9.410870 nan 3.000000 19580000.000000
1013260471533 6 80.877000 nan 54.894100 nan 38.081300 nan 3.000000 21385200.000000
1013264002057 6 74.055000 nan 299.874000 nan 18.001100 nan 3.000000 7003040.000000
10143269999 6 70.737700 nan 130.955000 nan 43.109400 nan 3.000000 3851190.000000
101432402617 9 78.969000 nan 172.585000 nan 3.409430 nan 2.143810 10045900.000000
101432693768 5 75.333100 nan 339.008000 nan 4.068780 nan 2.540940 6965790.000000
1013131424 6 74.397200 nan 24.113800 nan 32.917300 nan 3.000000 2579920.000000
101323605712 5 78.559600 nan 182.508000 nan 5.160050 nan 3.000000 6025640.000000
101324052346 10 81.407900 nan 225.647000 nan 177.255000 nan 3.000000 41539100.000000
101324448303 6 81.590000 nan 87.883500 nan 31.136600 nan 3.000000 16212900.000000
1013226701823 5 80.727600 nan 95.070800 nan 16.595800 nan 1.250390 29623500.000000
1013244531137 5 78.828400 nan 186.637000 nan 6.715790 nan 3.000000 18736200.000000
1013250501875 5 81.694200 nan 226.206000 nan 1.055790 nan 3.000000 15101300.000000
1013251351001 5 81.810200 nan 58.465500 nan 5.368080 nan 3.000000 23447700.000000
