0  14  2.53320e+06  0.00000e+00  1.39508e+02 -1.00000e+04  0.00000e+00 -9.31017e+03
1  11  7.66032e+01  0.00000e+00 -4.38319e+03 -4.39881e+03  1.23412e+03  2.99767e+07
2  10  5.56809e+01  0.00000e+00 -4.38345e+03 -4.39848e+03  1.23409e+03  5.99560e+07
3  10  5.26404e+01  0.00000e+00 -4.38443e+03 -4.39690e+03  1.23412e+03  8.99353e+07
4  11  6.86530e+01  0.00000e+00 -4.38385e+03 -4.39960e+03  1.23416e+03  1.19915e+08
5  11  5.89118e+01  0.00000e+00 -4.38221e+03 -4.39813e+03  1.23411e+03  1.49894e+08
6  10  2.43961e+01  0.00000e+00 -4.38195e+03 -4.38829e+03  1.28106e+03  1.79873e+08
7  11  6.53212e+01  0.00000e+00 -4.38095e+03 -4.39111e+03  1.25958e+03  2.09852e+08
8  10  5.64828e+01  0.00000e+00 -4.38294e+03 -4.39807e+03  1.23411e+03  2.39832e+08
9  11  6.15829e+01  0.00000e+00 -4.38332e+03 -4.39848e+03  1.23411e+03  2.69811e+08
10  10  4.32832e+01  0.00000e+00 -4.38306e+03 -4.39839e+03  1.23410e+03  2.99790e+08
11  11  8.55224e+01  0.00000e+00 -4.38297e+03 -4.39928e+03  1.23408e+03  3.29769e+08
12  12  8.21157e+01  0.00000e+00 -4.38362e+03 -4.39915e+03  1.23415e+03  3.59749e+08
13   9  3.69096e+01  0.00000e+00 -4.38316e+03 -4.39921e+03  1.23411e+03  3.89728e+08
14  11  9.73984e+01  0.00000e+00 -4.38437e+03 -4.39748e+03  1.23410e+03  4.19707e+08
15   9  3.35730e+01  0.00000e+00 -4.38368e+03 -4.39786e+03  1.23416e+03  4.49686e+08
16  10  6.00547e+01  0.00000e+00 -4.38239e+03 -4.39828e+03  1.23411e+03  4.79666e+08
17   7  1.86912e+01  0.00000e+00 -4.38483e+03 -4.39513e+03  1.11857e+03  5.09645e+08
18  12  9.33127e+01  0.00000e+00 -4.38259e+03 -4.39924e+03  1.23413e+03  5.39624e+08
19  11  8.22010e+01  0.00000e+00 -4.38236e+03 -4.39953e+03  1.23412e+03  5.69603e+08
20  11  5.43650e+01  0.00000e+00 -4.38281e+03 -4.39864e+03  1.23412e+03  5.99583e+08
21   8  2.93505e+01  0.00000e+00 -4.38401e+03 -4.39761e+03  1.23412e+03  6.29562e+08
22  12  7.97036e+01  0.00000e+00 -4.38213e+03 -4.39967e+03  1.23412e+03  6.59541e+08
23   9  1.83947e+01  0.00000e+00 -4.38636e+03 -4.39671e+03  1.13186e+03  6.89520e+08
24  10  6.91797e+01  0.00000e+00 -4.38277e+03 -4.39843e+03  1.23411e+03  7.19500e+08
25  11  8.81707e+01  0.00000e+00 -4.38310e+03 -4.39894e+03  1.23413e+03  7.49479e+08
26  10  7.49551e+01  0.00000e+00 -4.38034e+03 -4.39166e+03  1.27585e+03  7.79458e+08
27  11  6.52963e+01  0.00000e+00 -4.38362e+03 -4.39750e+03  1.23411e+03  8.09437e+08
28  10  8.91847e+01  0.00000e+00 -4.38343e+03 -4.39887e+03  1.23415e+03  8.39417e+08
29  11  7.26768e+01  0.00000e+00 -4.38091e+03 -4.39304e+03  1.28124e+03  8.69396e+08
30  13  8.67928e+01  0.00000e+00 -4.38387e+03 -4.39888e+03  1.23412e+03  8.99375e+08
31  11  5.21348e+01  0.00000e+00 -4.38344e+03 -4.39965e+03  1.23414e+03  9.29354e+08
32   8  2.24120e+01  0.00000e+00 -4.38366e+03 -4.38594e+03  1.28558e+03  9.59334e+08
33  12  8.36793e+01  0.00000e+00 -4.38446e+03 -4.39790e+03  1.23413e+03  9.89313e+08
34  12  4.36422e+01  0.00000e+00 -4.38405e+03 -4.39904e+03  1.23416e+03  1.01929e+09
35   9  2.57753e+01  0.00000e+00 -4.37893e+03 -4.38611e+03  1.29634e+03  1.04927e+09
36  10  3.05717e+01  0.00000e+00 -4.38469e+03 -4.39835e+03  1.23450e+03  1.07925e+09
37  13  1.10665e+02  0.00000e+00 -4.38398e+03 -4.39787e+03  1.23417e+03  1.10923e+09
38  10  6.31636e+01  0.00000e+00 -4.38382e+03 -4.39691e+03  1.23414e+03  1.13921e+09
39   9  6.28279e+01  0.00000e+00 -4.38205e+03 -4.39890e+03  1.23416e+03  1.16919e+09
40  11  9.59186e+01  0.00000e+00 -4.38301e+03 -4.39969e+03  1.23413e+03  1.19917e+09
41  12  7.92644e+01  0.00000e+00 -4.38411e+03 -4.39899e+03  1.23419e+03  1.22915e+09
42  12  1.05516e+02  0.00000e+00 -4.38231e+03 -4.39953e+03  1.23415e+03  1.25913e+09
43  11  9.98865e+01  0.00000e+00 -4.38401e+03 -4.39756e+03  1.23418e+03  1.28911e+09
44  11  5.88387e+01  0.00000e+00 -4.38361e+03 -4.39817e+03  1.23415e+03  1.31908e+09
45  10  5.18109e+01  0.00000e+00 -4.38341e+03 -4.39775e+03  1.23420e+03  1.34906e+09
46  13  7.73969e+01  0.00000e+00 -4.38471e+03 -4.39702e+03  1.23420e+03  1.37904e+09
47  10  5.65497e+01  0.00000e+00 -4.38160e+03 -4.39980e+03  1.23416e+03  1.40902e+09
48  11  4.46821e+01  0.00000e+00 -4.38559e+03 -4.39626e+03  1.23418e+03  1.43900e+09
49   9  3.06897e+01  0.00000e+00 -4.38239e+03 -4.39253e+03  1.25768e+03  1.46898e+09
50  10  4.50859e+01  0.00000e+00 -4.38380e+03 -4.39744e+03  1.23414e+03  1.49896e+09
51  13  1.00080e+02  0.00000e+00 -4.38268e+03 -4.39900e+03  1.23418e+03  1.52894e+09
52  13  1.10284e+02  0.00000e+00 -4.38477e+03 -4.40018e+03  1.23576e+03  1.55892e+09
53   9  6.15007e+01  0.00000e+00 -4.38500e+03 -4.39576e+03  1.23421e+03  1.58890e+09
54  10  5.27448e+01  0.00000e+00 -4.38092e+03 -4.38764e+03  1.27492e+03  1.61888e+09
55  12  1.17873e+02  0.00000e+00 -4.38274e+03 -4.39870e+03  1.23420e+03  1.64886e+09
56  10  3.67174e+01  0.00000e+00 -4.38376e+03 -4.39065e+03  1.27128e+03  1.67884e+09
57  11  5.08725e+01  0.00000e+00 -4.38457e+03 -4.39695e+03  1.23419e+03  1.70881e+09
58  12  8.80904e+01  0.00000e+00 -4.38291e+03 -4.39756e+03  1.23416e+03  1.73879e+09
59   9  3.87715e+01  0.00000e+00 -4.38499e+03 -4.38631e+03  1.25322e+03  1.76877e+09
60  11  9.33775e+01  0.00000e+00 -4.38442e+03 -4.39745e+03  1.23418e+03  1.79875e+09
61  12  1.05404e+02  0.00000e+00 -4.38368e+03 -4.39914e+03  1.23419e+03  1.82873e+09
62  10  6.04288e+01  0.00000e+00 -4.38440e+03 -4.39696e+03  1.23415e+03  1.85871e+09
63   9  3.48620e+01  0.00000e+00 -4.38203e+03 -4.39019e+03  1.28291e+03  1.88869e+09
64  10  1.09213e+02  0.00000e+00 -4.38558e+03 -4.39715e+03  1.23419e+03  1.91867e+09
65   9  7.54499e+01  0.00000e+00 -4.38335e+03 -4.39602e+03  1.23421e+03  1.94865e+09
66  12  7.73486e+01  0.00000e+00 -4.38304e+03 -4.39848e+03  1.23419e+03  1.97863e+09
67  12  7.67249e+01  0.00000e+00 -4.38390e+03 -4.39706e+03  1.23422e+03  2.00861e+09
68  11  4.90782e+01  0.00000e+00 -4.38095e+03 -4.39194e+03  1.28299e+03  2.03859e+09
69  10  4.85971e+01  0.00000e+00 -4.38393e+03 -4.39727e+03  1.23424e+03  2.06857e+09
70  10  7.54887e+01  0.00000e+00 -4.38408e+03 -4.39893e+03  1.23424e+03  2.09855e+09
71  11  7.79977e+01  0.00000e+00 -4.38155e+03 -4.39189e+03  1.26436e+03  2.12852e+09
72  12  8.51688e+01  0.00000e+00 -4.38316e+03 -4.39823e+03  1.23418e+03  2.15850e+09
73  11  8.39322e+01  0.00000e+00 -4.38393e+03 -4.39929e+03  1.23432e+03  2.18848e+09
74  13  1.05341e+02  0.00000e+00 -4.38320e+03 -4.39963e+03  1.23417e+03  2.21846e+09
75   9  3.20075e+01  0.00000e+00 -4.38294e+03 -4.39317e+03  1.29397e+03  2.24844e+09
76  10  6.99188e+01  0.00000e+00 -4.38676e+03 -4.40478e+03  1.25058e+03  2.27842e+09
77  11  1.01109e+02  0.00000e+00 -4.38338e+03 -4.39892e+03  1.23421e+03  2.30840e+09
78  11  8.18660e+01  0.00000e+00 -4.38449e+03 -4.39653e+03  1.23420e+03  2.33838e+09
79   8  6.94618e+01  0.00000e+00 -4.38265e+03 -4.39890e+03  1.23420e+03  2.36836e+09
80  12  9.86513e+01  0.00000e+00 -4.38293e+03 -4.39909e+03  1.23423e+03  2.39834e+09
81   7  3.07613e+01  0.00000e+00 -4.38209e+03 -4.39369e+03  1.31285e+03  2.42832e+09
82  11  1.10898e+02  0.00000e+00 -4.38304e+03 -4.39851e+03  1.23420e+03  2.45830e+09
83  13  9.19613e+01  0.00000e+00 -4.38464e+03 -4.39833e+03  1.23437e+03  2.48828e+09
84  10  6.94038e+01  0.00000e+00 -4.38353e+03 -4.39738e+03  1.23420e+03  2.51825e+09
85  11  6.00866e+01  0.00000e+00 -4.38453e+03 -4.39658e+03  1.23430e+03  2.54823e+09
86  11  7.63220e+01  0.00000e+00 -4.39018e+03 -4.41135e+03  1.24180e+03  2.57821e+09
87   9  3.91571e+01  0.00000e+00 -4.38876e+03 -4.40603e+03  1.24243e+03  2.60819e+09
88   9  3.52921e+01  0.00000e+00 -4.38422e+03 -4.39154e+03  1.14174e+03  2.63817e+09
89  10  4.05791e+01  0.00000e+00 -4.38397e+03 -4.39170e+03  1.14925e+03  2.66815e+09
90   9  4.87014e+01  0.00000e+00 -4.38338e+03 -4.39124e+03  1.25092e+03  2.69813e+09
91  11  8.14386e+01  0.00000e+00 -4.38314e+03 -4.39702e+03  1.23421e+03  2.72811e+09
92  11  6.25826e+01  0.00000e+00 -4.38438e+03 -4.39743e+03  1.23430e+03  2.75809e+09
93   7  7.09939e+01  0.00000e+00 -4.38361e+03 -4.39782e+03  1.23423e+03  2.78807e+09
94  12  7.62196e+01  0.00000e+00 -4.38471e+03 -4.39760e+03  1.23424e+03  2.81805e+09
95  11  7.15764e+01  0.00000e+00 -4.38394e+03 -4.39662e+03  1.23421e+03  2.84803e+09
96  12  1.06416e+02  0.00000e+00 -4.38338e+03 -4.39779e+03  1.23423e+03  2.87801e+09
97  11  9.59412e+01  0.00000e+00 -4.38405e+03 -4.39795e+03  1.23424e+03  2.90799e+09
98  10  5.66187e+01  0.00000e+00 -4.38261e+03 -4.39781e+03  1.23422e+03  2.93796e+09
99  10  7.86797e+01  0.00000e+00 -4.38760e+03 -4.41055e+03  1.24293e+03  2.96794e+09
100  11  6.52306e+01  0.00000e+00 -4.38386e+03 -4.39653e+03  1.23423e+03  2.99792e+09
101  11  1.03375e+02  0.00000e+00 -4.38836e+03 -4.40965e+03  1.24184e+03  3.02790e+09
102  12  1.01532e+02  0.00000e+00 -4.38294e+03 -4.39938e+03  1.23426e+03  3.05788e+09
103  12  6.00589e+01  0.00000e+00 -4.38447e+03 -4.39720e+03  1.23422e+03  3.08786e+09
104  10  5.69580e+01  0.00000e+00 -4.38345e+03 -4.39786e+03  1.23423e+03  3.11784e+09
105  10  7.46156e+01  0.00000e+00 -4.38283e+03 -4.38899e+03  1.26473e+03  3.14782e+09
106  12  9.08954e+01  0.00000e+00 -4.38349e+03 -4.39918e+03  1.24389e+03  3.17780e+09
107  11  6.99980e+01  0.00000e+00 -4.38394e+03 -4.39621e+03  1.24650e+03  3.20778e+09
108  11  7.53574e+01  0.00000e+00 -4.39263e+03 -4.41769e+03  1.24252e+03  3.23776e+09
109  10  6.80167e+01  0.00000e+00 -4.38320e+03 -4.39852e+03  1.23420e+03  3.26774e+09
110  12  9.90261e+01  0.00000e+00 -4.38506e+03 -4.39858e+03  1.23423e+03  3.29772e+09
111  12  9.59764e+01  0.00000e+00 -4.38417e+03 -4.40024e+03  1.23436e+03  3.32769e+09
112  12  6.57690e+01  0.00000e+00 -4.38268e+03 -4.39955e+03  1.23421e+03  3.35767e+09
113  11  4.42978e+01  0.00000e+00 -4.38400e+03 -4.39330e+03  1.23590e+03  3.38765e+09
114   9  4.45931e+01  0.00000e+00 -4.38455e+03 -4.39849e+03  1.23433e+03  3.41763e+09
115  11  3.74114e+01  0.00000e+00 -4.38361e+03 -4.39828e+03  1.23421e+03  3.44761e+09
116  11  5.82721e+01  0.00000e+00 -4.38386e+03 -4.39701e+03  1.23422e+03  3.47759e+09
117  12  4.19970e+01  0.00000e+00 -4.38408e+03 -4.39809e+03  1.23419e+03  3.50757e+09
118  11  9.26988e+01  0.00000e+00 -4.38119e+03 -4.39332e+03  1.25502e+03  3.53755e+09
119  11  4.15804e+01  0.00000e+00 -4.38433e+03 -4.39784e+03  1.23422e+03  3.56753e+09
120  10  6.32599e+01  0.00000e+00 -4.38433e+03 -4.39712e+03  1.23427e+03  3.59751e+09
121  10  8.05856e+01  0.00000e+00 -4.38395e+03 -4.39959e+03  1.23441e+03  3.62749e+09
122  10  6.04908e+01  0.00000e+00 -4.38324e+03 -4.39748e+03  1.23426e+03  3.65747e+09
123  13  1.04138e+02  0.00000e+00 -4.38457e+03 -4.39778e+03  1.23425e+03  3.68745e+09
124  12  5.22815e+01  0.00000e+00 -4.38378e+03 -4.39764e+03  1.23427e+03  3.71742e+09
125  10  3.66736e+01  0.00000e+00 -4.38510e+03 -4.39744e+03  1.23429e+03  3.74740e+09
126  12  1.33232e+02  0.00000e+00 -4.38285e+03 -4.40024e+03  1.23424e+03  3.77738e+09
127   8  1.23198e+01  0.00000e+00 -4.38819e+03 -4.40653e+03  1.31676e+03  3.80736e+09
128  10  6.83963e+01  0.00000e+00 -4.38326e+03 -4.39810e+03  1.23422e+03  3.83734e+09
129   8  3.24157e+01  0.00000e+00 -4.38609e+03 -4.39242e+03  1.17080e+03  3.86732e+09
130  10  7.32194e+01  0.00000e+00 -4.38283e+03 -4.39842e+03  1.23420e+03  3.89730e+09
131  11  7.95154e+01  0.00000e+00 -4.38442e+03 -4.39744e+03  1.23422e+03  3.92728e+09
132  13  1.20375e+02  0.00000e+00 -4.38338e+03 -4.39890e+03  1.23424e+03  3.95726e+09
133  11  1.00537e+02  0.00000e+00 -4.38404e+03 -4.39850e+03  1.23423e+03  3.98724e+09
134  12  9.85941e+01  0.00000e+00 -4.38170e+03 -4.39383e+03  1.24198e+03  4.01722e+09
135  10  5.33181e+01  0.00000e+00 -4.38356e+03 -4.39755e+03  1.23422e+03  4.04720e+09
136  13  6.51836e+01  0.00000e+00 -4.38378e+03 -4.39779e+03  1.23424e+03  4.07718e+09
137  11  1.06208e+02  0.00000e+00 -4.38356e+03 -4.40006e+03  1.24215e+03  4.10716e+09
138  11  8.64258e+01  0.00000e+00 -4.38356e+03 -4.39925e+03  1.23426e+03  4.13713e+09
139   9  2.72411e+01  0.00000e+00 -4.38312e+03 -4.39060e+03  1.27277e+03  4.16711e+09
140   9  3.83744e+01  0.00000e+00 -4.38404e+03 -4.39816e+03  1.23425e+03  4.19709e+09
141  10  4.18759e+01  0.00000e+00 -4.38435e+03 -4.39791e+03  1.23426e+03  4.22707e+09
142  10  4.29651e+01  0.00000e+00 -4.38316e+03 -4.39910e+03  1.23426e+03  4.25705e+09
143  13  7.54149e+01  0.00000e+00 -4.38604e+03 -4.39764e+03  1.23426e+03  4.28703e+09
144   9  7.59509e+01  0.00000e+00 -4.38234e+03 -4.38862e+03  1.25183e+03  4.31701e+09
145  12  6.65542e+01  0.00000e+00 -4.38325e+03 -4.39739e+03  1.23424e+03  4.34699e+09
146  14  1.14206e+02  0.00000e+00 -4.38314e+03 -4.40132e+03  1.23433e+03  4.37697e+09
147  11  8.07042e+01  0.00000e+00 -4.38429e+03 -4.39926e+03  1.23425e+03  4.40695e+09
148  11  3.60745e+01  0.00000e+00 -4.38558e+03 -4.39644e+03  1.23428e+03  4.43693e+09
149  13  1.22286e+02  0.00000e+00 -4.38448e+03 -4.39803e+03  1.23428e+03  4.46691e+09
150  10  7.70692e+01  0.00000e+00 -4.38475e+03 -4.40411e+03  1.23883e+03  4.49689e+09
151  11  1.00131e+02  0.00000e+00 -4.38230e+03 -4.38764e+03  1.26706e+03  4.52686e+09
152   9  2.48445e+01  0.00000e+00 -4.38568e+03 -4.39660e+03  1.23409e+03  4.55684e+09
153   9  2.43243e+01  0.00000e+00 -4.38439e+03 -4.38402e+03  1.16469e+03  4.58682e+09
154  11  6.67728e+01  0.00000e+00 -4.38231e+03 -4.39831e+03  1.23426e+03  4.61680e+09
155  11  9.47425e+01  0.00000e+00 -4.38163e+03 -4.39117e+03  1.24491e+03  4.64678e+09
156  12  6.63112e+01  0.00000e+00 -4.38303e+03 -4.39845e+03  1.23427e+03  4.67676e+09
157   9  2.98351e+01  0.00000e+00 -4.38442e+03 -4.39875e+03  1.23447e+03  4.70674e+09
158   9  5.68671e+01  0.00000e+00 -4.38169e+03 -4.39990e+03  1.23426e+03  4.73672e+09
159  13  1.27291e+02  0.00000e+00 -4.38242e+03 -4.40572e+03  1.23433e+03  4.76670e+09
160  11  9.13234e+01  0.00000e+00 -4.38291e+03 -4.39628e+03  1.24590e+03  4.79668e+09
161  12  7.82381e+01  0.00000e+00 -4.38241e+03 -4.39923e+03  1.23425e+03  4.82666e+09
162  15  1.44214e+02  0.00000e+00 -4.38361e+03 -4.40256e+03  1.23432e+03  4.85664e+09
163  12  4.68125e+01  0.00000e+00 -4.38417e+03 -4.39895e+03  1.23426e+03  4.88662e+09
164  11  6.75786e+01  0.00000e+00 -4.38319e+03 -4.39850e+03  1.23425e+03  4.91660e+09
165  10  7.83781e+01  0.00000e+00 -4.38555e+03 -4.40015e+03  1.23678e+03  4.94657e+09
166  10  2.86805e+01  0.00000e+00 -4.38310e+03 -4.38408e+03  1.24075e+03  4.97655e+09
167  12  1.03796e+02  0.00000e+00 -4.38351e+03 -4.39984e+03  1.23431e+03  5.00653e+09
168  12  3.74095e+01  0.00000e+00 -4.38458e+03 -4.39874e+03  1.23427e+03  5.03651e+09
169   8  5.32666e+01  0.00000e+00 -4.38431e+03 -4.39744e+03  1.23430e+03  5.06649e+09
170  11  5.69791e+01  0.00000e+00 -4.38369e+03 -4.39796e+03  1.23428e+03  5.09647e+09
171   9  8.39085e+01  0.00000e+00 -4.38306e+03 -4.39842e+03  1.25143e+03  5.12645e+09
172  11  4.77374e+01  0.00000e+00 -4.38539e+03 -4.39786e+03  1.23428e+03  5.15643e+09
173  10  1.01727e+02  0.00000e+00 -4.38353e+03 -4.39998e+03  1.23428e+03  5.18641e+09
174  11  3.69813e+01  0.00000e+00 -4.38583e+03 -4.39956e+03  1.23432e+03  5.21639e+09
175  12  9.68291e+01  0.00000e+00 -4.38347e+03 -4.39916e+03  1.23432e+03  5.24637e+09
176   8  2.76064e+01  0.00000e+00 -4.38516e+03 -4.39620e+03  1.11212e+03  5.27635e+09
177  10  3.75755e+01  0.00000e+00 -4.38350e+03 -4.39882e+03  1.23431e+03  5.30633e+09
178  10  6.56260e+01  0.00000e+00 -4.38289e+03 -4.39957e+03  1.23429e+03  5.33630e+09
179  13  1.21324e+02  0.00000e+00 -4.38344e+03 -4.40058e+03  1.23432e+03  5.36628e+09
180  10  4.32129e+01  0.00000e+00 -4.38403e+03 -4.39869e+03  1.23432e+03  5.39626e+09
181  11  8.40419e+01  0.00000e+00 -4.38312e+03 -4.39841e+03  1.23430e+03  5.42624e+09
182   9  3.09184e+01  0.00000e+00 -4.38687e+03 -4.39676e+03  1.23430e+03  5.45622e+09
183  12  7.43464e+01  0.00000e+00 -4.38419e+03 -4.40156e+03  1.23436e+03  5.48620e+09
184  13  9.43170e+01  0.00000e+00 -4.38375e+03 -4.40091e+03  1.23434e+03  5.51618e+09
185  10  7.66705e+01  0.00000e+00 -4.38379e+03 -4.39823e+03  1.23432e+03  5.54616e+09
186  11  6.72976e+01  0.00000e+00 -4.38349e+03 -4.39906e+03  1.23430e+03  5.57614e+09
187  12  9.54179e+01  0.00000e+00 -4.38265e+03 -4.39276e+03  1.24167e+03  5.60612e+09
188  11  5.54661e+01  0.00000e+00 -4.38353e+03 -4.39859e+03  1.23430e+03  5.63610e+09
189  11  7.60544e+01  0.00000e+00 -4.38416e+03 -4.40105e+03  1.23436e+03  5.66608e+09
190  11  7.73498e+01  0.00000e+00 -4.38229e+03 -4.39187e+03  1.25362e+03  5.69606e+09
191  12  7.72891e+01  0.00000e+00 -4.38477e+03 -4.39940e+03  1.23433e+03  5.72603e+09
192  13  9.37977e+01  0.00000e+00 -4.38409e+03 -4.39945e+03  1.23430e+03  5.75601e+09
193  12  1.14497e+02  0.00000e+00 -4.38512e+03 -4.39985e+03  1.23429e+03  5.78599e+09
194   9  4.30818e+01  0.00000e+00 -4.38205e+03 -4.38606e+03  1.28935e+03  5.81597e+09
195  10  3.09100e+01  0.00000e+00 -4.38435e+03 -4.37526e+03  1.25230e+03  5.84595e+09
196  11  8.73454e+01  0.00000e+00 -4.38402e+03 -4.39739e+03  1.23430e+03  5.87593e+09
197  11  8.97676e+01  0.00000e+00 -4.38421e+03 -4.39729e+03  1.23431e+03  5.90591e+09
198  11  8.05512e+01  0.00000e+00 -4.38340e+03 -4.40090e+03  1.23431e+03  5.93589e+09
199  12  5.48427e+01  0.00000e+00 -4.38541e+03 -4.39715e+03  1.23431e+03  5.96587e+09
200  11  3.28275e+01  0.00000e+00 -4.38405e+03 -4.38606e+03  1.25975e+03  5.99585e+09
201   9  3.79857e+01  0.00000e+00 -4.38264e+03 -4.39120e+03  1.27319e+03  6.02583e+09
202   7  4.78998e+01  0.00000e+00 -4.38605e+03 -4.39681e+03  1.23436e+03  6.05581e+09
203  11  7.83671e+01  0.00000e+00 -4.38411e+03 -4.39861e+03  1.23432e+03  6.08579e+09
204  10  7.08431e+01  0.00000e+00 -4.38570e+03 -4.39904e+03  1.23434e+03  6.11577e+09
205  11  1.23217e+02  0.00000e+00 -4.38463e+03 -4.39740e+03  1.23436e+03  6.14574e+09
206  11  7.96413e+01  0.00000e+00 -4.38395e+03 -4.39788e+03  1.23434e+03  6.17572e+09
207   9  2.49555e+01  0.00000e+00 -4.38084e+03 -4.38769e+03  1.28924e+03  6.20570e+09
208  10  2.64381e+01  0.00000e+00 -4.38088e+03 -4.39072e+03  1.28350e+03  6.23568e+09
209  10  6.69743e+01  0.00000e+00 -4.38418e+03 -4.39770e+03  1.23432e+03  6.26566e+09
210   8  3.68879e+01  0.00000e+00 -4.38432e+03 -4.39751e+03  1.23437e+03  6.29564e+09
211  12  1.19465e+02  0.00000e+00 -4.38343e+03 -4.39895e+03  1.23435e+03  6.32562e+09
212  11  6.93192e+01  0.00000e+00 -4.38425e+03 -4.39775e+03  1.23432e+03  6.35560e+09
213  12  5.47084e+01  0.00000e+00 -4.38546e+03 -4.39772e+03  1.23446e+03  6.38558e+09
214  11  8.52879e+01  0.00000e+00 -4.38619e+03 -4.39747e+03  1.23446e+03  6.41556e+09
215  12  4.95946e+01  0.00000e+00 -4.38602e+03 -4.39684e+03  1.23438e+03  6.44554e+09
216  12  1.09237e+02  0.00000e+00 -4.38460e+03 -4.39952e+03  1.23437e+03  6.47552e+09
217   9  6.66890e+01  0.00000e+00 -4.38412e+03 -4.39882e+03  1.23433e+03  6.50550e+09
218  13  8.43739e+01  0.00000e+00 -4.38407e+03 -4.40029e+03  1.23436e+03  6.53547e+09
219   9  3.52802e+01  0.00000e+00 -4.38500e+03 -4.39761e+03  1.23438e+03  6.56545e+09
220  11  7.33311e+01  0.00000e+00 -4.38331e+03 -4.39877e+03  1.23433e+03  6.59543e+09
221  12  9.16864e+01  0.00000e+00 -4.38504e+03 -4.39855e+03  1.23436e+03  6.62541e+09
222  13  8.18100e+01  0.00000e+00 -4.38488e+03 -4.39892e+03  1.23434e+03  6.65539e+09
223  11  6.25971e+01  0.00000e+00 -4.38330e+03 -4.39975e+03  1.23433e+03  6.68537e+09
224  13  8.73088e+01  0.00000e+00 -4.38479e+03 -4.39939e+03  1.23434e+03  6.71535e+09
225  13  1.13380e+02  0.00000e+00 -4.38387e+03 -4.39862e+03  1.23434e+03  6.74533e+09
226  12  7.37690e+01  0.00000e+00 -4.38383e+03 -4.40093e+03  1.23442e+03  6.77531e+09
227  11  3.32455e+01  0.00000e+00 -4.38387e+03 -4.39403e+03  1.24414e+03  6.80529e+09
228  11  6.75511e+01  0.00000e+00 -4.38507e+03 -4.40057e+03  1.24157e+03  6.83527e+09
229  13  1.14584e+02  0.00000e+00 -4.38375e+03 -4.39948e+03  1.23435e+03  6.86525e+09
230  11  8.72380e+01  0.00000e+00 -4.38365e+03 -4.39997e+03  1.23434e+03  6.89523e+09
231  12  6.69942e+01  0.00000e+00 -4.38371e+03 -4.39890e+03  1.23435e+03  6.92521e+09
232  11  7.03505e+01  0.00000e+00 -4.38439e+03 -4.39748e+03  1.23435e+03  6.95518e+09
233  11  6.86045e+01  0.00000e+00 -4.38461e+03 -4.39905e+03  1.23438e+03  6.98516e+09
234  11  5.61267e+01  0.00000e+00 -4.38275e+03 -4.39494e+03  1.23274e+03  7.01514e+09
235  10  6.92456e+01  0.00000e+00 -4.38304e+03 -4.38805e+03  1.24360e+03  7.04512e+09
236  10  2.89061e+01  0.00000e+00 -4.38569e+03 -4.39721e+03  1.23440e+03  7.07510e+09
237  12  9.98347e+01  0.00000e+00 -4.38283e+03 -4.40096e+03  1.23437e+03  7.10508e+09
238  13  9.02368e+01  0.00000e+00 -4.38394e+03 -4.39926e+03  1.23436e+03  7.13506e+09
239  10  5.97003e+01  0.00000e+00 -4.38375e+03 -4.39821e+03  1.23435e+03  7.16504e+09
240  13  1.01892e+02  0.00000e+00 -4.38429e+03 -4.39950e+03  1.23434e+03  7.19502e+09
241  10  4.03521e+01  0.00000e+00 -4.38358e+03 -4.39620e+03  1.23705e+03  7.22500e+09
242  10  5.51172e+01  0.00000e+00 -4.38349e+03 -4.39949e+03  1.23435e+03  7.25498e+09
243  13  9.81526e+01  0.00000e+00 -4.38458e+03 -4.40017e+03  1.23437e+03  7.28496e+09
244  11  1.06382e+02  0.00000e+00 -4.38481e+03 -4.39845e+03  1.23435e+03  7.31494e+09
245  10  3.45855e+01  0.00000e+00 -4.38263e+03 -4.38862e+03  1.22828e+03  7.34491e+09
246  10  4.96009e+01  0.00000e+00 -4.38367e+03 -4.39878e+03  1.23438e+03  7.37489e+09
247  10  4.85159e+01  0.00000e+00 -4.38361e+03 -4.39883e+03  1.23438e+03  7.40487e+09
248  12  9.06069e+01  0.00000e+00 -4.38453e+03 -4.39869e+03  1.23437e+03  7.43485e+09
249  10  7.92358e+01  0.00000e+00 -4.38397e+03 -4.39925e+03  1.23440e+03  7.46483e+09
250  11  1.27346e+02  0.00000e+00 -4.38319e+03 -4.39856e+03  1.23437e+03  7.49481e+09
251  12  9.69487e+01  0.00000e+00 -4.38454e+03 -4.39761e+03  1.23439e+03  7.52479e+09
252  10  6.45253e+01  0.00000e+00 -4.38351e+03 -4.39785e+03  1.23438e+03  7.55477e+09
253  11  6.15416e+01  0.00000e+00 -4.38327e+03 -4.39853e+03  1.24717e+03  7.58475e+09
254   9  3.23863e+01  0.00000e+00 -4.38575e+03 -4.39903e+03  1.23448e+03  7.61473e+09
255  13  6.76022e+01  0.00000e+00 -4.38418e+03 -4.39813e+03  1.23437e+03  7.64471e+09
256   8  3.49294e+01  0.00000e+00 -4.38434e+03 -4.39842e+03  1.23443e+03  7.67469e+09
257  12  7.48822e+01  0.00000e+00 -4.38519e+03 -4.39790e+03  1.23444e+03  7.70467e+09
258  11  8.29710e+01  0.00000e+00 -4.38161e+03 -4.39350e+03  1.24384e+03  7.73464e+09
259  10  6.13954e+01  0.00000e+00 -4.38383e+03 -4.39824e+03  1.23440e+03  7.76462e+09
260  10  2.66733e+01  0.00000e+00 -4.38384e+03 -4.38449e+03  1.25222e+03  7.79460e+09
261  11  8.16043e+01  0.00000e+00 -4.38445e+03 -4.39874e+03  1.23439e+03  7.82458e+09
262  12  6.25297e+01  0.00000e+00 -4.38670e+03 -4.40421e+03  1.24943e+03  7.85456e+09
263  11  7.02637e+01  0.00000e+00 -4.38526e+03 -4.39753e+03  1.23442e+03  7.88454e+09
264  13  1.04160e+02  0.00000e+00 -4.38424e+03 -4.40069e+03  1.23438e+03  7.91452e+09
265  11  6.02025e+01  0.00000e+00 -4.38531e+03 -4.39979e+03  1.23494e+03  7.94450e+09
266  10  4.64090e+01  0.00000e+00 -4.38554e+03 -4.39659e+03  1.23444e+03  7.97448e+09
267  12  7.08005e+01  0.00000e+00 -4.38444e+03 -4.39884e+03  1.23438e+03  8.00446e+09
268   9  4.90347e+01  0.00000e+00 -4.38458e+03 -4.39820e+03  1.23439e+03  8.03444e+09
269  10  2.43502e+01  0.00000e+00 -4.38266e+03 -4.38967e+03  1.24652e+03  8.06442e+09
270  10  3.37600e+01  0.00000e+00 -4.38442e+03 -4.39823e+03  1.23438e+03  8.09440e+09
271  12  8.49857e+01  0.00000e+00 -4.38273e+03 -4.39544e+03  1.23773e+03  8.12438e+09
272  10  4.18310e+01  0.00000e+00 -4.38437e+03 -4.39835e+03  1.23442e+03  8.15435e+09
273   9  4.37914e+01  0.00000e+00 -4.38338e+03 -4.39498e+03  1.24793e+03  8.18433e+09
274  12  5.67491e+01  0.00000e+00 -4.38454e+03 -4.39879e+03  1.23440e+03  8.21431e+09
275  12  9.35678e+01  0.00000e+00 -4.38449e+03 -4.39872e+03  1.23443e+03  8.24429e+09
276  12  5.74260e+01  0.00000e+00 -4.38389e+03 -4.39864e+03  1.23442e+03  8.27427e+09
277   9  4.48818e+01  0.00000e+00 -4.38462e+03 -4.39720e+03  1.23440e+03  8.30425e+09
278  10  3.94230e+01  0.00000e+00 -4.38436e+03 -4.39173e+03  1.23570e+03  8.33423e+09
279  12  1.45613e+02  0.00000e+00 -4.38398e+03 -4.40212e+03  1.23443e+03  8.36421e+09
280  11  1.08494e+02  0.00000e+00 -4.38420e+03 -4.39887e+03  1.23444e+03  8.39419e+09
281  12  4.31819e+01  0.00000e+00 -4.38208e+03 -4.39307e+03  1.24137e+03  8.42417e+09
282  11  9.98273e+01  0.00000e+00 -4.38500e+03 -4.40007e+03  1.23444e+03  8.45415e+09
283   7  2.00741e+01  0.00000e+00 -4.38537e+03 -4.39190e+03  1.25036e+03  8.48413e+09
284  10  4.03745e+01  0.00000e+00 -4.38490e+03 -4.39804e+03  1.23443e+03  8.51411e+09
285  11  6.27380e+01  0.00000e+00 -4.38389e+03 -4.39898e+03  1.23442e+03  8.54408e+09
286   9  6.58103e+01  0.00000e+00 -4.38143e+03 -4.39177e+03  1.27235e+03  8.57406e+09
287  12  8.64565e+01  0.00000e+00 -4.38492e+03 -4.39832e+03  1.23446e+03  8.60404e+09
288  10  2.94803e+01  0.00000e+00 -4.38575e+03 -4.39766e+03  1.23443e+03  8.63402e+09
289   9  3.72953e+01  0.00000e+00 -4.38303e+03 -4.39126e+03  1.27419e+03  8.66400e+09
290  12  9.33442e+01  0.00000e+00 -4.38433e+03 -4.39984e+03  1.23445e+03  8.69398e+09
291   9  2.88239e+01  0.00000e+00 -4.38479e+03 -4.39889e+03  1.23445e+03  8.72396e+09
292  10  9.47787e+01  0.00000e+00 -4.38452e+03 -4.39897e+03  1.23446e+03  8.75394e+09
293   9  4.70029e+01  0.00000e+00 -4.38497e+03 -4.39828e+03  1.23445e+03  8.78392e+09
294   9  2.64581e+01  0.00000e+00 -4.38509e+03 -4.39722e+03  1.27918e+03  8.81390e+09
295  10  7.27521e+01  0.00000e+00 -4.38380e+03 -4.40046e+03  1.23445e+03  8.84388e+09
296  11  2.60571e+01  0.00000e+00 -4.38611e+03 -4.39998e+03  1.23474e+03  8.87386e+09
297  10  2.64256e+01  0.00000e+00 -4.38527e+03 -4.39842e+03  1.23447e+03  8.90384e+09
298  10  1.79225e+01  0.00000e+00 -4.38259e+03 -4.39183e+03  1.28518e+03  8.93381e+09
299  11  4.52450e+01  0.00000e+00 -4.38513e+03 -4.39832e+03  1.23442e+03  8.96379e+09
300  11  5.35327e+01  0.00000e+00 -4.38955e+03 -4.41200e+03  1.23486e+03  8.99377e+09
301  12  7.17558e+01  0.00000e+00 -4.38534e+03 -4.40202e+03  1.23448e+03  9.02375e+09
302  11  9.13151e+01  0.00000e+00 -4.38598e+03 -4.39810e+03  1.23445e+03  9.05373e+09
303  10  7.09086e+01  0.00000e+00 -4.38441e+03 -4.40103e+03  1.25767e+03  9.08371e+09
304   7  1.09597e+01  0.00000e+00 -4.38855e+03 -4.39888e+03  1.09222e+03  9.11369e+09
305  11  9.16176e+01  0.00000e+00 -4.38411e+03 -4.39972e+03  1.23448e+03  9.14367e+09
306  11  5.97755e+01  0.00000e+00 -4.38433e+03 -4.39839e+03  1.23447e+03  9.17365e+09
307  10  3.63530e+01  0.00000e+00 -4.38540e+03 -4.39746e+03  1.23445e+03  9.20363e+09
308  12  4.00782e+01  0.00000e+00 -4.38458e+03 -4.39856e+03  1.23447e+03  9.23361e+09
309  11  7.84160e+01  0.00000e+00 -4.38431e+03 -4.39947e+03  1.23446e+03  9.26359e+09
310  13  1.06312e+02  0.00000e+00 -4.38463e+03 -4.39865e+03  1.23447e+03  9.29357e+09
311  11  6.75816e+01  0.00000e+00 -4.38483e+03 -4.39660e+03  1.25239e+03  9.32355e+09
312  10  2.77516e+01  0.00000e+00 -4.38251e+03 -4.39297e+03  1.29025e+03  9.35352e+09
313  11  7.47677e+01  0.00000e+00 -4.38361e+03 -4.38976e+03  1.25996e+03  9.38350e+09
314  11  1.93803e+01  0.00000e+00 -4.38343e+03 -4.38987e+03  1.27020e+03  9.41348e+09
315  11  3.81673e+01  0.00000e+00 -4.38248e+03 -4.39482e+03  1.29133e+03  9.44346e+09
316  10  2.31644e+01  0.00000e+00 -4.38464e+03 -4.39970e+03  1.27045e+03  9.47344e+09
317   9  1.70857e+01  0.00000e+00 -4.38489e+03 -4.38937e+03  1.25342e+03  9.50342e+09
318  10  8.55651e+01  0.00000e+00 -4.38483e+03 -4.39834e+03  1.23448e+03  9.53340e+09
319  11  3.43965e+01  0.00000e+00 -4.38546e+03 -4.39820e+03  1.23444e+03  9.56338e+09
320  11  8.09579e+01  0.00000e+00 -4.38448e+03 -4.39902e+03  1.23444e+03  9.59336e+09
321  10  6.03397e+01  0.00000e+00 -4.38730e+03 -4.39810e+03  1.23457e+03  9.62334e+09
322  11  5.26641e+01  0.00000e+00 -4.38429e+03 -4.39794e+03  1.23446e+03  9.65332e+09
323  10  8.96994e+01  0.00000e+00 -4.38339e+03 -4.40074e+03  1.23445e+03  9.68330e+09
324   9  3.73551e+01  0.00000e+00 -4.38559e+03 -4.39810e+03  1.23446e+03  9.71328e+09
325  10  8.20200e+01  0.00000e+00 -4.38494e+03 -4.39847e+03  1.23447e+03  9.74325e+09
326  10  5.91072e+01  0.00000e+00 -4.38562e+03 -4.39941e+03  1.23460e+03  9.77323e+09
327  11  2.41095e+01  0.00000e+00 -4.38338e+03 -4.38915e+03  1.27314e+03  9.80321e+09
328  10  1.64777e+01  0.00000e+00 -4.38494e+03 -4.39737e+03  1.27131e+03  9.83319e+09
329  10  6.12479e+01  0.00000e+00 -4.38329e+03 -4.39910e+03  1.23446e+03  9.86317e+09
330  12  6.73613e+01  0.00000e+00 -4.38556e+03 -4.40011e+03  1.23447e+03  9.89315e+09
331  10  7.15550e+01  0.00000e+00 -4.38397e+03 -4.40016e+03  1.23446e+03  9.92313e+09
332  13  9.13983e+01  0.00000e+00 -4.38400e+03 -4.40083e+03  1.23447e+03  9.95311e+09
333   8  7.62360e+01  0.00000e+00 -4.38226e+03 -4.38945e+03  1.28211e+03  9.98309e+09
334  10  5.49237e+01  0.00000e+00 -4.38767e+03 -4.40905e+03  1.23501e+03  1.00131e+10
335  12  5.74634e+01  0.00000e+00 -4.38493e+03 -4.39786e+03  1.23447e+03  1.00430e+10
336  10  4.29976e+01  0.00000e+00 -4.38393e+03 -4.39816e+03  1.23448e+03  1.00730e+10
337  10  2.85358e+01  0.00000e+00 -4.38132e+03 -4.39481e+03  1.29351e+03  1.01030e+10
338  12  7.29443e+01  0.00000e+00 -4.38637e+03 -4.39857e+03  1.23455e+03  1.01330e+10
339  10  3.55937e+01  0.00000e+00 -4.39359e+03 -4.41328e+03  1.24207e+03  1.01630e+10
340   9  4.79691e+01  0.00000e+00 -4.38740e+03 -4.39967e+03  1.23724e+03  1.01929e+10
341  10  2.88703e+01  0.00000e+00 -4.38296e+03 -4.39819e+03  1.23447e+03  1.02229e+10
342  10  5.62972e+01  0.00000e+00 -4.38253e+03 -4.39579e+03  1.26078e+03  1.02529e+10
343  12  5.67680e+01  0.00000e+00 -4.38499e+03 -4.40070e+03  1.23451e+03  1.02829e+10
344  13  5.14417e+01  0.00000e+00 -4.38445e+03 -4.40055e+03  1.23457e+03  1.03129e+10
345  10  7.59999e+01  0.00000e+00 -4.38405e+03 -4.39946e+03  1.23451e+03  1.03428e+10
346   9  2.39327e+01  0.00000e+00 -4.38473e+03 -4.39588e+03  1.30172e+03  1.03728e+10
347  12  4.81024e+01  0.00000e+00 -4.38515e+03 -4.39867e+03  1.23454e+03  1.04028e+10
348  10  4.37145e+01  0.00000e+00 -4.38493e+03 -4.39774e+03  1.23449e+03  1.04328e+10
349  12  4.17486e+01  0.00000e+00 -4.38555e+03 -4.39790e+03  1.23454e+03  1.04628e+10
350  10  4.47229e+01  0.00000e+00 -4.38528e+03 -4.39921e+03  1.23454e+03  1.04927e+10
351  10  3.19657e+01  0.00000e+00 -4.38610e+03 -4.40236e+03  1.26329e+03  1.05227e+10
352  11  4.16190e+01  0.00000e+00 -4.38554e+03 -4.39876e+03  1.23453e+03  1.05527e+10
353  11  7.35654e+01  0.00000e+00 -4.38496e+03 -4.39954e+03  1.23449e+03  1.05827e+10
354  10  2.67478e+01  0.00000e+00 -4.38324e+03 -4.39183e+03  1.26557e+03  1.06127e+10
355  10  7.38009e+01  0.00000e+00 -4.38441e+03 -4.39940e+03  1.23452e+03  1.06426e+10
356  11  5.07812e+01  0.00000e+00 -4.38395e+03 -4.39890e+03  1.23451e+03  1.06726e+10
357  12  3.37045e+01  0.00000e+00 -4.38444e+03 -4.39921e+03  1.23451e+03  1.07026e+10
358  11  5.36582e+01  0.00000e+00 -4.38140e+03 -4.39550e+03  1.26249e+03  1.07326e+10
359  12  4.27555e+01  0.00000e+00 -4.38521e+03 -4.39901e+03  1.23452e+03  1.07625e+10
360  10  2.04036e+01  0.00000e+00 -4.38419e+03 -4.39939e+03  1.23452e+03  1.07925e+10
361   9  1.93551e+01  0.00000e+00 -4.38402e+03 -4.38412e+03  1.24946e+03  1.08225e+10
362  12  6.15551e+01  0.00000e+00 -4.38394e+03 -4.39950e+03  1.23450e+03  1.08525e+10
363  10  3.66378e+01  0.00000e+00 -4.38559e+03 -4.39729e+03  1.23453e+03  1.08825e+10
364   9  1.70207e+01  0.00000e+00 -4.38095e+03 -4.39038e+03  1.29272e+03  1.09124e+10
365   9  4.94764e+01  0.00000e+00 -4.38407e+03 -4.39883e+03  1.23450e+03  1.09424e+10
366  12  3.65331e+01  0.00000e+00 -4.38472e+03 -4.39936e+03  1.23454e+03  1.09724e+10
367  10  7.04192e+01  0.00000e+00 -4.38550e+03 -4.39816e+03  1.23452e+03  1.10024e+10
368  13  7.01452e+01  0.00000e+00 -4.38401e+03 -4.40034e+03  1.23452e+03  1.10324e+10
369  10  3.02542e+01  0.00000e+00 -4.38512e+03 -4.39832e+03  1.14561e+03  1.10623e+10
370   9  4.64680e+01  0.00000e+00 -4.38542e+03 -4.39716e+03  1.23451e+03  1.10923e+10
371  11  3.66022e+01  0.00000e+00 -4.38521e+03 -4.39494e+03  1.15360e+03  1.11223e+10
372  11  6.07976e+01  0.00000e+00 -4.38407e+03 -4.39973e+03  1.23451e+03  1.11523e+10
