11677 -1009.5490000005811 -1187.7300000000978 1244.3159999999998 1012 13 10127
11678 -1539.7599999997765 1407.1329999999143 1257.174 1019 13 10127
11679 -1517.6630000006407 -326.954000000027 1253.732 1020 13 10127
11680 960.2060000002384 1723.2639999999665 1230.679 1048 13 10127
11681 469.7309999996796 846.3469999999506 1230.58 1051 13 10127
11682 972.4619999993593 566.2379999998957 1218.321 1054 13 10127
11683 977.8420000001788 -9.980000000097789 1213.667 1065 13 10127
11684 -529.4869999997318 837.1829999999609 1242.322 1066 13 10127
11685 -2020.589999999851 -43.46200000005774 1264.2869999999998 1073 13 10127
11686 964.9469999996944 1142.496999999974 1222.8249999999998 1075 13 10127
11687 -507.1630000006408 -1468.0730000000913 1234.283 1076 13 10127
11688 -510.25 -893.6130000000121 1235.149 1082 13 10127
11689 -27.98699999973178 553.5019999999786 1234.04 1089 13 10127
11690 444.6119999997318 2003.2029999999795 1238.5739999999998 109 13 10127
11691 -2523.9150000000373 246.36899999994785 1274.271 1091 13 10127
11692 492.0300000002608 -882.9679999999935 1217.495 1092 13 10127
11693 -2515.0159999998286 -337.16800000006333 1274.995 1094 13 10127
11694 1481.4179999995977 -293.40500000002794 1205.895 1016 17 10127
11695 1467.9160000002012 280.1749999999301 1208.105 1023 17 10127
11696 986.3269999995828 -587.9189999999944 1209.375 1038 17 10127
11697 1455.8789999997243 2018.9719999999504 1223.011 1040 17 10127
11698 960.2060000002384 1723.2639999999665 1230.679 1048 17 10127
11699 463.3509999997914 1426.0669999999227 1235.028 1052 17 10127
11700 972.4619999993593 566.2379999998957 1218.321 1054 17 10127
11701 484.1839999994263 -303.8570000000764 1217.298 1058 17 10127
11702 977.8420000001788 -9.980000000097789 1213.667 1065 17 10127
11703 964.9469999996944 1142.496999999974 1222.8249999999998 1075 17 10127
11704 496.6019999999553 -1459.8250000000698 1216.701 1084 17 10127
11705 444.6119999997318 2003.2029999999795 1238.5739999999998 109 17 10127
11706 492.0300000002608 -882.9679999999935 1217.495 1092 17 10127
11948 -2041.140000000596 1689.5379999999425 1268.851 1071 18 10127
11949 -1035.6850000005215 1704.5509999999776 1256.025 1042 18 10127
11950 -1539.7599999997765 1407.1329999999143 1257.174 1019 18 10127
11951 -2537.640000000596 827.0079999999143 1275.3639999999998 1022 18 10127
11952 -2535.911000000313 1976.0909999998985 1278.6799999999998 1017 18 10127
11953 -1543.6840000003576 1981.0089999999616 1264.861 1034 18 10127
12389 -522.7599999997765 265.7259999999078 1238.422 1029 42 10127
12390 -1517.6630000006407 -326.954000000027 1253.732 1020 42 10127
12391 -2515.0159999998286 -337.16800000006333 1274.995 1094 42 10127
12392 -15.268000000156462 -601.1300000000047 1226.0069999999998 1046 42 10127
12393 -1511.7420000005511 -902.3300000000744 1253.778 1047 42 10127
12394 -509.5030000004917 -322.65500000002794 1234.0179999999998 1083 42 10127
12395 474.38200000021607 274.66599999996834 1221.3449999999998 1093 42 10127
14234 -2535.911000000313 1976.0909999998985 1278.6799999999998 1017 65 10127
14235 -1517.6630000006407 -326.954000000027 1253.732 1020 65 10127
14236 -1543.6840000003576 1981.0089999999616 1264.861 1034 65 10127
14237 -1035.6850000005215 1704.5509999999776 1256.025 1042 65 10127
14238 -1511.7420000005511 -902.3300000000744 1253.778 1047 65 10127
14239 -2020.589999999851 -43.46200000005774 1264.2869999999998 1073 65 10127
14240 -1035.1069999998435 1124.6539999999804 1247.897 1074 65 10127
14241 -1524.140000000596 254.3159999999916 1252.903 1078 65 10127
3709 -4.175999999977648 -1747.905000000028 1224.793 1045 129 10127
3710 -2028.7960000000887 535.5949999999721 1262.832 1014 129 10127
3711 -507.1630000006408 -1468.0730000000913 1234.283 1076 129 10127
3712 -1009.5490000005811 -1187.7300000000978 1244.3159999999998 1012 129 10127
3713 -2020.589999999851 -43.46200000005774 1264.2869999999998 1073 129 10127
9030 -1035.6850000005215 1704.5509999999776 1256.025 1042 557 10127
9031 -35.40500000026077 1130.966999999946 1238.332 1037 557 10127
9032 -509.5030000004917 -322.65500000002794 1234.0179999999998 1083 557 10127
9033 -15.268000000156462 -601.1300000000047 1226.0069999999998 1046 557 10127
9034 -1524.140000000596 254.3159999999916 1252.903 1078 557 10127
9035 469.7309999996796 846.3469999999506 1230.58 1051 557 10127
9852 -27.98699999973178 553.5019999999786 1234.04 1089 493 10127
9853 960.2060000002384 1723.2639999999665 1230.679 1048 493 10127
9854 986.3269999995828 -587.9189999999944 1209.375 1038 493 10127
9855 -1511.7420000005511 -902.3300000000744 1253.778 1047 493 10127
9856 -529.4869999997318 837.1829999999609 1242.322 1066 493 10127
9857 -2028.7960000000887 535.5949999999721 1262.832 1014 493 10127
9858 -507.1630000006408 -1468.0730000000913 1234.283 1076 493 10127
12579 -2537.640000000596 827.0079999999143 1275.3639999999998 1022 196 10127
12580 977.8420000001788 -9.980000000097789 1213.667 1065 196 10127
12581 972.4619999993593 566.2379999998957 1218.321 1054 196 10127
12582 -15.268000000156462 -601.1300000000047 1226.0069999999998 1046 196 10127
12583 -1035.1069999998435 1124.6539999999804 1247.897 1074 196 10127
12584 -522.7599999997765 265.7259999999078 1238.422 1029 196 10127
12585 -509.5030000004917 -322.65500000002794 1234.0179999999998 1083 196 10127
12586 474.38200000021607 274.66599999996834 1221.3449999999998 1093 196 10127
12587 -2515.0159999998286 -337.16800000006333 1274.995 1094 196 10127
12588 -529.4869999997318 837.1829999999609 1242.322 1066 196 10127
12589 -1517.6630000006407 -326.954000000027 1253.732 1020 196 10127
12590 -2523.9150000000373 246.36899999994785 1274.271 1091 196 10127
12591 -1524.140000000596 254.3159999999916 1252.903 1078 196 10127
12592 -2028.7960000000887 535.5949999999721 1262.832 1014 196 10127
12593 -2020.589999999851 -43.46200000005774 1264.2869999999998 1073 196 10127
12594 -27.98699999973178 553.5019999999786 1234.04 1089 196 10127
12595 -1529.2700000004843 829.1159999999218 1256.438 1035 196 10127
11595 -2537.640000000596 827.0079999999143 1275.3639999999998 1022 2087 10127
11596 -522.7599999997765 265.7259999999078 1238.422 1029 2087 10127
11597 -1035.6850000005215 1704.5509999999776 1256.025 1042 2087 10127
11598 -1511.7420000005511 -902.3300000000744 1253.778 1047 2087 10127
11599 960.2060000002384 1723.2639999999665 1230.679 1048 2087 10127
2147 -1539.7599999997765 1407.1329999999143 1257.174 1019 93 10127
2148 -1035.1069999998435 1124.6539999999804 1247.897 1074 93 10127
2149 469.7309999996796 846.3469999999506 1230.58 1051 93 10127
2150 -529.4869999997318 837.1829999999609 1242.322 1066 93 10127
2151 444.6119999997318 2003.2029999999795 1238.5739999999998 109 93 10127
2152 -538.3780000004917 1416.546999999904 1247.887 1077 93 10127
2153 -2020.589999999851 -43.46200000005774 1264.2869999999998 1073 93 10127
2154 -2028.7960000000887 535.5949999999721 1262.832 1014 93 10127
2155 -1524.140000000596 254.3159999999916 1252.903 1078 93 10127
2156 964.9469999996944 1142.496999999974 1222.8249999999998 1075 93 10127
2157 -35.40500000026077 1130.966999999946 1238.332 1037 93 10127
2158 463.3509999997914 1426.0669999999227 1235.028 1052 93 10127
2159 -1529.2700000004843 829.1159999999218 1256.438 1035 93 10127
2160 960.2060000002384 1723.2639999999665 1230.679 1048 93 10127
2161 -2515.0159999998286 -337.16800000006333 1274.995 1094 93 10127
2221 -541.8650000002235 1996.8339999999152 1249.0459999999998 1049 76 10127
2222 -35.40500000026077 1130.966999999946 1238.332 1037 76 10127
2223 484.1839999994263 -303.8570000000764 1217.298 1058 76 10127
2224 972.4619999993593 566.2379999998957 1218.321 1054 76 10127
2225 -27.98699999973178 553.5019999999786 1234.04 1089 76 10127
2226 986.3269999995828 -587.9189999999944 1209.375 1038 76 10127
2227 1481.4179999995977 -293.40500000002794 1205.895 1016 76 10127
1350 -529.4869999997318 837.1829999999609 1242.322 1066 367 10127
1351 -2020.589999999851 -43.46200000005774 1264.2869999999998 1073 367 10127
1352 -1035.1069999998435 1124.6539999999804 1247.897 1074 367 10127
1353 -27.98699999973178 553.5019999999786 1234.04 1089 367 10127
1354 474.38200000021607 274.66599999996834 1221.3449999999998 1093 367 10127
2075 -1506.3670000005511 -1482.265000000014 1254.125 1011 517 10127
2076 -999.6450000004844 -1758.7939999999944 1243.442 1088 517 10127
2077 -9.339000000618398 -1176.4970000000903 1225.813 1013 517 10127
2078 496.6019999999553 -1459.8250000000698 1216.701 1084 517 10127
2079 -15.268000000156462 -601.1300000000047 1226.0069999999998 1046 517 10127
2080 -510.25 -893.6130000000121 1235.149 1082 517 10127
2081 -1511.7420000005511 -902.3300000000744 1253.778 1047 517 10127
2082 492.0300000002608 -882.9679999999935 1217.495 1092 517 10127
2083 -507.1630000006408 -1468.0730000000913 1234.283 1076 517 10127
2084 993.3199999993668 -1163.9750000000931 1209.6989999999998 1090 517 10127
2085 -1009.5490000005811 -1187.7300000000978 1244.3159999999998 1012 517 10127
2086 986.3269999995828 -587.9189999999944 1209.375 1038 517 10127
2087 -4.175999999977648 -1747.905000000028 1224.793 1045 517 10127
2088 1471.8429999994114 861.0229999999283 1214.737 1043 523 10127
2089 469.7309999996796 846.3469999999506 1230.58 1051 523 10127
2090 972.4619999993593 566.2379999998957 1218.321 1054 523 10127
2091 977.8420000001788 -9.980000000097789 1213.667 1065 523 10127
2092 -27.98699999973178 553.5019999999786 1234.04 1089 523 10127
2093 474.38200000021607 274.66599999996834 1221.3449999999998 1093 523 10127
3313 -48.20200000051409 2867.2759999999544 1248.984 1055 150 10127
3314 -541.8650000002235 1996.8339999999152 1249.0459999999998 1049 150 10127
3315 -529.4869999997318 837.1829999999609 1242.322 1066 150 10127
3316 -27.98699999973178 553.5019999999786 1234.04 1089 150 10127
3317 -35.40500000026077 1130.966999999946 1238.332 1037 150 10127
3318 -522.7599999997765 265.7259999999078 1238.422 1029 150 10127
3319 -46.83700000029057 2290.121999999974 1246.445 1030 150 10127
4671 -9.339000000618398 -1176.4970000000903 1225.813 1013 127 10127
4672 972.4619999993593 566.2379999998957 1218.321 1054 127 10127
4673 1471.8429999994114 861.0229999999283 1214.737 1043 127 10127
4674 484.1839999994263 -303.8570000000764 1217.298 1058 127 10127
4675 463.3509999997914 1426.0669999999227 1235.028 1052 127 10127
4676 964.9469999996944 1142.496999999974 1222.8249999999998 1075 127 10127
10219 960.2060000002384 1723.2639999999665 1230.679 1048 322 10127
10220 -27.98699999973178 553.5019999999786 1234.04 1089 322 10127
10221 -9.339000000618398 -1176.4970000000903 1225.813 1013 322 10127
10222 463.3509999997914 1426.0669999999227 1235.028 1052 322 10127
10223 -510.25 -893.6130000000121 1235.149 1082 322 10127
10322 -507.1630000006408 -1468.0730000000913 1234.283 1076 677 10127
10323 444.6119999997318 2003.2029999999795 1238.5739999999998 109 677 10127
10324 -2020.589999999851 -43.46200000005774 1264.2869999999998 1073 677 10127
10325 469.7309999996796 846.3469999999506 1230.58 1051 677 10127
10326 -529.4869999997318 837.1829999999609 1242.322 1066 677 10127
10327 -35.40500000026077 1130.966999999946 1238.332 1037 677 10127
10328 -509.5030000004917 -322.65500000002794 1234.0179999999998 1083 677 10127
10329 -1511.7420000005511 -902.3300000000744 1253.778 1047 677 10127
10330 -999.6450000004844 -1758.7939999999944 1243.442 1088 677 10127
11703 -510.25 -893.6130000000121 1235.149 1082 444 10127
11704 496.6019999999553 -1459.8250000000698 1216.701 1084 444 10127
11705 977.8420000001788 -9.980000000097789 1213.667 1065 444 10127
11706 972.4619999993593 566.2379999998957 1218.321 1054 444 10127
11707 964.9469999996944 1142.496999999974 1222.8249999999998 1075 444 10127
11708 1467.9160000002012 280.1749999999301 1208.105 1023 444 10127
11709 484.1839999994263 -303.8570000000764 1217.298 1058 444 10127
11710 463.3509999997914 1426.0669999999227 1235.028 1052 444 10127
11711 -9.339000000618398 -1176.4970000000903 1225.813 1013 444 10127
11712 -1524.140000000596 254.3159999999916 1252.903 1078 444 10127
11713 -1009.5490000005811 -1187.7300000000978 1244.3159999999998 1012 444 10127
3425 -4.175999999977648 -1747.905000000028 1224.793 1045 378 10127
3426 -510.25 -893.6130000000121 1235.149 1082 378 10127
3427 -1009.5490000005811 -1187.7300000000978 1244.3159999999998 1012 378 10127
3428 -9.339000000618398 -1176.4970000000903 1225.813 1013 378 10127
3429 -507.1630000006408 -1468.0730000000913 1234.283 1076 378 10127
3430 496.6019999999553 -1459.8250000000698 1216.701 1084 378 10127
3431 -1506.3670000005511 -1482.265000000014 1254.125 1011 378 10127
6815 469.7309999996796 846.3469999999506 1230.58 1051 302 10127
6816 463.3509999997914 1426.0669999999227 1235.028 1052 302 10127
6817 -538.3780000004917 1416.546999999904 1247.887 1077 302 10127
6818 -1045.538999999873 2278.216999999946 1259.791 1033 302 10127
6819 -541.8650000002235 1996.8339999999152 1249.0459999999998 1049 302 10127
4492 -1506.3670000005511 -1482.265000000014 1254.125 1011 1304 10127
4493 -510.25 -893.6130000000121 1235.149 1082 1304 10127
4494 -2012.4780000001192 -621.969000000041 1263.925 1085 1304 10127
4495 -1511.7420000005511 -902.3300000000744 1253.778 1047 1304 10127
4496 -509.5030000004917 -322.65500000002794 1234.0179999999998 1083 1304 10127
4497 -2007.847000000067 -1197.4450000000652 1264.25 1024 1304 10127
4498 -1014.242999999784 -610.4280000000726 1244.177 1081 1304 10127
11515 -1506.3670000005511 -1482.265000000014 1254.125 1011 80 10129
11516 -1045.538999999873 2278.216999999946 1259.791 1033 80 10129
11517 -1524.140000000596 254.3159999999916 1252.903 1078 80 10129
11518 -2012.4780000001192 -621.969000000041 1263.925 1085 80 10129
11519 -1539.7599999997765 1407.1329999999143 1257.174 1019 80 10129
1156 -2020.589999999851 -43.46200000005774 1264.2869999999998 1073 90 10128
1157 -1511.7420000005511 -902.3300000000744 1253.778 1047 90 10128
1158 -1524.140000000596 254.3159999999916 1252.903 1078 90 10128
1159 -509.5030000004917 -322.65500000002794 1234.0179999999998 1083 90 10128
1160 474.38200000021607 274.66599999996834 1221.3449999999998 1093 90 10128
1161 -27.98699999973178 553.5019999999786 1234.04 1089 90 10128
11258 -1506.3670000005511 -1482.265000000014 1254.125 1011 526 10129
11259 1467.9160000002012 280.1749999999301 1208.105 1023 526 10129
11260 474.38200000021607 274.66599999996834 1221.3449999999998 1093 526 10129
11261 469.7309999996796 846.3469999999506 1230.58 1051 526 10129
11262 444.6119999997318 2003.2029999999795 1238.5739999999998 109 526 10129
11743 -1506.3670000005511 -1482.265000000014 1254.125 1011 231 10129
11744 -2028.7960000000887 535.5949999999721 1262.832 1014 231 10129
11745 437.0019999993965 3738.671999999904 1245.135 1056 231 10129
11746 -35.40500000026077 1130.966999999946 1238.332 1037 231 10129
11747 -48.20200000051409 2867.2759999999544 1248.984 1055 231 10129
11748 -538.3780000004917 1416.546999999904 1247.887 1077 231 10129
11749 -27.98699999973178 553.5019999999786 1234.04 1089 231 10129
11750 -529.4869999997318 837.1829999999609 1242.322 1066 231 10129
340 986.3269999995828 -587.9189999999944 1209.375 1038 122 10127
341 1481.4179999995977 -293.40500000002794 1205.895 1016 122 10127
342 474.38200000021607 274.66599999996834 1221.3449999999998 1093 122 10127
343 484.1839999994263 -303.8570000000764 1217.298 1058 122 10127
344 972.4619999993593 566.2379999998957 1218.321 1054 122 10127
345 977.8420000001788 -9.980000000097789 1213.667 1065 122 10127
370 -1543.6840000003576 1981.0089999999616 1264.861 1034 153 10127
371 -2535.911000000313 1976.0909999998985 1278.6799999999998 1017 153 10127
372 -1045.538999999873 2278.216999999946 1259.791 1033 153 10127
373 -2041.140000000596 1689.5379999999425 1268.851 1071 153 10127
374 -1539.7599999997765 1407.1329999999143 1257.174 1019 153 10127
375 -1035.6850000005215 1704.5509999999776 1256.025 1042 153 10127
376 -541.8650000002235 1996.8339999999152 1249.0459999999998 1049 153 10127
509 1481.4179999995977 -293.40500000002794 1205.895 1016 183 10127
510 -538.3780000004917 1416.546999999904 1247.887 1077 183 10127
511 -2535.911000000313 1976.0909999998985 1278.6799999999998 1017 183 10127
512 -2041.140000000596 1689.5379999999425 1268.851 1071 183 10127
513 492.0300000002608 -882.9679999999935 1217.495 1092 183 10127
514 484.1839999994263 -303.8570000000764 1217.298 1058 183 10127
515 474.38200000021607 274.66599999996834 1221.3449999999998 1093 183 10127
8460 -2537.640000000596 827.0079999999143 1275.3639999999998 1022 270 10128
8461 1467.9160000002012 280.1749999999301 1208.105 1023 270 10128
8462 -522.7599999997765 265.7259999999078 1238.422 1029 270 10128
8463 -1054.7319999998435 2853.487999999896 1260.636 103 270 10128
8464 -1045.538999999873 2278.216999999946 1259.791 1033 270 10128
8465 -1035.6850000005215 1704.5509999999776 1256.025 1042 270 10128
8466 469.7309999996796 846.3469999999506 1230.58 1051 270 10128
8467 972.4619999993593 566.2379999998957 1218.321 1054 270 10128
8468 437.0019999993965 3738.671999999904 1245.135 1056 270 10128
8469 977.8420000001788 -9.980000000097789 1213.667 1065 270 10128
8470 964.9469999996944 1142.496999999974 1222.8249999999998 1075 270 10128
8471 492.0300000002608 -882.9679999999935 1217.495 1092 270 10128
8472 474.38200000021607 274.66599999996834 1221.3449999999998 1093 270 10128
8673 1471.8429999994114 861.0229999999283 1214.737 1043 569 10128
8674 474.38200000021607 274.66599999996834 1221.3449999999998 1093 569 10128
8675 -15.268000000156462 -601.1300000000047 1226.0069999999998 1046 569 10128
8676 -510.25 -893.6130000000121 1235.149 1082 569 10128
8677 977.8420000001788 -9.980000000097789 1213.667 1065 569 10128
8678 -509.5030000004917 -322.65500000002794 1234.0179999999998 1083 569 10128
8679 -1562.2939999997616 3703.383999999962 1276.294 1018 569 10128
8680 -4.175999999977648 -1747.905000000028 1224.793 1045 569 10128
8681 484.1839999994263 -303.8570000000764 1217.298 1058 569 10128
8682 993.3199999993668 -1163.9750000000931 1209.6989999999998 1090 569 10128
8683 964.9469999996944 1142.496999999974 1222.8249999999998 1075 569 10128
8684 -35.40500000026077 1130.966999999946 1238.332 1037 569 10128
8685 1467.9160000002012 280.1749999999301 1208.105 1023 569 10128
8686 -529.4869999997318 837.1829999999609 1242.322 1066 569 10128
8687 -1035.6850000005215 1704.5509999999776 1256.025 1042 569 10128
8688 -522.7599999997765 265.7259999999078 1238.422 1029 569 10128
2668 977.8420000001788 -9.980000000097789 1213.667 1065 1186 10128
2669 -509.5030000004917 -322.65500000002794 1234.0179999999998 1083 1186 10128
2670 -507.1630000006408 -1468.0730000000913 1234.283 1076 1186 10128
2671 -41.963000000454485 1709.2649999998976 1243.9689999999998 1072 1186 10128
2672 1455.8789999997243 2018.9719999999504 1223.011 1040 1186 10128
11030 1481.4179999995977 -293.40500000002794 1205.895 1016 1844 10129
11031 -1562.2939999997616 3703.383999999962 1276.294 1018 1844 10129
11032 1467.9160000002012 280.1749999999301 1208.105 1023 1844 10129
11033 -1054.7319999998435 2853.487999999896 1260.636 103 1844 10129
11034 986.3269999995828 -587.9189999999944 1209.375 1038 1844 10129
11035 1455.8789999997243 2018.9719999999504 1223.011 1040 1844 10129
11036 960.2060000002384 1723.2639999999665 1230.679 1048 1844 10129
11037 463.3509999997914 1426.0669999999227 1235.028 1052 1844 10129
11038 972.4619999993593 566.2379999998957 1218.321 1054 1844 10129
11039 -48.20200000051409 2867.2759999999544 1248.984 1055 1844 10129
11040 437.0019999993965 3738.671999999904 1245.135 1056 1844 10129
11041 484.1839999994263 -303.8570000000764 1217.298 1058 1844 10129
11042 977.8420000001788 -9.980000000097789 1213.667 1065 1844 10129
11043 964.9469999996944 1142.496999999974 1222.8249999999998 1075 1844 10129
11044 -509.5030000004917 -322.65500000002794 1234.0179999999998 1083 1844 10129
11045 -1072.5870000002906 4585.45299999998 1270.16 1086 1844 10129
11046 993.3199999993668 -1163.9750000000931 1209.6989999999998 1090 1844 10129
11047 492.0300000002608 -882.9679999999935 1217.495 1092 1844 10129
11048 474.38200000021607 274.66599999996834 1221.3449999999998 1093 1844 10129
11049 -507.1630000006408 -1468.0730000000913 1234.283 1076 1844 10129
11050 -1524.140000000596 254.3159999999916 1252.903 1078 1844 10129
11051 -35.40500000026077 1130.966999999946 1238.332 1037 1844 10129
11052 -1009.5490000005811 -1187.7300000000978 1244.3159999999998 1012 1844 10129
1602 948.9840000001714 2880.2099999999627 1237.374 1010 22 10130
1603 -2535.911000000313 1976.0909999998985 1278.6799999999998 1017 22 10130
1604 -1539.7599999997765 1407.1329999999143 1257.174 1019 22 10130
1605 -2537.640000000596 827.0079999999143 1275.3639999999998 1022 22 10130
1606 -1054.7319999998435 2853.487999999896 1260.636 103 22 10130
1607 -1543.6840000003576 1981.0089999999616 1264.861 1034 22 10130
1608 -1035.6850000005215 1704.5509999999776 1256.025 1042 22 10130
1609 -541.8650000002235 1996.8339999999152 1249.0459999999998 1049 22 10130
1610 -48.20200000051409 2867.2759999999544 1248.984 1055 22 10130
1611 -41.963000000454485 1709.2649999998976 1243.9689999999998 1072 22 10130
1612 -1035.1069999998435 1124.6539999999804 1247.897 1074 22 10130
1613 -538.3780000004917 1416.546999999904 1247.887 1077 22 10130
986 -27.98699999973178 553.5019999999786 1234.04 1089 179 10130
987 993.3199999993668 -1163.9750000000931 1209.6989999999998 1090 179 10130
988 496.6019999999553 -1459.8250000000698 1216.701 1084 179 10130
989 -4.175999999977648 -1747.905000000028 1224.793 1045 179 10130
990 948.9840000001714 2880.2099999999627 1237.374 1010 179 10130
991 469.7309999996796 846.3469999999506 1230.58 1051 179 10130
992 977.8420000001788 -9.980000000097789 1213.667 1065 179 10130
993 960.2060000002384 1723.2639999999665 1230.679 1048 179 10130
1277 1455.8789999997243 2018.9719999999504 1223.011 1040 635 10130
1278 -1506.3670000005511 -1482.265000000014 1254.125 1011 635 10130
1279 -35.40500000026077 1130.966999999946 1238.332 1037 635 10130
1280 -529.4869999997318 837.1829999999609 1242.322 1066 635 10130
1281 -1009.5490000005811 -1187.7300000000978 1244.3159999999998 1012 635 10130
1282 463.3509999997914 1426.0669999999227 1235.028 1052 635 10130
1283 -522.7599999997765 265.7259999999078 1238.422 1029 635 10130
1614 474.38200000021607 274.66599999996834 1221.3449999999998 1093 206 10130
1615 993.3199999993668 -1163.9750000000931 1209.6989999999998 1090 206 10130
1616 972.4619999993593 566.2379999998957 1218.321 1054 206 10130
1617 986.3269999995828 -587.9189999999944 1209.375 1038 206 10130
1618 1481.4179999995977 -293.40500000002794 1205.895 1016 206 10130
1619 484.1839999994263 -303.8570000000764 1217.298 1058 206 10130
1620 977.8420000001788 -9.980000000097789 1213.667 1065 206 10130
1621 964.9469999996944 1142.496999999974 1222.8249999999998 1075 206 10130
532 492.0300000002608 -882.9679999999935 1217.495 1092 133 10129
533 993.3199999993668 -1163.9750000000931 1209.6989999999998 1090 133 10129
534 -4.175999999977648 -1747.905000000028 1224.793 1045 133 10129
535 972.4619999993593 566.2379999998957 1218.321 1054 133 10129
536 474.38200000021607 274.66599999996834 1221.3449999999998 1093 133 10129
537 -522.7599999997765 265.7259999999078 1238.422 1029 133 10129
538 1481.4179999995977 -293.40500000002794 1205.895 1016 133 10129
4107 -1511.7420000005511 -902.3300000000744 1253.778 1047 341 10130
4108 -1506.3670000005511 -1482.265000000014 1254.125 1011 341 10130
4109 977.8420000001788 -9.980000000097789 1213.667 1065 341 10130
4110 469.7309999996796 846.3469999999506 1230.58 1051 341 10130
4111 -15.268000000156462 -601.1300000000047 1226.0069999999998 1046 341 10130
4215 1481.4179999995977 -293.40500000002794 1205.895 1016 162 10130
4216 -1009.5490000005811 -1187.7300000000978 1244.3159999999998 1012 162 10130
4217 484.1839999994263 -303.8570000000764 1217.298 1058 162 10130
4218 -1511.7420000005511 -902.3300000000744 1253.778 1047 162 10130
4219 -15.268000000156462 -601.1300000000047 1226.0069999999998 1046 162 10130
4220 986.3269999995828 -587.9189999999944 1209.375 1038 162 10130
4221 977.8420000001788 -9.980000000097789 1213.667 1065 162 10130
4222 -1014.242999999784 -610.4280000000726 1244.177 1081 162 10130
4223 -2007.847000000067 -1197.4450000000652 1264.25 1024 162 10130
4224 496.6019999999553 -1459.8250000000698 1216.701 1084 162 10130
4225 492.0300000002608 -882.9679999999935 1217.495 1092 162 10130
4226 -9.339000000618398 -1176.4970000000903 1225.813 1013 162 10130
4227 -2012.4780000001192 -621.969000000041 1263.925 1085 162 10130
4228 -510.25 -893.6130000000121 1235.149 1082 162 10130
4615 -27.98699999973178 553.5019999999786 1234.04 1089 338 10130
4616 463.3509999997914 1426.0669999999227 1235.028 1052 338 10130
4617 1481.4179999995977 -293.40500000002794 1205.895 1016 338 10130
4618 964.9469999996944 1142.496999999974 1222.8249999999998 1075 338 10130
4619 -1054.7319999998435 2853.487999999896 1260.636 103 338 10130
4620 474.38200000021607 274.66599999996834 1221.3449999999998 1093 338 10130
4621 -35.40500000026077 1130.966999999946 1238.332 1037 338 10130
4622 469.7309999996796 846.3469999999506 1230.58 1051 338 10130
4623 986.3269999995828 -587.9189999999944 1209.375 1038 338 10130
4624 -541.8650000002235 1996.8339999999152 1249.0459999999998 1049 338 10130
4625 -538.3780000004917 1416.546999999904 1247.887 1077 338 10130
4626 972.4619999993593 566.2379999998957 1218.321 1054 338 10130
4627 977.8420000001788 -9.980000000097789 1213.667 1065 338 10130
4628 484.1839999994263 -303.8570000000764 1217.298 1058 338 10130
487 -1506.3670000005511 -1482.265000000014 1254.125 1011 308 10130
488 -2028.7960000000887 535.5949999999721 1262.832 1014 308 10130
489 -1543.6840000003576 1981.0089999999616 1264.861 1034 308 10130
490 -2537.640000000596 827.0079999999143 1275.3639999999998 1022 308 10130
491 -2523.9150000000373 246.36899999994785 1274.271 1091 308 10130
492 -27.98699999973178 553.5019999999786 1234.04 1089 308 10130
5920 484.1839999994263 -303.8570000000764 1217.298 1058 305 10130
5921 993.3199999993668 -1163.9750000000931 1209.6989999999998 1090 305 10130
5922 496.6019999999553 -1459.8250000000698 1216.701 1084 305 10130
5923 -9.339000000618398 -1176.4970000000903 1225.813 1013 305 10130
5924 -15.268000000156462 -601.1300000000047 1226.0069999999998 1046 305 10130
5925 -510.25 -893.6130000000121 1235.149 1082 305 10130
5926 492.0300000002608 -882.9679999999935 1217.495 1092 305 10130
5927 986.3269999995828 -587.9189999999944 1209.375 1038 305 10130
5928 -1014.242999999784 -610.4280000000726 1244.177 1081 305 10130
1988 -1506.3670000005511 -1482.265000000014 1254.125 1011 904 10129
1989 -510.25 -893.6130000000121 1235.149 1082 904 10129
1990 -1511.7420000005511 -902.3300000000744 1253.778 1047 904 10129
1991 -2537.640000000596 827.0079999999143 1275.3639999999998 1022 904 10129
1992 964.9469999996944 1142.496999999974 1222.8249999999998 1075 904 10129
1993 -2020.589999999851 -43.46200000005774 1264.2869999999998 1073 904 10129
398 972.4619999993593 566.2379999998957 1218.321 1054 451 10129
399 -35.40500000026077 1130.966999999946 1238.332 1037 451 10129
400 -9.339000000618398 -1176.4970000000903 1225.813 1013 451 10129
401 -27.98699999973178 553.5019999999786 1234.04 1089 451 10129
402 -1506.3670000005511 -1482.265000000014 1254.125 1011 451 10129
2177 -2537.640000000596 827.0079999999143 1275.3639999999998 1022 291 10129
2178 986.3269999995828 -587.9189999999944 1209.375 1038 291 10129
2179 1471.8429999994114 861.0229999999283 1214.737 1043 291 10129
2180 -529.4869999997318 837.1829999999609 1242.322 1066 291 10129
2181 -2523.9150000000373 246.36899999994785 1274.271 1091 291 10129
2182 -541.8650000002235 1996.8339999999152 1249.0459999999998 1049 291 10129
2183 -27.98699999973178 553.5019999999786 1234.04 1089 291 10129
2184 -1035.1069999998435 1124.6539999999804 1247.897 1074 291 10129
2185 463.3509999997914 1426.0669999999227 1235.028 1052 291 10129
2204 -1035.1069999998435 1124.6539999999804 1247.897 1074 120 10129
2205 -522.7599999997765 265.7259999999078 1238.422 1029 120 10129
2206 -510.25 -893.6130000000121 1235.149 1082 120 10129
2207 -529.4869999997318 837.1829999999609 1242.322 1066 120 10129
2208 993.3199999993668 -1163.9750000000931 1209.6989999999998 1090 120 10129
2209 -1539.7599999997765 1407.1329999999143 1257.174 1019 120 10129
2210 -509.5030000004917 -322.65500000002794 1234.0179999999998 1083 120 10129
2211 -27.98699999973178 553.5019999999786 1234.04 1089 120 10129
2212 -9.339000000618398 -1176.4970000000903 1225.813 1013 120 10129
2213 496.6019999999553 -1459.8250000000698 1216.701 1084 120 10129
2214 -510.25 -893.6130000000121 1235.149 1082 150 10129
2215 977.8420000001788 -9.980000000097789 1213.667 1065 150 10129
2216 -1506.3670000005511 -1482.265000000014 1254.125 1011 150 10129
2217 -1009.5490000005811 -1187.7300000000978 1244.3159999999998 1012 150 10129
2218 972.4619999993593 566.2379999998957 1218.321 1054 150 10129
2219 -9.339000000618398 -1176.4970000000903 1225.813 1013 150 10129
2220 492.0300000002608 -882.9679999999935 1217.495 1092 150 10129
2221 986.3269999995828 -587.9189999999944 1209.375 1038 150 10129
2222 -4.175999999977648 -1747.905000000028 1224.793 1045 150 10129
2223 496.6019999999553 -1459.8250000000698 1216.701 1084 150 10129
2319 -48.20200000051409 2867.2759999999544 1248.984 1055 234 10129
2320 -2041.140000000596 1689.5379999999425 1268.851 1071 234 10129
2321 -1045.538999999873 2278.216999999946 1259.791 1033 234 10129
2322 -1539.7599999997765 1407.1329999999143 1257.174 1019 234 10129
2323 -541.8650000002235 1996.8339999999152 1249.0459999999998 1049 234 10129
2324 -1054.7319999998435 2853.487999999896 1260.636 103 234 10129
2325 -1543.6840000003576 1981.0089999999616 1264.861 1034 234 10129
2326 -1035.6850000005215 1704.5509999999776 1256.025 1042 234 10129
2327 -2535.911000000313 1976.0909999998985 1278.6799999999998 1017 234 10129
2550 -2523.9150000000373 246.36899999994785 1274.271 1091 145 10129
2551 -1014.242999999784 -610.4280000000726 1244.177 1081 145 10129
2552 -1511.7420000005511 -902.3300000000744 1253.778 1047 145 10129
2553 444.6119999997318 2003.2029999999795 1238.5739999999998 109 145 10129
2554 -2041.140000000596 1689.5379999999425 1268.851 1071 145 10129
2555 -2515.0159999998286 -337.16800000006333 1274.995 1094 145 10129
2556 -1524.140000000596 254.3159999999916 1252.903 1078 145 10129
2557 -4.175999999977648 -1747.905000000028 1224.793 1045 145 10129
2558 -1539.7599999997765 1407.1329999999143 1257.174 1019 145 10129
2559 -529.4869999997318 837.1829999999609 1242.322 1066 145 10129
2560 -507.1630000006408 -1468.0730000000913 1234.283 1076 145 10129
5689 -1009.5490000005811 -1187.7300000000978 1244.3159999999998 1012 288 10126
5690 -2028.7960000000887 535.5949999999721 1262.832 1014 288 10126
5691 -1517.6630000006407 -326.954000000027 1253.732 1020 288 10126
5692 -1506.3670000005511 -1482.265000000014 1254.125 1011 288 10126
5693 -1539.7599999997765 1407.1329999999143 1257.174 1019 288 10126
2159 -2028.7960000000887 535.5949999999721 1262.832 1014 479 10126
2160 -1517.6630000006407 -326.954000000027 1253.732 1020 479 10126
2161 -1539.7599999997765 1407.1329999999143 1257.174 1019 479 10126
2162 -1009.5490000005811 -1187.7300000000978 1244.3159999999998 1012 479 10126
2163 -1506.3670000005511 -1482.265000000014 1254.125 1011 479 10126
5567 -1539.7599999997765 1407.1329999999143 1257.174 1019 649 10126
5568 -1517.6630000006407 -326.954000000027 1253.732 1020 649 10126
5569 -1009.5490000005811 -1187.7300000000978 1244.3159999999998 1012 649 10126
5570 -1506.3670000005511 -1482.265000000014 1254.125 1011 649 10126
5571 -2028.7960000000887 535.5949999999721 1262.832 1014 649 10126
