10127361913 GP80_20250711_191026_RUN10127_CD_20dB-GP65-Y2float-60DUs-CD-100000-3619.root 10127 3619 13
10127361917 GP80_20250711_191026_RUN10127_CD_20dB-GP65-Y2float-60DUs-CD-100000-3619.root 10127 3619 17
10127362318 GP80_20250711_194243_RUN10127_CD_20dB-GP65-Y2float-60DUs-CD-100000-3623.root 10127 3623 18
10127362942 GP80_20250711_214702_RUN10127_CD_20dB-GP65-Y2float-60DUs-CD-100000-3629.root 10127 3629 42
10127366265 GP80_20250712_220333_RUN10127_CD_20dB-GP65-Y2float-60DUs-CD-100000-3662.root 10127 3662 65
101272751129 GP80_20250711_100455_RUN10127_CD_20dB-GP65-Y2float-60DUs-CD-100000-2751.root 10127 2751 129
101273297557 GP80_20250711_121730_RUN10127_CD_20dB-GP65-Y2float-60DUs-CD-100000-3297.root 10127 3297 557
101273392493 GP80_20250711_124043_RUN10127_CD_20dB-GP65-Y2float-60DUs-CD-100000-3392.root 10127 3392 493
101273630196 GP80_20250711_224114_RUN10127_CD_20dB-GP65-Y2float-60DUs-CD-100000-3630.root 10127 3630 196
1012736122087 GP80_20250711_133754_RUN10127_CD_20dB-GP65-Y2float-60DUs-CD-100000-3612.root 10127 3612 2087
10127128093 GP80_20250710_204049_RUN10127_CD_20dB-GP65-Y2float-60DUs-CD-100000-1280.root 10127 1280 93
10127128176 GP80_20250710_215722_RUN10127_CD_20dB-GP65-Y2float-60DUs-CD-100000-1281.root 10127 1281 76
101271171367 GP80_20250710_123448_RUN10127_CD_20dB-GP65-Y2float-60DUs-CD-100000-1171.root 10127 1171 367
101271279517 GP80_20250710_133612_RUN10127_CD_20dB-GP65-Y2float-60DUs-CD-100000-1279.root 10127 1279 517
101271279523 GP80_20250710_133612_RUN10127_CD_20dB-GP65-Y2float-60DUs-CD-100000-1279.root 10127 1279 523
101271339150 GP80_20250711_035953_RUN10127_CD_20dB-GP65-Y2float-60DUs-CD-100000-1339.root 10127 1339 150
101271403127 GP80_20250711_044745_RUN10127_CD_20dB-GP65-Y2float-60DUs-CD-100000-1403.root 10127 1403 127
101271830322 GP80_20250711_070707_RUN10127_CD_20dB-GP65-Y2float-60DUs-CD-100000-1830.root 10127 1830 322
101271840677 GP80_20250711_070742_RUN10127_CD_20dB-GP65-Y2float-60DUs-CD-100000-1840.root 10127 1840 677
101272056444 GP80_20250711_074031_RUN10127_CD_20dB-GP65-Y2float-60DUs-CD-100000-2056.root 10127 2056 444
1012718378 GP80_20250709_224105_RUN10127_CD_20dB-GP65-Y2float-60DUs-CD-100000-18.root 10127 18 378
10127652302 GP80_20250710_101204_RUN10127_CD_20dB-GP65-Y2float-60DUs-CD-100000-652.root 10127 652 302
10127901304 GP80_20250710_064305_RUN10127_CD_20dB-GP65-Y2float-60DUs-CD-100000-90.root 10127 90 1304
10129680 GP80_20250716_081004_RUN10129_CD_20dB-GP65-Y2float-60DUs-CD-100000-6.root 10129 6 80
101285790 GP80_20250713_222842_RUN10128_CD_20dB-GP65-Y2float-60DUs-CD-100000-57.root 10128 57 90
101291526 GP80_20250716_044458_RUN10129_CD_20dB-GP65-Y2float-60DUs-CD-100000-1.root 10129 1 526
101299231 GP80_20250716_091554_RUN10129_CD_20dB-GP65-Y2float-60DUs-CD-100000-9.root 10129 9 231
101273683122 GP80_20250712_230449_RUN10127_CD_20dB-GP65-Y2float-60DUs-CD-100000-3683.root 10127 3683 122
101273683153 GP80_20250712_230449_RUN10127_CD_20dB-GP65-Y2float-60DUs-CD-100000-3683.root 10127 3683 153
101273683183 GP80_20250712_230449_RUN10127_CD_20dB-GP65-Y2float-60DUs-CD-100000-3683.root 10127 3683 183
101281340270 GP80_20250714_114856_RUN10128_CD_20dB-GP65-Y2float-60DUs-CD-100000-1340.root 10128 1340 270
101281373569 GP80_20250714_122539_RUN10128_CD_20dB-GP65-Y2float-60DUs-CD-100000-1373.root 10128 1373 569
101282881186 GP80_20250714_022455_RUN10128_CD_20dB-GP65-Y2float-60DUs-CD-100000-288.root 10128 288 1186
101291671844 GP80_20250715_123420_RUN10129_CD_20dB-GP65-Y2float-60DUs-CD-100000-167.root 10129 167 1844
10130622 GP80_20250722_203345_RUN10130_CD_20dB-GP65-Y2float-60DUs-CD-100000-6.root 10130 6 22
101301179 GP80_20250722_092625_RUN10130_CD_20dB-GP65-Y2float-60DUs-CD-100000-1.root 10130 1 179
101303635 GP80_20250722_100213_RUN10130_CD_20dB-GP65-Y2float-60DUs-CD-100000-3.root 10130 3 635
101306206 GP80_20250722_203345_RUN10130_CD_20dB-GP65-Y2float-60DUs-CD-100000-6.root 10130 6 206
1012914133 GP80_20250721_142923_RUN10129_CD_20dB-GP65-Y2float-60DUs-CD-100000-14.root 10129 14 133
1013025341 GP80_20250725_085853_RUN10130_CD_20dB-GP65-Y2float-60DUs-CD-100000-25.root 10130 25 341
1013030162 GP80_20250726_002436_RUN10130_CD_20dB-GP65-Y2float-60DUs-CD-100000-30.root 10130 30 162
1013032338 GP80_20250726_020254_RUN10130_CD_20dB-GP65-Y2float-60DUs-CD-100000-32.root 10130 32 338
1013055308 GP80_20250727_081600_RUN10130_CD_20dB-GP65-Y2float-60DUs-CD-100000-55.root 10130 55 308
10130101305 GP80_20250730_004225_RUN10130_CD_20dB-GP65-Y2float-60DUs-CD-100000-101.root 10130 101 305
1012919904 GP80_20250718_122043_RUN10129_CD_20dB-GP65-Y2float-60DUs-CD-100000-19.root 10129 19 904
1012922451 GP80_20250716_131738_RUN10129_CD_20dB-GP65-Y2float-60DUs-CD-100000-22.root 10129 22 451
1012931291 GP80_20250718_211207_RUN10129_CD_20dB-GP65-Y2float-60DUs-CD-100000-31.root 10129 31 291
1012934120 GP80_20250718_220951_RUN10129_CD_20dB-GP65-Y2float-60DUs-CD-100000-34.root 10129 34 120
1012934150 GP80_20250718_220951_RUN10129_CD_20dB-GP65-Y2float-60DUs-CD-100000-34.root 10129 34 150
1012937234 GP80_20250718_230956_RUN10129_CD_20dB-GP65-Y2float-60DUs-CD-100000-37.root 10129 37 234
1012938145 GP80_20250719_002630_RUN10129_CD_20dB-GP65-Y2float-60DUs-CD-100000-38.root 10129 38 145
1012617288 GP80_20250707_104424_RUN10126_CD_20dB-GP65-Y2float-10dus-TESTRUN-CD-100000-17.root 10126 17 288
10126432479 GP80_20250707_065719_RUN10126_CD_20dB-GP65-Y2float-10dus-TESTRUN-CD-100000-432.root 10126 432 479
101261637649 GP80_20250707_103618_RUN10126_CD_20dB-GP65-Y2float-10dus-TESTRUN-CD-100000-1637.root 10126 1637 649
