11677 10127361913 1.947e-06 117.9266521595608 13 10127
11678 10127361913 6.663e-06 151.45244095973322 13 10127
11679 10127361913 2.713e-06 130.69984721298238 13 10127
11680 10127361913 1.3292e-05 133.5413374705105 13 10127
11681 10127361913 1.015e-05 116.36253526005412 13 10127
11682 10127361913 1.0719e-05 116.2959991913598 13 10127
11683 10127361913 9.443e-06 106.39294780439704 13 10127
11684 10127361913 7.73e-06 135.07219267240086 13 10127
11685 10127361913 2.189e-06 143.03713437863746 13 10127
11686 10127361913 1.2003e-05 116.45222177168206 13 10127
11687 10127361913 2.565e-06 114.670140951924 13 10127
11688 10127361913 3.8400000000000005e-06 133.2585898471608 13 10127
11689 10127361913 8.288000000000001e-06 169.64102687713137 13 10127
11690 10127361913 1.2752e-05 133.6370428358183 13 10127
11691 10127361913 1.661e-06 110.45349868875034 13 10127
11692 10127361913 6.296e-06 141.92944728847837 13 10127
11693 10127361913 3.28e-07 181.2522914013848 13 10127
11694 10127361917 7.792000000000001e-06 126.656610313728 17 10127
11695 10127361917 5.959e-06 237.9156138369617 17 10127
11696 10127361917 8.917000000000001e-06 215.07986742837969 17 10127
11697 10127361917 3.380000000000001e-07 252.08009269988128 17 10127
11698 10127361917 1.4790000000000002e-06 205.24828656679404 17 10127
11699 10127361917 2.645e-06 219.23505221488384 17 10127
11700 10127361917 5.22e-06 160.60430837979098 17 10127
11701 10127361917 8.207000000000001e-06 193.05846633073511 17 10127
11702 10127361917 7.0710000000000006e-06 187.36727289686837 17 10127
11703 10127361917 3.3520000000000003e-06 165.22832824978846 17 10127
11704 10127361917 1.1938000000000002e-05 218.6906482206208 17 10127
11705 10127361917 8.270000000000001e-07 133.538837592529 17 10127
11706 10127361917 1.0058e-05 266.1124869014007 17 10127
11948 10127362318 2.436e-06 516.5682710463428 18 10127
11949 10127362318 3.44e-07 499.0556874516843 18 10127
11950 10127362318 6.650000000000001e-07 438.5399222844328 18 10127
11951 10127362318 1.419e-06 193.2007895232626 18 10127
11952 10127362318 4.223e-06 472.5026143630852 18 10127
11953 10127362318 2.12e-06 528.1465341678405 18 10127
12389 10127362942 3.351e-06 95.0484346832876 42 10127
12390 10127362942 6.909e-06 124.84013961099406 42 10127
12391 10127362942 9.942e-06 105.73935433341482 42 10127
12392 10127362942 2.6420000000000003e-06 99.88806676573938 42 10127
12393 10127362942 7.452000000000001e-06 117.64761672079844 42 10127
12394 10127362942 3.863e-06 142.6530581588736 42 10127
12395 10127362942 3.44e-07 126.41764563112424 42 10127
14234 10127366265 1.95e-06 122.68172467440846 65 10127
14235 10127366265 1.362e-06 115.01463527634172 65 10127
14236 10127366265 4.852e-06 99.71470860497088 65 10127
14237 10127366265 5.896e-06 118.13000916122888 65 10127
14238 10127366265 5.36e-07 88.09593194594026 65 10127
14239 10127366265 3.28e-07 94.45366037432264 65 10127
14240 10127366265 4.9900000000000005e-06 107.67816475053752 65 10127
14241 10127366265 2.2200000000000003e-06 101.75804492581612 65 10127
3709 101272751129 7.613000000000001e-06 165.4119477469761 129 10127
3710 101272751129 3.32e-07 151.43106128431026 129 10127
3711 101272751129 6.7430000000000005e-06 173.184777056936 129 10127
3712 101272751129 5.834e-06 159.04874493864375 129 10127
3713 101272751129 2.2310000000000003e-06 133.43914869013872 129 10127
9030 101273297557 3.32e-07 124.86056123395302 557 10127
9031 101273297557 4.029e-06 120.8723220228686 557 10127
9032 101273297557 5.404e-06 129.0658735953789 557 10127
9033 101273297557 7.228e-06 148.9179623556919 557 10127
9034 101273297557 1.627e-06 129.7424930746805 557 10127
9035 101273297557 5.9310000000000005e-06 146.52609393698745 557 10127
9852 101273392493 6.6360000000000005e-06 119.7493652120266 493 10127
9853 101273392493 1.0945e-05 107.73290863987404 493 10127
9854 101273392493 8.662000000000001e-06 118.53483092347632 493 10127
9855 101273392493 4.59e-07 109.87481517793486 493 10127
9856 101273392493 5.3400000000000005e-06 101.88418877059068 493 10127
9857 101273392493 3.34e-07 134.75101580207956 493 10127
9858 101273392493 3.0770000000000004e-06 132.2991251397024 493 10127
12579 101273630196 1.1654e-05 883.5820891261516 196 10127
12580 101273630196 3.34e-07 113.3802188968529 196 10127
12581 101273630196 3.94e-07 86.57280839180483 196 10127
12582 101273630196 3.4830000000000004e-06 110.21408462951942 196 10127
12583 101273630196 6.863e-06 143.71586022208652 196 10127
12584 101273630196 5.123e-06 681.1024690605526 196 10127
12585 101273630196 5.077000000000001e-06 476.668027390568 196 10127
12586 101273630196 1.963e-06 335.6698622532519 196 10127
12587 101273630196 1.1485e-05 928.721987640056 196 10127
12588 101273630196 5.209e-06 359.2997906356449 196 10127
12589 101273630196 8.283e-06 893.704995492637 196 10127
12590 101273630196 1.1535e-05 660.4307478300141 196 10127
12591 101273630196 8.339000000000001e-06 918.8788847933838 196 10127
12592 101273630196 9.994e-06 876.8817854821185 196 10127
12593 101273630196 9.934e-06 828.0980912097084 196 10127
12594 101273630196 3.5950000000000003e-06 488.3579536369276 196 10127
12595 101273630196 8.402e-06 805.298568453951 196 10127
11595 1012736122087 1.941e-06 198.03606811744055 2087 10127
11596 1012736122087 5.351e-06 184.26769486433332 2087 10127
11597 1012736122087 7.497e-06 219.31046420590175 2087 10127
11598 1012736122087 3.32e-07 153.31304241399607 2087 10127
11599 1012736122087 1.2218e-05 222.96689455607407 2087 10127
2147 10127128093 8.083e-06 83.09537705669868 93 10127
2148 10127128093 7.010000000000001e-06 111.0231244301612 93 10127
2149 10127128093 3.089e-06 124.980322303453 93 10127
2150 10127128093 5.964e-06 105.07475430836315 93 10127
2151 10127128093 1.467e-06 134.9519408570386 93 10127
2152 10127128093 5.163e-06 128.75331646973945 93 10127
2153 10127128093 1.1589e-05 138.62482430014995 93 10127
2154 10127128093 1.0771e-05 127.14155352893847 93 10127
2155 10127128093 9.7e-06 124.69060171955304 93 10127
2156 10127128093 1.202e-06 109.22560098311406 93 10127
2157 10127128093 4.090000000000001e-06 116.88037902558732 93 10127
2158 10127128093 2.207e-06 88.28630267299015 93 10127
2159 10127128093 8.876000000000001e-06 123.90924408688684 93 10127
2160 10127128093 3.34e-07 112.00420338540162 93 10127
2161 10127128093 1.3447e-05 123.62824350029548 93 10127
2221 10127128176 3.28e-07 111.18020162712132 76 10127
2222 10127128176 3.4820000000000003e-06 123.45864901641148 76 10127
2223 10127128176 8.092e-06 105.27628109346011 76 10127
2224 10127128176 7.055e-06 88.37804499109834 76 10127
2225 10127128176 4.915e-06 136.07146426402406 76 10127
2226 10127128176 9.826e-06 161.85224625728873 76 10127
2227 10127128176 1.0193e-05 111.12711451623584 76 10127
1350 101271171367 3.5570000000000004e-06 205.29938738644927 367 10127
1351 101271171367 4.966e-06 105.97145608830036 367 10127
1352 101271171367 5.215e-06 188.36206313743384 367 10127
1353 101271171367 1.944e-06 273.77354774359105 367 10127
1354 101271171367 3.380000000000001e-07 173.95639728197222 367 10127
2075 101271279517 3.58e-07 1052.24730329506 517 10127
2076 101271279517 1.942e-06 1086.0800074853544 517 10127
2077 101271279517 5.407e-06 796.3706957377021 517 10127
2078 101271279517 6.9570000000000005e-06 991.5400894323664 517 10127
2079 101271279517 5.611e-06 128.16978283722614 517 10127
2080 101271279517 3.867e-06 336.34321242818424 517 10127
2081 101271279517 5.900000000000001e-07 143.7509051656991 517 10127
2082 101271279517 7.136000000000001e-06 646.8842898240705 517 10127
2083 101271279517 3.652e-06 871.2560659651848 517 10127
2084 101271279517 8.662000000000001e-06 892.4588730178386 517 10127
2085 101271279517 2.0840000000000003e-06 721.0188070095089 517 10127
2086 101271279517 8.871e-06 245.1374780459335 517 10127
2087 101271279517 5.194000000000001e-06 749.8383596167116 517 10127
2088 101271279523 5.278e-06 136.52137279839116 523 10127
2089 101271279523 2.116e-06 103.26903786262598 523 10127
2090 101271279523 3.4950000000000004e-06 100.73153090284907 523 10127
2091 101271279523 3.1220000000000003e-06 126.28980761543389 523 10127
2092 101271279523 3.380000000000001e-07 114.24598290680044 523 10127
2093 101271279523 1.729e-06 129.89544733771072 523 10127
3313 101271339150 3.400000000000001e-07 111.9697023833034 150 10127
3314 101271339150 2.968e-06 482.233689721071 150 10127
3315 101271339150 6.545e-06 580.1405456411468 150 10127
3316 101271339150 7.511000000000001e-06 491.1505380596645 150 10127
3317 101271339150 5.690000000000001e-06 605.2670118566513 150 10127
3318 101271339150 8.329000000000001e-06 283.79205425500953 150 10127
3319 101271339150 2.13e-06 355.8933685988856 150 10127
4671 101271403127 8.599e-06 124.69286997282364 127 10127
4672 101271403127 2.064e-06 87.90769739748556 127 10127
4673 101271403127 4.5500000000000004e-07 117.05618746451135 127 10127
4674 101271403127 5.317e-06 177.71633662649174 127 10127
4675 101271403127 3.34e-07 146.22868008164784 127 10127
4676 101271403127 3.99e-07 135.20073012159608 127 10127
10219 101271830322 1.0025e-05 78.33440906942141 322 10127
10220 101271830322 4.999e-06 78.36715741456982 322 10127
10221 101271830322 7.88e-07 102.52396981057537 322 10127
10222 101271830322 8.185e-06 81.70467116235743 322 10127
10223 101271830322 3.32e-07 84.55043490412395 322 10127
10322 101271840677 1.1437e-05 590.3068936172799 677 10127
10323 101271840677 3.54e-07 562.3501514212929 677 10127
10324 101271840677 1.0399e-05 473.9508658679422 677 10127
10325 101271840677 3.422e-06 333.3516841820384 677 10127
10326 101271840677 5.239e-06 485.2254962385954 677 10127
10327 101271840677 3.537e-06 584.7275020116186 677 10127
10328 101271840677 8.356000000000001e-06 541.5975032366279 677 10127
10329 101271840677 1.1746e-05 410.3197780316708 677 10127
10330 101271840677 1.3134000000000002e-05 431.8977466918494 677 10127
11703 101272056444 8.525e-06 103.1000965776556 444 10127
11704 101272056444 8.811000000000001e-06 102.25878370304274 444 10127
11705 101272056444 3.8690000000000006e-06 126.62812359125432 444 10127
11706 101272056444 2.184e-06 118.00572277205404 444 10127
11707 101272056444 4.82e-07 144.0270872795871 444 10127
11708 101272056444 2.353e-06 118.56065389142056 444 10127
11709 101272056444 5.4010000000000005e-06 101.93392972586472 444 10127
11710 101272056444 3.58e-07 100.37907450254666 444 10127
11711 101272056444 8.672000000000001e-06 103.75608942426103 444 10127
11712 101272056444 6.6650000000000006e-06 88.62668515726773 444 10127
11713 101272056444 1.008e-05 79.70832363790252 444 10127
3425 1012718378 5.015e-06 163.8931767302613 378 10127
3426 1012718378 3.492e-06 130.36068299729249 378 10127
3427 1012718378 1.878e-06 220.9014955192312 378 10127
3428 1012718378 5.043000000000001e-06 211.7884727619284 378 10127
3429 1012718378 3.462e-06 175.94041054384564 378 10127
3430 1012718378 6.601e-06 212.3778076505969 378 10127
3431 1012718378 3.500000000000001e-07 156.27142794524917 378 10127
6815 10127652302 6.800000000000001e-07 137.5084028215811 302 10127
6816 10127652302 2.047e-06 172.9536771067864 302 10127
6817 10127652302 3.877e-06 151.84955076671082 302 10127
6818 10127652302 6.869000000000001e-06 127.88851256651908 302 10127
6819 10127652302 5.263e-06 134.1590986778825 302 10127
4492 10127901304 4.726e-06 150.70196204998135 1304 10127
4493 10127901304 1.104e-06 149.59533322397814 1304 10127
4494 10127901304 5.013e-06 102.04415629519696 1304 10127
4495 10127901304 3.968e-06 121.87906518790568 1304 10127
4496 10127901304 3.34e-07 96.31444349267817 1304 10127
4497 10127901304 5.779e-06 127.69544898995592 1304 10127
4498 10127901304 2.134e-06 127.2405164027624 1304 10127
11515 10129680 1.1627e-05 180.1761780615845 80 10129
11516 10129680 3.32e-07 167.48799543523003 80 10129
11517 10129680 6.809e-06 188.76625050347585 80 10129
11518 10129680 1.0105e-05 183.145114598262 80 10129
11519 10129680 3.626e-06 144.45307075853162 80 10129
1156 101285790 8.384e-06 108.35928851042644 90 10128
1157 101285790 7.440000000000001e-06 77.74185461419218 90 10128
1158 101285790 6.591e-06 89.07118175455729 90 10128
1159 101285790 3.866e-06 81.64287627082318 90 10128
1160 101285790 3.34e-07 96.05412335324408 90 10128
1161 101285790 1.7050000000000002e-06 64.1213802866269 90 10128
11258 101291526 1.3501000000000002e-05 195.0551964414577 526 10129
11259 101291526 3.312e-06 214.54184618879225 526 10129
11260 101291526 5.083e-06 200.02370941724763 526 10129
11261 101291526 3.498e-06 216.83513843146125 526 10129
11262 101291526 3.380000000000001e-07 194.0768643921168 526 10129
11743 101299231 1.7486e-05 113.04401753143055 231 10129
11744 101299231 1.0883e-05 139.07070054251326 231 10129
11745 101299231 3.500000000000001e-07 119.6897917956074 231 10129
11746 101299231 8.895e-06 141.78123784044138 231 10129
11747 101299231 3.1900000000000004e-06 137.73097285126525 231 10129
11748 101299231 7.946e-06 122.8456811779574 231 10129
11749 101299231 1.0827e-05 130.86363406617164 231 10129
11750 101299231 9.849e-06 141.16595332706424 231 10129
340 101273683122 5.92e-07 175.0682423627568 122 10127
341 101273683122 3.44e-07 151.68046849161917 122 10127
342 101273683122 3.8180000000000005e-06 123.13872296312393 122 10127
343 101273683122 2.3320000000000003e-06 111.01745989601092 122 10127
344 101273683122 3.558e-06 90.30878734093318 122 10127
345 101273683122 2.08e-06 153.28894277744922 122 10127
370 101273683153 3.4890000000000004e-06 127.9902071260502 153 10127
371 101273683153 6.595e-06 106.04581634508595 153 10127
372 101273683153 1.812e-06 123.80637769448263 153 10127
373 101273683153 5.139e-06 117.20626742228804 153 10127
374 101273683153 3.694e-06 106.02531602029484 153 10127
375 101273683153 2.006e-06 120.3391274025346 153 10127
376 101273683153 3.42e-07 109.60827624292692 153 10127
509 101273683183 1.5538e-05 91.22742683462258 183 10127
510 101273683183 6.840000000000001e-06 87.42634199449338 183 10127
511 101273683183 3.260000000000001e-07 103.79784018981104 183 10127
512 101273683183 2.24e-06 74.3674618451398 183 10127
513 101273683183 1.3941e-05 99.35572538063428 183 10127
514 101273683183 1.2794000000000002e-05 93.58877274701972 183 10127
515 101273683183 1.1734e-05 99.27286114664086 183 10127
8460 101281340270 1.0415e-05 126.41723320960403 270 10128
8461 101281340270 1.1758e-05 123.73573696978396 270 10128
8462 101281340270 1.1929e-05 112.51966155806018 270 10128
8463 101281340270 3.4650000000000003e-06 121.87509720149556 270 10128
8464 101281340270 5.378e-06 109.46447082073662 270 10128
8465 101281340270 7.247e-06 109.1691006613597 270 10128
8466 101281340270 9.949e-06 101.72742608946122 270 10128
8467 101281340270 1.0812e-05 117.00119237490168 270 10128
8468 101281340270 3.56e-07 94.1006178200473 270 10128
8469 101281340270 1.2746e-05 102.02992438264909 270 10128
8470 101281340270 8.910000000000001e-06 127.950047520177 270 10128
8471 101281340270 1.5623e-05 143.14234981799214 270 10128
8472 101281340270 1.1816e-05 123.4900080734696 270 10128
8673 101281373569 1.2652e-05 433.77708474499786 569 10128
8674 101281373569 1.3256e-05 445.6882190668175 569 10128
8675 101281373569 1.5380000000000002e-05 410.0292330637986 569 10128
8676 101281373569 1.5717000000000002e-05 446.5378087377024 569 10128
8677 101281373569 1.4754e-05 427.985056791265 569 10128
8678 101281373569 1.3954e-05 449.0017623348151 569 10128
8679 101281373569 3.6000000000000005e-07 455.6942609734658 569 10128
8680 101281373569 1.8927e-05 391.6107661321276 569 10128
8681 101281373569 1.5035e-05 406.32165322400266 569 10128
8682 101281373569 1.8298e-05 504.23675029942086 569 10128
8683 101281373569 1.1157e-05 465.115519559476 569 10128
8684 101281373569 9.985e-06 417.759197605713 569 10128
8685 101281373569 1.4424e-05 504.7124998767392 569 10128
8686 101281373569 1.0331e-05 496.1320564432576 569 10128
8687 101281373569 7.083000000000001e-06 456.2551866850055 569 10128
8688 101281373569 1.2103e-05 421.34075311979433 569 10128
2668 101282881186 6.7430000000000005e-06 323.0650297075548 1186 10128
2669 101282881186 1.0331e-05 335.7199341281113 1186 10128
2670 101282881186 1.3401e-05 343.7406469846143 1186 10128
2671 101282881186 3.988000000000001e-06 292.4864855648227 1186 10128
2672 101282881186 3.42e-07 295.90475844375027 1186 10128
11030 101291671844 1.646e-05 98.20676568700262 1844 10129
11031 101291671844 3.277e-06 156.7857772774068 1844 10129
11032 101291671844 1.4606e-05 116.67430390950004 1844 10129
11033 101291671844 6.057000000000001e-06 142.94677985030273 1844 10129
11034 101291671844 1.7415000000000002e-05 111.3293796755942 1844 10129
11035 101291671844 8.826e-06 130.95295536002453 1844 10129
11036 101291671844 9.766e-06 116.95693302361116 1844 10129
11037 101291671844 1.0716e-05 101.864979741559 1844 10129
11038 101291671844 1.3621e-05 131.43010966989 1844 10129
11039 101291671844 5.9770000000000005e-06 150.45684257699153 1844 10129
11040 101291671844 3.0990000000000003e-06 119.7466196796737 1844 10129
11041 101291671844 1.6472e-05 127.87517499982556 1844 10129
11042 101291671844 1.5531e-05 117.6198294612887 1844 10129
11043 101291671844 1.1698e-05 108.15671449866346 1844 10129
11044 101291671844 1.6538e-05 137.8319008630397 1844 10129
11045 101291671844 3.28e-07 146.3922705037166 1844 10129
11046 101291671844 1.9323e-05 146.76476531019162 1844 10129
11047 101291671844 1.8363e-05 130.60084532805877 1844 10129
11048 101291671844 1.4569e-05 116.6429793696623 1844 10129
11049 101291671844 2.0323e-05 108.3643950730793 1844 10129
11050 101291671844 1.4642e-05 114.217551911187 1844 10129
11051 101291671844 1.1698e-05 115.68701253779815 1844 10129
11052 101291671844 1.9375e-05 134.13773226018844 1844 10129
1602 10130622 3.54e-07 597.1123937894693 22 10130
1603 10130622 1.2199e-05 333.9994792648113 22 10130
1604 10130622 9.585e-06 358.69548879520806 22 10130
1605 10130622 1.3288e-05 280.5609797878329 22 10130
1606 10130622 6.728000000000001e-06 439.7929245862135 22 10130
1607 10130622 9.071e-06 404.15283426209805 22 10130
1608 10130622 7.717e-06 487.53557885145005 22 10130
1609 10130622 5.889000000000001e-06 532.7845349165862 22 10130
1610 10130622 3.515e-06 489.9904627562021 22 10130
1611 10130622 4.59e-06 291.55415356423833 22 10130
1612 10130622 8.262e-06 155.21500567254645 22 10130
1613 10130622 6.436000000000001e-06 192.18814808058335 22 10130
986 101301179 5.500000000000001e-06 131.98920259670157 179 10130
987 101301179 4.062e-06 94.00532987358166 179 10130
988 101301179 2.221e-06 118.64145305890008 179 10130
989 101301179 3.400000000000001e-07 142.13704664567612 179 10130
990 101301179 1.3158e-05 112.458175355142 179 10130
991 101301179 7.360000000000001e-06 115.9925566610484 179 10130
992 101301179 6.657000000000001e-06 110.0093002705368 179 10130
993 101301179 1.0512e-05 122.06281243250524 179 10130
1277 101303635 3.380000000000001e-07 205.27744744844884 635 10130
1278 101303635 1.5320000000000002e-05 187.82763211333813 635 10130
1279 101303635 5.414e-06 204.67637694451048 635 10130
1280 101303635 7.099e-06 195.7335556808696 635 10130
1281 101303635 1.3623000000000002e-05 169.33860522139994 635 10130
1282 101303635 3.713e-06 185.70948576776144 635 10130
1283 101303635 8.7e-06 177.42911806990523 635 10130
1614 101306206 5.132e-06 239.8175864890302 206 10130
1615 101306206 3.54e-07 548.7084590902236 206 10130
1616 101306206 5.526e-06 544.1807004399824 206 10130
1617 101306206 2.064e-06 748.7046079750812 206 10130
1618 101306206 2.481e-06 590.4459474375685 206 10130
1619 101306206 3.401e-06 185.0812943247712 206 10130
1620 101306206 3.799e-06 616.2172411973899 206 10130
1621 101306206 7.242e-06 163.30316838540364 206 10130
532 1012914133 5.21e-06 220.7127460649349 133 10129
533 1012914133 6.023000000000001e-06 203.20576312843733 133 10129
534 1012914133 8.206e-06 185.50757089276544 133 10129
535 1012914133 3.42e-07 205.13403881562868 133 10129
536 1012914133 1.419e-06 214.59407079715916 133 10129
537 1012914133 1.7e-06 168.6695539139242 133 10129
538 1012914133 3.0480000000000003e-06 155.1397932390503 133 10129
4107 1013025341 1.524e-06 314.426310743112 341 10130
4108 1013025341 3.46e-07 324.12106323247923 341 10130
4109 1013025341 9.693e-06 287.47254114282987 341 10130
4110 1013025341 1.0141e-05 247.9356664232741 341 10130
4111 1013025341 5.951e-06 354.5267271792647 341 10130
4215 1013030162 3.400000000000001e-07 139.76550981957377 162 10130
4216 1013030162 8.495e-06 240.5069730853397 162 10130
4217 1013030162 3.5670000000000003e-06 195.59424282065623 162 10130
4218 1013030162 1.0083e-05 194.5729054173508 162 10130
4219 1013030162 5.224e-06 185.4290260491981 162 10130
4220 1013030162 1.9830000000000003e-06 212.06709979470585 162 10130
4221 1013030162 1.93e-06 168.27249791679276 162 10130
4222 1013030162 8.418e-06 195.84867530801452 162 10130
4223 1013030162 1.1732e-05 166.18263566555245 162 10130
4224 1013030162 3.765e-06 90.1891619459447 162 10130
4225 1013030162 3.628e-06 206.48585367739236 162 10130
4226 1013030162 5.332e-06 226.6540091404796 162 10130
4227 1013030162 1.1615e-05 201.02189138057383 162 10130
4228 1013030162 6.859000000000001e-06 204.3708577767841 162 10130
4615 1013032338 5.247e-06 211.19318675747272 338 10130
4616 1013032338 6.715e-06 209.79466829189363 338 10130
4617 1013032338 3.42e-07 191.8429487126377 338 10130
4618 1013032338 5.116000000000001e-06 146.17661629525443 338 10130
4619 1013032338 1.3209e-05 103.7935088445884 338 10130
4620 1013032338 3.624e-06 146.64905573940396 338 10130
4621 1013032338 6.7770000000000005e-06 153.22127789200195 338 10130
4622 1013032338 5.1700000000000005e-06 108.2319473501503 338 10130
4623 1013032338 4.030000000000001e-07 181.7550487053444 338 10130
4624 1013032338 1.0005e-05 215.2113766044613 338 10130
4625 1013032338 8.448000000000001e-06 133.02637415354508 338 10130
4626 1013032338 3.549e-06 161.14687259917437 338 10130
4627 1013032338 1.9820000000000003e-06 208.6132390132672 338 10130
4628 1013032338 2.052e-06 138.13727409540363 338 10130
487 1013055308 1.0119e-05 145.7936584895744 308 10130
488 1013055308 5.256e-06 151.16611939661524 308 10130
489 1013055308 3.500000000000001e-07 176.05132253979843 308 10130
490 1013055308 5.3010000000000006e-06 200.7514422856652 308 10130
491 1013055308 6.905000000000001e-06 155.19602357974884 308 10130
492 1013055308 1.88e-06 184.3151883676214 308 10130
5920 10130101305 3.535e-06 223.15471188969883 305 10130
5921 10130101305 3.380000000000001e-07 547.9169770795457 305 10130
5922 10130101305 8.56e-07 412.39498419557856 305 10130
5923 10130101305 2.6990000000000003e-06 405.1828133274735 305 10130
5924 10130101305 4.008e-06 479.76950694251184 305 10130
5925 10130101305 4.503e-06 332.49702625004403 305 10130
5926 10130101305 2.162e-06 414.7412145369847 305 10130
5927 10130101305 1.687e-06 152.9045446067359 305 10130
5928 10130101305 6.331e-06 250.7308815348724 305 10130
1988 1012919904 3.44e-07 221.7572111081663 904 10129
1989 1012919904 4.1000000000000006e-06 218.72836625595892 904 10129
1990 1012919904 1.67e-06 214.98335331724545 904 10129
1991 1012919904 3.2580000000000004e-06 216.40093527511544 904 10129
1992 1012919904 1.2257e-05 203.77021589513825 904 10129
1993 1012919904 2.4400000000000004e-06 210.57883376475996 904 10129
398 1012922451 7.554000000000001e-06 242.733320371289 451 10129
399 1012922451 4.077e-06 255.47904769551437 451 10129
400 1012922451 5.067e-06 284.273386095922 451 10129
401 1012922451 4.306e-06 234.98712659636888 451 10129
402 1012922451 3.4800000000000005e-07 249.49033225168407 451 10129
2177 1012931291 1.2789e-05 1515.5829511828745 291 10129
2178 1012931291 3.54e-07 977.2100979080247 291 10129
2179 1012931291 8.210000000000001e-07 451.38067028794575 291 10129
2180 1012931291 6.759e-06 923.2379682462048 291 10129
2181 1012931291 1.2002e-05 304.9899952315031 291 10129
2182 1012931291 8.342e-06 372.844165293976 291 10129
2183 1012931291 4.903e-06 1160.432215080096 291 10129
2184 1012931291 8.643e-06 1011.3753842678271 291 10129
2185 1012931291 4.552000000000001e-06 489.02082637763925 291 10129
2204 1012934120 2.004e-06 210.39461066514824 120 10129
2205 1012934120 5.159e-06 236.47602810222088 120 10129
2206 1012934120 8.141e-06 184.46583590819773 120 10129
2207 1012934120 3.688e-06 172.7449339105834 120 10129
2208 1012934120 1.1686e-05 162.7081230519033 120 10129
2209 1012934120 3.32e-07 107.50421788628375 120 10129
2210 1012934120 6.694000000000001e-06 274.52839552612426 120 10129
2211 1012934120 5.3960000000000005e-06 108.82302108215076 120 10129
2212 1012934120 9.826e-06 276.67191681740314 120 10129
2213 1012934120 1.1502e-05 281.521631332948 120 10129
2214 1012934150 7.06e-06 122.5430083931706 150 10129
2215 1012934150 1.566e-06 130.67690157001996 150 10129
2216 1012934150 1.0732e-05 121.99660272258131 150 10129
2217 1012934150 8.873000000000001e-06 120.92807578572028 150 10129
2218 1012934150 3.32e-07 78.9646221826342 150 10129
2219 1012934150 6.5e-06 114.9908422587751 150 10129
2220 1012934150 4.604e-06 134.108303791839 150 10129
2221 1012934150 2.787e-06 117.82823405550572 150 10129
2222 1012934150 7.708e-06 136.91937030068505 150 10129
2223 1012934150 5.886e-06 95.5888084397294 150 10129
2319 1012937234 3.3600000000000004e-07 130.37682324260513 234 10129
2320 1012937234 7.608000000000001e-06 174.2534666790712 234 10129
2321 1012937234 3.99e-06 159.83423316407962 234 10129
2322 1012937234 6.608e-06 109.70950263158744 234 10129
2323 1012937234 2.9700000000000004e-06 138.66335490218032 234 10129
2324 1012937234 3.216e-06 120.9806993083278 234 10129
2325 1012937234 5.823e-06 153.1599104584772 234 10129
2326 1012937234 4.774e-06 151.4660601804592 234 10129
2327 1012937234 8.638000000000001e-06 133.17005589592753 234 10129
2550 1012938145 1.0512e-05 139.1983269945106 145 10129
2551 1012938145 1.0196e-05 246.79182646120088 145 10129
2552 1012938145 1.1885e-05 200.916920355589 145 10129
2553 1012938145 3.720000000000001e-07 258.3288685206035 145 10129
2554 1012938145 5.574e-06 161.09193270181157 145 10129
2555 1012938145 1.2048e-05 210.384418437028 145 10129
2556 1012938145 8.721e-06 206.38394601119617 145 10129
2557 1012938145 1.1724e-05 250.42277226729556 145 10129
2558 1012938145 5.468e-06 162.64687914851936 145 10129
2559 1012938145 5.286000000000001e-06 211.9425880419008 145 10129
2560 1012938145 1.1766e-05 286.8837735483249 145 10129
5689 1012617288 1.899e-06 147.82671211169225 288 10126
5690 1012617288 6.025000000000001e-06 148.20849282233536 288 10126
5691 1012617288 3.9470000000000005e-06 167.42557562550144 288 10126
5692 1012617288 3.94e-07 174.65580487030743 288 10126
5693 1012617288 9.267e-06 171.49206775655475 288 10126
2159 10126432479 7.086e-06 131.2560611195021 479 10126
2160 10126432479 3.977e-06 101.86177825470708 479 10126
2161 10126432479 9.471e-06 84.92299156564633 479 10126
2162 10126432479 8.750000000000001e-07 108.77962984894006 479 10126
2163 10126432479 3.260000000000001e-07 111.07219749709752 479 10126
5567 101261637649 9.574e-06 124.71212957218437 649 10126
5568 101261637649 4.03e-06 93.15480972524117 649 10126
5569 101261637649 1.002e-06 101.83545684885704 649 10126
5570 101261637649 3.400000000000001e-07 113.55018617864584 649 10126
5571 101261637649 7.072e-06 114.21101901969698 649 10126
