10127361913 17 81.166600 nan 223.817000 280.758038 nan nan
10127361917 13 76.208700 nan 82.751400 88.585762 nan nan
10127362318 6 78.474400 nan 311.291000 66.179013 nan nan
10127362942 7 72.418100 nan 17.261800 16.262708 nan nan
10127366265 8 79.434600 nan 207.965000 101.669320 nan nan
101272751129 5 76.020400 nan 88.662000 39.741191 nan nan
101273297557 6 75.166200 nan 146.081000 24.507008 nan nan
101273392493 7 81.987700 nan 198.066000 32.952838 nan nan
101273630196 17 74.455200 nan 358.705000 105.242674 nan nan
1012736122087 5 80.956900 nan 224.871000 4.504050 nan nan
10127128093 15 77.425900 nan 26.585700 151.484531 nan nan
10127128176 7 74.713800 nan 131.798000 55.141806 nan nan
101271171367 5 61.058000 nan 317.062000 4.764687 nan nan
101271279517 13 80.039300 nan 186.680000 108.035616 nan nan
101271279523 6 74.488000 nan 192.614000 4.149430 nan nan
101271339150 7 67.723100 nan 92.186200 30.242026 nan nan
101271403127 6 78.582900 nan 62.359600 3.240332 nan nan
101271830322 5 82.275400 nan 227.786000 65.287871 nan nan
101271840677 9 78.165700 nan 55.548500 126.504827 nan nan
101272056444 11 77.178000 nan 64.085600 264.446121 nan nan
1012718378 7 68.589500 nan 181.061000 46.621806 nan nan
10127652302 5 64.884900 nan 308.286000 9.786228 nan nan
10127901304 7 71.848000 nan 25.184000 19.719822 nan nan
10129680 5 80.456100 nan 57.955300 1.446320 nan nan
101285790 6 75.487300 nan 13.537800 13.193426 nan nan
101291526 5 82.050900 nan 57.253300 8.148705 nan nan
101299231 8 79.555900 nan 89.750000 87.911971 nan nan
101273683122 6 77.405800 nan 308.483000 0.771720 nan nan
101273683153 7 71.565900 nan 6.709720 10.875916 nan nan
101273683183 7 81.138200 nan 145.802000 80.669339 nan nan
101281340270 13 83.128700 nan 87.873800 540.789614 nan nan
101281373569 16 79.991600 nan 110.810000 256.323494 nan nan
101282881186 5 79.302900 nan 55.266400 36.011823 nan nan
101291671844 23 81.575800 nan 89.933200 495.792634 nan nan
10130622 12 81.295000 nan 16.407900 32.734499 nan nan
101301179 8 82.349000 nan 223.369000 69.867235 nan nan
101303635 7 82.370000 nan 58.318200 5.621578 nan nan
101306206 8 70.105500 nan 287.978000 7.512522 nan nan
1012914133 7 81.406400 nan 85.554000 20.563525 nan nan
1013025341 5 77.668700 nan 218.900000 0.959159 nan nan
1013030162 14 75.317500 nan 3.562480 119.990178 nan nan
1013032338 14 74.255800 nan 302.894000 64.014564 nan nan
1013055308 6 80.925700 nan 59.417200 15.002909 nan nan
10130101305 9 80.099100 nan 315.908000 46.793305 nan nan
1012919904 6 81.939900 nan 224.379000 60.410580 nan nan
1012922451 5 76.450600 nan 173.051000 14.176397 nan nan
1012931291 9 79.815700 nan 336.452000 88.892560 nan nan
1012934120 10 71.630100 nan 126.604000 33.125684 nan nan
1012934150 10 76.765600 nan 42.056200 102.932378 nan nan
1012937234 9 71.612000 nan 26.119100 37.922652 nan nan
1012938145 11 82.248100 nan 58.139600 501.364594 nan nan
1012617288 5 80.832100 nan 249.447000 11.107982 nan nan
10126432479 5 76.930000 nan 283.688000 1.524848 nan nan
101261637649 5 76.331100 nan 280.237000 0.315661 nan nan
