10127361913 17 91.263900 nan -52413.600000 -49558.100000 11598.700000 72895.200000 -70858.100000 81.708100 223.396000
10127361917 13 44.860700 nan 4521.200000 28933.500000 8186.870000 30133.200000 -27971.900000 76.370100 81.118700
10127362318 6 4.028710 nan 15388.400000 -18391.200000 5231.080000 24335.600000 -26260.700000 80.193000 309.920000
10127362942 7 8.918790 nan 38788.800000 12033.200000 14449.100000 42754.400000 -42212.800000 71.786700 17.235100
10127366265 8 20.154300 nan -67134.200000 -33750.600000 11625.200000 75876.100000 -74064.700000 82.015800 206.690000
101272751129 5 20.316600 nan 734.388000 52192.400000 11160.600000 53160.900000 -52676.900000 79.075700 89.193900
101273297557 6 24.259700 nan -94119.500000 63491.800000 31063.900000 117424.000000 -115643.000000 75.208800 145.997000
101273392493 7 11.888400 nan -98951.200000 -32221.700000 16289.600000 105170.000000 -103421.000000 81.688100 198.037000
101273630196 17 65.554800 nan 44357.500000 -784.700000 13834.700000 46159.800000 -45191.700000 73.967300 358.987000
1012736122087 5 3.625470 nan -119277.000000 -116843.000000 27362.300000 169026.000000 -167325.000000 81.056700 224.409000
10127128093 15 83.770300 nan 22497.600000 12557.600000 7012.410000 26437.800000 -24793.000000 77.046300 29.169200
10127128176 7 41.468000 nan -12180.800000 14616.000000 6384.520000 19750.300000 -17919.900000 74.438300 129.807000
101271171367 5 2.155190 nan 25371.700000 -24516.900000 20535.300000 40287.500000 -40097.900000 61.133900 315.982000
101271279517 13 81.207300 nan -24905.000000 -4074.280000 5595.960000 25635.900000 -23940.700000 79.867600 189.291000
101271279523 6 0.547450 nan -34419.000000 -7446.390000 11213.600000 36642.700000 -36697.800000 73.955200 192.208000
101271339150 7 24.169000 nan -1470.500000 32818.000000 14052.000000 35317.200000 -32606.300000 68.461200 92.565600
101271403127 6 2.373960 nan 53021.400000 100587.000000 23915.700000 115975.000000 -114508.000000 78.647200 62.205300
101271830322 5 61.011800 nan -30336.200000 -33854.000000 8107.920000 45996.600000 -44983.400000 81.218800 228.137000
101271840677 9 78.600700 nan 25404.200000 38104.600000 11293.500000 46920.500000 -45038.900000 77.434800 56.308700
101272056444 11 23.969500 nan 19295.500000 39891.100000 11325.900000 45480.500000 -44008.500000 76.988300 64.186700
1012718378 7 42.559100 nan -27058.000000 -1835.550000 11671.600000 29112.900000 -27604.400000 68.678300 183.881000
10127652302 5 7.007540 nan 18453.300000 -21989.000000 15343.400000 32051.700000 -32318.100000 63.587800 310.004000
10127901304 7 18.967900 nan 88166.900000 41199.900000 33686.500000 102633.000000 -103163.000000 71.479800 25.046400
10129680 5 0.107140 nan 78018.200000 126371.000000 24974.800000 150423.000000 -149052.000000 80.862100 58.309800
101285790 6 12.595900 nan 92778.700000 22412.800000 26245.000000 98707.600000 -98172.200000 75.233300 13.580900
101291526 5 0.021939 nan 50693.300000 78501.900000 14068.600000 94344.600000 -92433.600000 82.090600 57.147300
101299231 8 27.633500 nan -800.237000 57820.200000 10754.600000 58628.400000 -54932.400000 80.507800 90.792900
101273683122 6 0.172357 nan 53918.600000 -66759.400000 20288.400000 87936.100000 -86793.700000 77.386800 308.926000
101273683153 7 10.606300 nan 105671.000000 14464.200000 37217.000000 112610.000000 -112834.000000 71.285600 7.794190
101273683183 7 63.179300 nan -28405.800000 19553.400000 6605.520000 34924.000000 -31729.600000 80.906600 145.458000
101281340270 13 88.392900 nan 2042.420000 68335.400000 10754.700000 69046.200000 -65318.600000 81.950300 88.288000
101281373569 16 171.372000 nan -24837.100000 66513.100000 13791.300000 72126.900000 -68161.200000 79.854300 110.476000
101282881186 5 14.259400 nan 29406.800000 42597.800000 10818.400000 52669.200000 -50205.900000 79.351500 55.381300
101291671844 23 191.164000 nan 66.135500 70990.800000 11325.800000 71725.500000 -67182.900000 81.792200 89.946600
10130622 12 22.415500 nan 76745.000000 24867.700000 13707.700000 81654.800000 -79909.800000 81.107900 17.953900
101301179 8 43.803800 nan -104945.000000 -99731.300000 22455.900000 146343.000000 -145147.000000 81.603300 223.541000
101303635 7 3.435180 nan 35269.200000 57755.900000 10159.900000 68278.800000 -65812.900000 82.363100 58.589300
101306206 8 5.713230 nan 21186.600000 -62461.200000 24978.800000 70150.800000 -68782.900000 70.087100 288.737000
1012914133 7 16.754900 nan 14563.100000 181330.000000 28200.800000 183923.000000 -183287.000000 81.522300 85.408300
1013025341 5 0.290088 nan -34463.100000 -27917.700000 10969.500000 45439.900000 -43358.200000 77.437300 219.010000
1013030162 14 94.534500 nan 40844.500000 1779.960000 11928.800000 42296.700000 -40852.200000 75.146400 2.495310
1013032338 14 56.381800 nan 33234.500000 -49951.200000 18324.800000 62424.600000 -61382.500000 73.969200 303.637000
1013055308 6 1.252050 nan 34742.400000 61521.300000 12267.200000 71532.700000 -70599.600000 81.007300 60.545700
10130101305 9 46.254800 nan 156621.000000 -152242.000000 39713.500000 221810.000000 -220297.000000 79.971000 315.812000
1012919904 6 11.340400 nan -52565.200000 -49971.700000 11494.400000 73270.800000 -71163.100000 81.833300 223.551000
1012922451 5 0.239044 nan -75691.000000 9058.650000 17728.000000 78026.500000 -76728.200000 77.685000 173.175000
1012931291 9 47.327600 nan 76570.700000 -32807.000000 16628.000000 84740.400000 -83606.500000 79.431700 336.807000
1012934120 10 27.862200 nan -33238.200000 44268.100000 19610.800000 58374.700000 -56386.300000 71.497700 126.901000
1012934150 10 100.537000 nan 77408.900000 68885.500000 25819.900000 106532.000000 -105441.000000 76.575000 41.665600
1012937234 9 35.722200 nan 70144.000000 37167.500000 27675.500000 83717.400000 -82476.900000 71.481500 27.918000
1012938145 11 302.853000 nan 44396.700000 73199.200000 13768.800000 86545.000000 -84621.900000 81.573200 58.762400
1012617288 5 3.452160 nan -23205.300000 -58324.900000 11632.100000 63651.400000 -61730.200000 80.463000 248.304000
10126432479 5 0.804898 nan 13705.500000 -62552.600000 16203.100000 65796.600000 -64696.200000 76.717400 282.358000
101261637649 5 0.022916 nan 16145.800000 -97857.600000 25413.000000 102120.000000 -100922.000000 76.218600 279.369000
