10127361913 17 117.926652 156.225123 -147.237744 0.592464 0.707318 0.703100 71339.206760 -1009.549000 -1187.730000 1244.316000
10127361913 17 151.452441 57.970139 25.787321 1.193286 0.700162 0.703100 72749.912241 -1539.760000 1407.133000 1257.174000
10127361913 17 130.699847 112.041903 2.885265 0.209818 0.711602 0.703100 71562.004601 -1517.663000 -326.954000 1253.732000
10127361913 17 133.541337 116.365594 111.124177 0.267357 0.670146 0.703100 74739.797431 960.206000 1723.264000 1230.679000
10127361913 17 116.362535 120.056109 165.974190 0.274521 0.683426 0.703100 73788.568812 469.731000 846.347000 1230.580000
10127361913 17 116.295999 156.961597 -172.384845 0.668837 0.693802 0.703100 73961.294905 972.462000 566.238000 1218.321000
10127361913 17 106.392948 110.148004 -164.773567 0.984176 0.697900 0.703100 73576.566818 977.842000 -9.980000 1213.667000
10127361913 17 135.072193 119.436246 38.962131 0.328379 0.693308 0.703100 73067.778779 -529.487000 837.183000 1242.322000
10127361913 17 143.037134 152.326176 15.323496 0.646825 0.705778 0.703100 71399.964462 -2020.590000 -43.462000 1264.287000
10127361913 17 116.452222 129.701438 168.105283 0.386346 0.684067 0.703100 74347.014722 964.947000 1142.497000 1222.825000
10127361913 17 114.670141 103.945970 -152.220485 1.026779 0.704735 0.703100 71514.684077 -507.163000 -1468.073000 1234.283000
10127361913 17 133.258590 161.218287 -153.518897 0.686775 0.704032 0.703100 71899.883348 -510.250000 -893.613000 1235.149000
10127361913 17 169.641027 113.466775 160.913390 0.157338 0.682094 0.703100 73231.491049 -27.987000 553.502000 1234.040000
10127361913 17 133.637043 136.375526 52.803665 0.505050 0.686002 0.703100 74564.674972 444.612000 2003.203000 1238.574000
10127361913 17 110.453499 81.550173 17.725072 1.095503 0.704529 0.703100 71246.471042 -2523.915000 246.369000 1274.271000
10127361913 17 141.929447 56.574010 -158.482784 1.220139 0.701343 0.703100 72636.379165 492.030000 -882.968000 1217.495000
10127361913 17 181.252291 153.249563 12.133626 0.765039 0.707446 0.703100 70845.943547 -2515.016000 -337.168000 1274.995000
10127361917 13 126.656610 127.244903 -12.182822 1.349669 0.876365 0.883587 30202.421466 1481.418000 -293.405000 1205.895000
10127361917 13 237.915614 192.247417 -21.955235 1.157381 0.879088 0.883587 29648.587448 1467.916000 280.175000 1208.105000
10127361917 13 215.079867 219.430182 23.450413 0.700513 0.868024 0.883587 30540.054738 986.327000 -587.919000 1209.375000
10127361917 13 252.080093 247.999732 -70.675931 0.988644 0.891202 0.883587 27969.328602 1455.879000 2018.972000 1223.011000
10127361917 13 205.248287 208.685461 -141.417270 0.495453 0.894639 0.883587 28310.178641 960.206000 1723.264000 1230.679000
10127361917 13 219.235052 213.386364 164.791615 1.128433 0.884939 0.883587 28661.003401 463.351000 1426.067000 1235.028000
10127361917 13 160.604308 168.889026 -2.206483 0.145009 0.874329 0.883587 29425.427269 972.462000 566.238000 1218.321000
10127361917 13 193.058466 229.103542 111.299729 0.753142 0.870773 0.883587 30326.481438 484.184000 -303.857000 1217.298000
10127361917 13 187.367273 186.724697 19.529162 0.419486 0.868994 0.883587 29981.760797 977.842000 -9.980000 1213.667000
10127361917 13 165.228328 176.750374 -127.486866 0.195469 0.894458 0.883587 28870.135190 964.947000 1142.497000 1222.825000
10127361917 13 218.690648 216.064970 76.601104 0.994641 0.865039 0.883587 31440.974055 496.602000 -1459.825000 1216.701000
10127361917 13 133.538838 124.385232 173.576937 1.413875 0.887192 0.883587 28109.398491 444.612000 2003.203000 1238.574000
10127361917 13 266.112487 230.131443 90.925099 0.836650 0.866812 0.883587 30884.108580 492.030000 -882.968000 1217.495000
10127362318 6 516.568271 458.661357 112.558019 0.173007 1.039310 1.059257 26883.529565 -2041.140000 1689.538000 1268.851000
10127362318 6 499.055687 330.215440 -155.824406 1.681478 1.056525 1.059257 26256.253324 -1035.685000 1704.551000 1256.025000
10127362318 6 438.539922 512.400638 -154.480763 0.423206 1.056447 1.059257 26350.114221 -1539.760000 1407.133000 1257.174000
10127362318 6 193.200790 150.880636 24.377838 2.027758 1.055105 1.059257 26576.871860 -2537.640000 827.008000 1275.364000
10127362318 6 472.502614 502.648333 64.965431 0.528241 1.043202 1.059257 27417.675563 -2535.911000 1976.091000 1278.680000
10127362318 6 528.146534 630.061894 -164.139328 1.221052 1.053850 1.059257 26785.318017 -1543.684000 1981.009000 1264.861000
10127362942 7 95.048435 111.180487 -156.094053 0.822512 0.610961 0.601168 43109.096571 -522.760000 265.726000 1238.422000
10127362942 7 124.840140 115.316034 167.043559 0.330553 0.601846 0.601168 44175.809026 -1517.663000 -326.954000 1253.732000
10127362942 7 105.739354 105.680485 140.498091 0.804079 0.595437 0.601168 45084.235196 -2515.016000 -337.168000 1274.995000
10127362942 7 99.888067 113.315846 -50.532160 0.820741 0.612890 0.601168 42897.927414 -15.268000 -601.130000 1226.007000
10127362942 7 117.647617 122.784113 4.639775 0.393852 0.599675 0.601168 44334.841204 -1511.742000 -902.330000 1253.778000
10127362942 7 142.653058 123.143099 -89.988959 0.384800 0.617112 0.601168 43262.711008 -509.503000 -322.655000 1234.018000
10127362942 7 126.417646 89.174140 -118.699507 0.916487 0.616774 0.601168 42204.635419 474.382000 274.666000 1221.345000
10127366265 8 122.681725 40.787217 17.759214 1.248743 0.698132 0.700484 74541.168945 -2535.911000 1976.091000 1278.680000
10127366265 8 115.014635 136.643362 -164.815208 0.684987 0.698969 0.700484 74365.565877 -1517.663000 -326.954000 1253.732000
10127366265 8 99.714709 106.481535 23.858621 0.895572 0.694735 0.700484 75406.898193 -1543.684000 1981.009000 1264.861000
10127366265 8 118.130009 119.105962 32.185445 0.541201 0.690220 0.700484 75720.546801 -1035.685000 1704.551000 1256.025000
10127366265 8 88.095932 73.449936 -163.114852 1.083552 0.699900 0.700484 74113.981341 -1511.742000 -902.330000 1253.778000
10127366265 8 94.453660 106.830940 -160.773218 0.313403 0.701174 0.700484 74049.320575 -2020.590000 -43.462000 1264.287000
10127366265 8 107.678165 92.849987 58.062201 0.176854 0.678555 0.700484 75452.381371 -1035.107000 1124.654000 1247.897000
10127366265 8 101.758045 104.418313 -171.137173 0.287130 0.695630 0.700484 74623.044902 -1524.140000 254.316000 1252.903000
101272751129 5 165.411948 139.232753 -22.349415 1.081972 0.726325 0.730698 54852.732302 -4.176000 -1747.905000 1224.793000
101272751129 5 151.431061 113.505561 163.086944 1.193613 0.734553 0.730698 52669.027901 -2028.796000 535.595000 1262.832000
101272751129 5 173.184777 214.992108 -19.575270 0.549671 0.725232 0.730698 54584.975778 -507.163000 -1468.073000 1234.283000
101272751129 5 159.048745 163.348529 55.550800 0.055068 0.710249 0.730698 54321.379617 -1009.549000 -1187.730000 1244.316000
101272751129 5 133.439149 132.649697 157.683753 1.132093 0.732357 0.730698 53236.380358 -2020.590000 -43.462000 1264.287000
101273297557 6 124.860561 140.139201 -48.112960 0.371557 0.212601 0.207186 115632.046449 -1035.685000 1704.551000 1256.025000
101273297557 6 120.872322 131.275717 -25.951299 0.367299 0.207278 0.207186 116748.682780 -35.405000 1130.967000 1238.332000
101273297557 6 129.065874 145.141028 157.687269 0.355413 0.205303 0.207186 117153.480808 -509.503000 -322.655000 1234.018000
101273297557 6 148.917962 159.979752 146.335971 0.341168 0.202510 0.207186 117702.209049 -15.268000 -601.130000 1226.007000
101273297557 6 129.742493 81.046516 176.987166 0.420486 0.210090 0.207186 116024.030349 -1524.140000 254.316000 1252.903000
101273297557 6 146.526094 100.109281 -15.510685 0.387274 0.204667 0.207186 117309.856299 469.731000 846.347000 1230.580000
101273392493 7 119.749365 105.390848 7.124618 0.280449 0.515446 0.514418 105293.332283 -27.987000 553.502000 1234.040000
101273392493 7 107.732909 90.037369 17.214112 0.714352 0.509799 0.514418 106589.496347 960.206000 1723.264000 1230.679000
101273392493 7 118.534831 135.092885 -171.228357 0.479167 0.512348 0.514418 105903.817633 986.327000 -587.919000 1209.375000
101273392493 7 109.874815 111.507096 -135.085856 0.274598 0.530703 0.514418 103447.701066 -1511.742000 -902.330000 1253.778000
101273392493 7 101.884189 129.062401 5.881548 0.514928 0.516141 0.514418 104910.170671 -529.487000 837.183000 1242.322000
101273392493 7 134.751016 117.936787 -3.151961 0.637681 0.521056 0.514418 103405.979176 -2028.796000 535.595000 1262.832000
101273392493 7 132.299125 106.015624 -160.840525 0.699816 0.518124 0.514418 104228.962215 -507.163000 -1468.073000 1234.283000
101273630196 17 883.582089 938.881777 -171.543217 0.699542 0.624456 0.623139 48574.568233 -2537.640000 827.008000 1275.364000
101273630196 17 113.380219 129.894722 -80.024152 1.347201 0.639199 0.623139 45185.012928 977.842000 -9.980000 1213.667000
101273630196 17 86.572808 104.248821 -110.588926 1.413067 0.638279 0.623139 45202.428860 972.462000 566.238000 1218.321000
101273630196 17 110.214085 110.442894 -44.343871 1.378748 0.634430 0.623139 46129.766714 -15.268000 -601.130000 1226.007000
101273630196 17 143.715860 155.868138 -151.195427 1.265604 0.630362 0.623139 47144.055964 -1035.107000 1124.654000 1247.897000
101273630196 17 681.102469 871.640110 -95.670809 0.787858 0.639184 0.623139 46626.251746 -522.760000 265.726000 1238.422000
101273630196 17 476.668027 408.263802 -50.763174 1.019838 0.635660 0.623139 46605.135239 -509.503000 -322.655000 1234.018000
101273630196 17 335.669862 261.974992 -95.708435 1.148542 0.639287 0.623139 45672.169054 474.382000 274.666000 1221.345000
101273630196 17 928.721988 939.619530 -8.588199 0.688840 0.624876 0.623139 48528.128243 -2515.016000 -337.168000 1274.995000
101273630196 17 359.299791 295.637343 -134.955892 1.103205 0.634271 0.623139 46648.044869 -529.487000 837.183000 1242.322000
101273630196 17 893.704995 825.319091 -33.609545 0.792437 0.631864 0.623139 47571.218899 -1517.663000 -326.954000 1253.732000
101273630196 17 660.430748 622.146914 -94.093813 0.104926 0.637274 0.623139 48545.798504 -2523.915000 246.369000 1274.271000
101273630196 17 918.878885 854.026732 -95.156132 0.443004 0.638953 0.623139 47586.826529 -1524.140000 254.316000 1252.903000
101273630196 17 876.881785 864.133301 -143.129666 0.454045 0.632212 0.623139 48077.889934 -2028.796000 535.595000 1262.832000
101273630196 17 828.098091 826.700518 -39.543967 0.423563 0.633093 0.623139 48057.173750 -2020.590000 -43.462000 1264.287000
101273630196 17 488.357954 364.983664 -115.054668 1.056478 0.637694 0.623139 46158.843933 -27.987000 553.502000 1234.040000
101273630196 17 805.298568 706.971992 -149.022380 0.853040 0.630886 0.623139 47606.855998 -1529.270000 829.116000 1256.438000
1012736122087 5 198.036068 194.713478 2.727880 0.331251 0.249130 0.241698 167794.032033 -2537.640000 827.008000 1275.364000
1012736122087 5 184.267695 214.426429 -143.634236 0.317514 0.246193 0.241698 168817.890714 -522.760000 265.726000 1238.422000
1012736122087 5 219.310464 213.536060 11.321454 0.162542 0.245458 0.241698 169458.160073 -1035.685000 1704.551000 1256.025000
1012736122087 5 153.313042 139.856900 -134.266567 0.385748 0.250133 0.241698 167309.742313 -1511.742000 -902.330000 1253.778000
1012736122087 5 222.966895 206.644819 -162.874950 0.311912 0.237823 0.241698 170873.655903 960.206000 1723.264000 1230.679000
10127128093 15 83.095377 33.062276 152.828601 1.798036 0.943062 0.949970 27115.499839 -1539.760000 1407.133000 1257.174000
10127128093 15 111.023124 131.590048 146.724109 0.788853 0.941464 0.949970 26790.486429 -1035.107000 1124.654000 1247.897000
10127128093 15 124.980322 97.733796 -28.245226 1.340617 0.950951 0.949970 25608.787899 469.731000 846.347000 1230.580000
10127128093 15 105.074754 100.354043 7.400670 0.318230 0.941536 0.949970 26474.682734 -529.487000 837.183000 1242.322000
10127128093 15 134.951941 124.259658 -164.023936 1.217691 0.954184 0.949970 25121.042134 444.612000 2003.203000 1238.574000
10127128093 15 128.753316 137.108321 166.785736 0.838637 0.946822 0.949970 26229.926988 -538.378000 1416.547000 1247.887000
10127128093 15 138.624824 123.281801 47.535566 1.057458 0.932679 0.949970 28159.710979 -2020.590000 -43.462000 1264.287000
10127128093 15 127.141554 129.960521 110.862716 0.978205 0.933407 0.949970 27912.906551 -2028.796000 535.595000 1262.832000
10127128093 15 124.690602 125.636778 42.974757 0.787792 0.933503 0.949970 27596.860522 -1524.140000 254.316000 1252.903000
10127128093 15 109.225601 91.045190 -41.563673 1.395118 0.954151 0.949970 25049.531257 964.947000 1142.497000 1222.825000
10127128093 15 116.880379 101.154156 -52.039547 0.276151 0.955173 0.949970 25916.099876 -35.405000 1130.967000 1238.332000
10127128093 15 88.286303 115.006394 -87.708977 0.489620 0.960275 0.949970 25353.447472 463.351000 1426.067000 1235.028000
10127128093 15 123.909244 131.392183 126.170396 0.840754 0.936442 0.949970 27349.205338 -1529.270000 829.116000 1256.438000
10127128093 15 112.004203 139.870339 -100.554336 0.786826 0.961159 0.949970 24792.551104 960.206000 1723.264000 1230.679000
10127128093 15 123.628244 87.212016 50.302936 1.315425 0.932218 0.949970 28719.748116 -2515.016000 -337.168000 1274.995000
10127128176 7 111.180202 93.718479 -75.082907 1.555645 0.992348 0.988418 17918.740237 -541.865000 1996.834000 1249.046000
10127128176 7 123.458649 139.540970 -69.791367 0.509624 0.990867 0.988418 18863.721416 -35.405000 1130.967000 1238.332000
10127128176 7 105.276281 102.793572 125.660053 1.430940 0.978755 0.988418 20241.149568 484.184000 -303.857000 1217.298000
10127128176 7 88.378045 90.406232 -8.487799 1.502791 0.980886 0.988418 19927.210683 972.462000 566.238000 1218.321000
10127128176 7 136.071464 159.086530 155.130553 0.764637 0.984207 0.988418 19286.579739 -27.987000 553.502000 1234.040000
10127128176 7 161.852246 130.287960 98.343906 1.265294 0.974486 0.988418 20768.112870 986.327000 -587.919000 1209.375000
10127128176 7 111.127115 104.338832 26.935212 1.397715 0.974881 0.988418 20874.978204 1481.418000 -293.405000 1205.895000
101271171367 5 205.299387 237.782823 161.745255 1.399768 0.409629 0.415787 41059.956319 -529.487000 837.183000 1242.322000
101271171367 5 105.971456 107.635001 64.595131 1.699825 0.408837 0.415787 41480.822810 -2020.590000 -43.462000 1264.287000
101271171367 5 188.362063 159.231381 145.884584 1.528769 0.407994 0.415787 41554.935470 -1035.107000 1124.654000 1247.897000
101271171367 5 273.773548 250.129196 179.598750 1.394370 0.411929 0.415787 40573.486339 -27.987000 553.502000 1234.040000
101271171367 5 173.956397 175.700985 -163.472884 1.528167 0.414369 0.415787 40093.977678 474.382000 274.666000 1221.345000
101271279517 13 1052.247303 979.153954 -55.967902 1.215383 1.046104 1.035676 23938.799034 -1506.367000 -1482.265000 1254.125000
101271279517 13 1086.080007 995.097733 -96.837873 0.883501 1.047644 1.035676 24408.438828 -999.645000 -1758.794000 1243.442000
101271279517 13 796.370696 961.554683 -24.172228 1.051563 1.040112 1.035676 25441.880193 -9.339000 -1176.497000 1225.813000
101271279517 13 991.540089 713.600392 -57.781062 0.374288 1.045335 1.035676 25908.582912 496.602000 -1459.825000 1216.701000
101271279517 13 128.169783 129.926920 -8.396208 2.265361 1.036046 1.035676 25507.999121 -15.268000 -601.130000 1226.007000
101271279517 13 336.343212 330.293181 -17.388641 1.828338 1.038524 1.035676 24984.738196 -510.250000 -893.613000 1235.149000
101271279517 13 143.750905 147.231513 -23.662654 2.242260 1.040171 1.035676 24003.340000 -1511.742000 -902.330000 1253.778000
101271279517 13 646.884290 635.532849 -8.433411 1.479014 1.036001 1.035676 25968.530202 492.030000 -882.968000 1217.495000
101271279517 13 871.256066 914.162969 -56.079260 0.784737 1.045882 1.035676 24921.295943 -507.163000 -1468.073000 1234.283000
101271279517 13 892.458873 827.381302 -8.538254 0.723505 1.035860 1.035676 26427.866724 993.320000 -1163.975000 1209.699000
101271279517 13 721.018807 723.033188 -32.260932 1.448385 1.042076 1.035676 24459.385824 -1009.549000 -1187.730000 1244.316000
101271279517 13 245.137478 234.323056 -0.393770 1.952048 1.033640 1.035676 26490.708839 986.327000 -587.919000 1209.375000
101271279517 13 749.838360 845.478975 -120.960828 0.620538 1.045163 1.035676 25388.386271 -4.176000 -1747.905000 1224.793000
101271279523 6 136.521373 121.966070 54.370601 0.800519 0.720013 0.733519 38172.542269 1471.843000 861.023000 1214.737000
101271279523 6 103.269038 113.162590 21.393930 0.904531 0.728153 0.733519 37224.370056 469.731000 846.347000 1230.580000
101271279523 6 100.731531 110.038736 59.604258 0.463081 0.719175 0.733519 37638.589137 972.462000 566.238000 1218.321000
101271279523 6 126.289808 125.577183 160.209757 0.646508 0.724130 0.733519 37526.461028 977.842000 -9.980000 1213.667000
101271279523 6 114.245983 125.052828 6.395742 0.615709 0.732318 0.733519 36692.392467 -27.987000 553.502000 1234.040000
101271279523 6 129.895447 91.361137 90.010683 0.141607 0.716776 0.733519 37108.058062 474.382000 274.666000 1221.345000
101271339150 7 111.969702 99.439191 -86.944356 1.087134 0.600000 0.617560 32603.466356 -48.202000 2867.276000 1248.984000
101271339150 7 482.233690 474.497196 -164.290092 0.441154 0.600000 0.617560 33387.456742 -541.865000 1996.834000 1249.046000
101271339150 7 580.140546 535.359102 98.598739 0.529387 0.600000 0.617560 34463.691211 -529.487000 837.183000 1242.322000
101271339150 7 491.150538 440.039239 19.401533 0.746746 0.600000 0.617560 34747.356353 -27.987000 553.502000 1234.040000
101271339150 7 605.267012 563.246590 -6.909713 0.551673 0.600000 0.617560 34209.905665 -35.405000 1130.967000 1238.332000
101271339150 7 283.792054 310.369874 84.201173 0.828620 0.600000 0.617560 34996.236010 -522.760000 265.726000 1238.422000
101271339150 7 355.893369 427.572486 -73.087954 0.765033 0.600000 0.617560 33135.485365 -46.837000 2290.122000 1246.445000
101271403127 6 124.692870 136.024982 62.010819 0.351728 0.298237 0.320116 116973.926892 -9.339000 -1176.497000 1225.813000
101271403127 6 87.907697 106.025639 47.503751 0.161508 0.299391 0.320116 115014.850308 972.462000 566.238000 1218.321000
101271403127 6 117.056187 130.403551 1.825415 0.225780 0.309426 0.320116 114533.667699 1471.843000 861.023000 1214.737000
101271403127 6 177.716337 146.375272 57.249949 0.253243 0.298463 0.320116 115992.851265 484.184000 -303.857000 1217.298000
101271403127 6 146.228680 122.128633 137.995906 0.393769 0.313116 0.320116 114497.388750 463.351000 1426.067000 1235.028000
101271403127 6 135.200730 100.098684 104.379403 0.139381 0.303392 0.320116 114516.592910 964.947000 1142.497000 1222.825000
101271830322 5 78.334409 78.643354 39.977015 0.535756 0.874013 0.882737 47880.091750 960.206000 1723.264000 1230.679000
101271830322 5 78.367157 78.037580 9.861262 0.491795 0.887395 0.882737 46365.010465 -27.987000 553.502000 1234.040000
101271830322 5 102.523970 94.620497 -135.521480 1.060763 0.890191 0.882737 45109.878044 -9.339000 -1176.497000 1225.813000
101271830322 5 81.704671 89.252724 28.439214 0.731116 0.879249 0.882737 47334.259409 463.351000 1426.067000 1235.028000
101271830322 5 84.550435 81.968817 -102.235715 0.475138 0.900433 0.882737 44980.099887 -510.250000 -893.613000 1235.149000
101271840677 9 590.306894 152.195133 -27.367468 1.362237 0.727079 0.726980 48358.898122 -507.163000 -1468.073000 1234.283000
101271840677 9 562.350151 512.800231 -116.810384 0.980737 0.746067 0.726980 45026.585873 444.612000 2003.203000 1238.574000
101271840677 9 473.950866 355.448904 162.945964 1.089704 0.728228 0.726980 48041.428521 -2020.590000 -43.462000 1264.287000
101271840677 9 333.351684 393.433160 -66.282516 1.077434 0.739742 0.726980 45947.443018 469.731000 846.347000 1230.580000
101271840677 9 485.225496 584.331822 -135.463267 0.601089 0.744514 0.726980 46502.071679 -529.487000 837.183000 1242.322000
101271840677 9 584.727502 616.368216 -107.764476 0.708015 0.745863 0.726980 45992.710762 -35.405000 1130.967000 1238.332000
101271840677 9 541.597503 586.795415 -52.092534 0.679173 0.735580 0.726980 47427.493167 -509.503000 -322.655000 1234.018000
101271840677 9 410.319778 408.201391 -115.156565 0.036734 0.739437 0.726980 48443.828705 -1511.742000 -902.330000 1253.778000
101271840677 9 431.897747 358.117369 -20.985202 1.065132 0.724698 0.726980 48859.562808 -999.645000 -1758.794000 1243.442000
101272056444 11 103.100097 128.840578 140.159480 0.679959 0.720075 0.726010 46448.722300 -510.250000 -893.613000 1235.149000
101272056444 11 102.258784 125.222697 -14.266392 0.775820 0.720636 0.726010 46534.862939 496.602000 -1459.825000 1216.701000
101272056444 11 126.628124 126.110948 -51.629980 0.611056 0.733180 0.726010 45054.300971 977.842000 -9.980000 1213.667000
101272056444 11 118.005723 115.376320 -86.052958 0.469963 0.741222 0.726010 44545.949828 972.462000 566.238000 1218.321000
101272056444 11 144.027087 125.896388 -125.394815 0.560844 0.743517 0.726010 44040.158176 964.947000 1142.497000 1222.825000
101272056444 11 118.560654 88.793742 -48.912638 1.049579 0.732424 0.726010 44600.649169 1467.916000 280.175000 1208.105000
101272056444 11 101.933930 93.892508 -67.240473 0.187921 0.736859 0.726010 45515.755649 484.184000 -303.857000 1217.298000
101272056444 11 100.379075 103.218281 -172.878207 1.002855 0.735532 0.726010 44000.389741 463.351000 1426.067000 1235.028000
101272056444 11 103.756089 91.117957 47.519522 0.167200 0.706208 0.726010 46489.096459 -9.339000 -1176.497000 1225.813000
101272056444 11 88.626685 2.770793 153.389620 2.425521 0.724658 0.726010 45891.146468 -1524.140000 254.316000 1252.903000
101272056444 11 79.708324 72.505329 137.978221 1.094173 0.719281 0.726010 46919.117905 -1009.549000 -1187.730000 1244.316000
1012718378 7 163.893177 158.764531 164.473447 0.834776 0.600000 0.715064 29000.911213 -4.176000 -1747.905000 1224.793000
1012718378 7 130.360683 127.113064 -5.443776 0.924758 0.600000 0.715064 28541.019338 -510.250000 -893.613000 1235.149000
1012718378 7 220.901496 235.610023 -51.687076 0.579804 0.600000 0.715064 28065.454243 -1009.549000 -1187.730000 1244.316000
1012718378 7 211.788473 202.919895 37.048787 0.406463 0.600000 0.715064 29003.083953 -9.339000 -1176.497000 1225.813000
1012718378 7 175.940411 173.263379 -154.491054 0.257576 0.600000 0.715064 28531.028213 -507.163000 -1468.073000 1234.283000
1012718378 7 212.377808 219.058223 113.991846 0.624850 0.600000 0.715064 29473.753981 496.602000 -1459.825000 1216.701000
1012718378 7 156.271428 157.281034 -104.945492 0.860653 0.600000 0.715064 27595.915361 -1506.367000 -1482.265000 1254.125000
10127652302 5 137.508403 120.824042 -66.578409 0.876774 0.580422 0.571549 32311.507469 469.731000 846.347000 1230.580000
10127652302 5 172.953677 147.175934 -116.872630 0.798545 0.576905 0.571549 32725.369182 463.351000 1426.067000 1235.028000
10127652302 5 151.849551 158.816357 19.390035 0.769321 0.570924 0.571549 33274.418858 -538.378000 1416.547000 1247.887000
10127652302 5 127.888513 111.125295 75.042038 0.856066 0.562189 0.571549 34167.976026 -1045.539000 2278.217000 1259.791000
10127652302 5 134.159099 166.524955 84.706963 0.326078 0.561427 0.571549 33686.604767 -541.865000 1996.834000 1249.046000
10127901304 7 150.701962 128.718539 -11.670956 0.240422 0.177849 0.179501 104474.499145 -1506.367000 -1482.265000 1254.125000
10127901304 7 149.595333 104.043267 -60.577042 0.275616 0.186332 0.179501 103385.641897 -510.250000 -893.613000 1235.149000
10127901304 7 102.044156 61.031294 163.620876 0.305260 0.177115 0.179501 104559.133091 -2012.478000 -621.969000 1263.925000
10127901304 7 121.879065 123.834908 -153.058080 0.062762 0.184803 0.179501 104243.647568 -1511.742000 -902.330000 1253.778000
10127901304 7 96.314443 112.981829 -124.680273 0.269999 0.188331 0.179501 103154.207916 -509.503000 -322.655000 1234.018000
10127901304 7 127.695449 126.491076 93.639415 0.066112 0.167961 0.179501 104786.555219 -2007.847000 -1197.445000 1264.250000
10127901304 7 127.240516 163.588936 -130.643098 0.163132 0.187756 0.179501 103700.935945 -1014.243000 -610.428000 1244.177000
10129680 5 180.176178 176.446075 21.416585 0.323022 0.268210 0.287364 152424.684845 -1506.367000 -1482.265000 1254.125000
10129680 5 167.487995 152.273759 151.090563 0.390020 0.284294 0.287364 149038.569737 -1045.539000 2278.217000 1259.791000
10129680 5 188.766251 181.834824 107.050243 0.194897 0.267716 0.287364 150980.562435 -1524.140000 254.316000 1252.903000
10129680 5 183.145115 193.741589 92.941904 0.235804 0.264244 0.287364 151968.184795 -2012.478000 -621.969000 1263.925000
10129680 5 144.453071 154.821563 141.835930 0.380012 0.280276 0.287364 150026.540445 -1539.760000 1407.133000 1257.174000
101285790 6 108.359289 89.223982 156.232085 0.228007 0.276983 0.282881 100574.475437 -2020.590000 -43.462000 1264.287000
101285790 6 77.741855 86.255012 -3.399910 0.327022 0.280682 0.282881 100293.788026 -1511.742000 -902.330000 1253.778000
101285790 6 89.071182 92.416743 176.509936 0.318894 0.282549 0.282881 100043.135485 -1524.140000 254.316000 1252.903000
101285790 6 81.642876 77.793507 -54.005470 0.206465 0.293443 0.282881 99222.673586 -509.503000 -322.655000 1234.018000
101285790 6 96.054123 97.182205 -107.847658 0.326136 0.297566 0.282881 98165.000932 474.382000 274.666000 1221.345000
101285790 6 64.121380 65.231149 -145.821178 0.381833 0.292259 0.282881 98572.096361 -27.987000 553.502000 1234.040000
101291526 5 195.055196 191.030253 117.987295 0.757989 0.573501 0.594827 96366.397957 -1506.367000 -1482.265000 1254.125000
101291526 5 214.541846 207.733107 3.737002 0.382447 0.578204 0.594827 93312.212617 1467.916000 280.175000 1208.105000
101291526 5 200.023709 196.183018 102.148899 0.292504 0.567359 0.594827 93842.910363 474.382000 274.666000 1221.345000
101291526 5 216.835138 224.108327 126.862658 0.417618 0.578082 0.594827 93368.123856 469.731000 846.347000 1230.580000
101291526 5 194.076864 200.578400 146.387937 0.778910 0.588604 0.594827 92420.727413 444.612000 2003.203000 1238.574000
101299231 8 113.044018 127.487389 100.212809 0.946868 0.724910 0.746778 60062.800467 -1506.367000 -1482.265000 1254.125000
101299231 8 139.070701 69.194649 130.222219 1.219468 0.736368 0.746778 58078.644845 -2028.796000 535.595000 1262.832000
101299231 8 119.689792 48.737169 -35.609769 1.365918 0.748062 0.746778 54925.152305 437.002000 3738.672000 1245.135000
101299231 8 141.781238 146.469701 -9.709408 0.882466 0.736560 0.746778 57487.507015 -35.405000 1130.967000 1238.332000
101299231 8 137.730973 158.821259 -28.527412 0.840333 0.744929 0.746778 55774.063402 -48.202000 2867.276000 1248.984000
101299231 8 122.845681 133.301412 8.879978 0.421330 0.729379 0.746778 57199.809737 -538.378000 1416.547000 1247.887000
101299231 8 130.863634 138.020436 -4.399121 0.916896 0.734263 0.746778 58057.834377 -27.987000 553.502000 1234.040000
101299231 8 141.165953 139.323682 16.749182 0.486797 0.726510 0.746778 57772.146963 -529.487000 837.183000 1242.322000
101273683122 6 175.068242 174.806877 -21.337457 0.468694 0.423371 0.409959 86859.079074 986.327000 -587.919000 1209.375000
101273683122 6 151.680468 154.427871 -74.001123 0.341086 0.429391 0.409959 86784.379611 1481.418000 -293.405000 1205.895000
101273683122 6 123.138723 132.410865 -12.767992 0.302708 0.420917 0.409959 87825.981512 474.382000 274.666000 1221.345000
101273683122 6 111.017460 107.893073 -4.338789 0.536517 0.418425 0.409959 87380.106089 484.184000 -303.857000 1217.298000
101273683122 6 90.308787 99.097054 -101.140604 0.227102 0.425925 0.409959 87747.951397 972.462000 566.238000 1218.321000
101273683122 6 153.288943 117.977193 -45.152806 0.277201 0.427936 0.409959 87304.377708 977.842000 -9.980000 1213.667000
101273683153 7 127.990207 118.459162 -164.138248 0.077346 0.145326 0.143473 113768.953680 -1543.684000 1981.009000 1264.861000
101273683153 7 106.045816 104.456305 129.772880 0.187319 0.134851 0.143473 114700.703132 -2535.911000 1976.091000 1278.680000
101273683153 7 123.806378 83.029551 -153.117970 0.223566 0.147147 0.143473 113268.878148 -1045.539000 2278.217000 1259.791000
101273683153 7 117.206267 120.238935 50.964051 0.074082 0.134264 0.143473 114268.834374 -2041.140000 1689.538000 1268.851000
101273683153 7 106.025316 86.041897 -8.411608 0.214939 0.142917 0.143473 113832.083107 -1539.760000 1407.133000 1257.174000
101273683153 7 120.339127 146.679254 -51.062666 0.142030 0.149576 0.143473 113323.947113 -1035.685000 1704.551000 1256.025000
101273683153 7 109.608276 125.368597 -99.868777 0.194269 0.152263 0.143473 112828.638304 -541.865000 1996.834000 1249.046000
101273683183 7 91.227427 96.782613 27.323643 1.078371 0.952821 0.971362 36280.813368 1481.418000 -293.405000 1205.895000
101273683183 7 87.426342 86.023364 -10.762645 1.278372 0.965857 0.971362 33678.522489 -538.378000 1416.547000 1247.887000
101273683183 7 103.797840 87.557874 -85.441786 0.354573 0.984515 0.971362 31726.773756 -2535.911000 1976.091000 1278.680000
101273683183 7 74.367462 82.520152 -57.756687 0.275472 0.979466 0.971362 32290.755620 -2041.140000 1689.538000 1268.851000
101273683183 7 99.355725 97.236656 124.256765 1.145374 0.955815 0.971362 35801.683328 492.030000 -882.968000 1217.495000
101273683183 7 93.588773 91.655790 85.969348 0.624060 0.947433 0.971362 35467.939994 484.184000 -303.857000 1217.298000
101273683183 7 99.272861 99.537689 21.877359 0.802928 0.954622 0.971362 35138.637387 474.382000 274.666000 1221.345000
101281340270 13 126.417233 4.711931 144.070935 2.200712 0.737426 0.742050 68324.356938 -2537.640000 827.008000 1275.364000
101281340270 13 123.735737 57.134449 -17.662490 1.203418 0.734631 0.742050 68723.949106 1467.916000 280.175000 1208.105000
101281340270 13 112.519662 124.426808 120.514501 0.554781 0.725383 0.742050 68779.504315 -522.760000 265.726000 1238.422000
101281340270 13 121.875097 102.739107 151.197023 1.023848 0.741266 0.742050 66239.039855 -1054.732000 2853.488000 1260.636000
101281340270 13 109.464471 107.622329 147.182729 0.994562 0.739134 0.742050 66807.486209 -1045.539000 2278.217000 1259.791000
101281340270 13 109.169101 111.243736 143.171759 0.969953 0.736992 0.742050 67374.843938 -1035.685000 1704.551000 1256.025000
101281340270 13 101.727426 106.240397 1.521275 0.390758 0.725167 0.742050 68175.908408 469.731000 846.347000 1230.580000
101281340270 13 117.001192 127.898659 -13.167260 0.793044 0.732295 0.742050 68445.209129 972.462000 566.238000 1218.321000
101281340270 13 94.100618 103.556435 -59.064592 0.284425 0.754869 0.742050 65312.682243 437.002000 3738.672000 1245.135000
101281340270 13 102.029924 124.327202 -9.209222 0.824208 0.730196 0.742050 69016.343024 977.842000 -9.980000 1213.667000
101281340270 13 127.950048 130.374827 -17.482120 0.763754 0.734600 0.742050 67874.176258 964.947000 1142.497000 1222.825000
101281340270 13 143.142350 117.775728 15.704320 0.547824 0.718542 0.742050 69889.516073 492.030000 -882.968000 1217.495000
101281340270 13 123.490008 109.332746 7.156107 0.436017 0.722416 0.742050 68743.051382 474.382000 274.666000 1221.345000
101281373569 16 433.777085 263.288723 -39.020590 0.980778 0.619308 0.615700 71836.798600 1471.843000 861.023000 1214.737000
101281373569 16 445.688219 386.120267 -97.621636 0.152490 0.637297 0.615700 72015.311070 474.382000 274.666000 1221.345000
101281373569 16 410.029233 534.060667 156.376872 0.554441 0.616974 0.615700 72652.114907 -15.268000 -601.130000 1226.007000
101281373569 16 446.537809 248.195898 152.910593 0.998177 0.615371 0.615700 72753.814445 -510.250000 -893.613000 1235.149000
101281373569 16 427.985057 438.308191 -42.835574 0.357302 0.620932 0.615700 72456.388642 977.842000 -9.980000 1213.667000
101281373569 16 449.001762 403.782720 158.209752 0.849527 0.617825 0.615700 72225.587249 -509.503000 -322.655000 1234.018000
101281373569 16 455.694261 454.610731 -156.232234 0.848128 0.635027 0.615700 68142.515315 -1562.294000 3703.384000 1276.294000
101281373569 16 391.610766 376.250009 144.943128 0.858663 0.611638 0.615700 73716.728198 -4.176000 -1747.905000 1224.793000
101281373569 16 406.321653 385.859309 -173.871424 0.122902 0.628598 0.615700 72551.903438 484.184000 -303.857000 1217.298000
101281373569 16 504.236750 360.252068 31.328737 0.065575 0.593667 0.615700 73523.423218 993.320000 -1163.975000 1209.699000
101281373569 16 465.115520 513.784233 -47.709977 0.709779 0.623128 0.615700 71393.472599 964.947000 1142.497000 1222.825000
101281373569 16 417.759198 428.364189 -135.964634 0.279359 0.638422 0.615700 71045.931594 -35.405000 1130.967000 1238.332000
101281373569 16 504.712500 438.278535 -36.298969 0.798286 0.618060 0.615700 72367.748460 1467.916000 280.175000 1208.105000
101281373569 16 496.132056 552.848822 176.089839 0.593533 0.625571 0.615700 71145.365080 -529.487000 837.183000 1242.322000
101281373569 16 456.255187 497.470162 -179.503777 0.779678 0.627360 0.615700 70169.712119 -1035.685000 1704.551000 1256.025000
101281373569 16 421.340753 526.451857 165.566691 0.714398 0.621131 0.615700 71676.191567 -522.760000 265.726000 1238.422000
101282881186 5 323.065030 305.209629 -12.044079 0.987173 0.740146 0.746245 52114.100448 977.842000 -9.980000 1213.667000
101282881186 5 335.719934 338.184354 88.211262 0.476715 0.722757 0.746245 53188.448191 -509.503000 -322.655000 1234.018000
101282881186 5 343.740647 364.555973 26.460499 0.808344 0.726412 0.746245 54115.632162 -507.163000 -1468.073000 1234.283000
101282881186 5 292.486486 282.796509 152.756218 1.049865 0.743547 0.746245 51291.048592 -41.963000 1709.265000 1243.969000
101282881186 5 295.904758 299.550180 -79.574938 0.237649 0.762465 0.746245 50199.270479 1455.879000 2018.972000 1223.011000
101291671844 23 98.206766 55.052591 -23.186397 1.209278 0.710844 0.715439 72012.869574 1481.418000 -293.405000 1205.895000
101291671844 23 156.785777 45.006701 162.810922 1.325598 0.720785 0.715439 68053.219655 -1562.294000 3703.384000 1276.294000
101291671844 23 116.674304 57.250818 -26.158034 1.202148 0.712475 0.715439 71444.560525 1467.916000 280.175000 1208.105000
101291671844 23 142.946780 142.072975 163.067425 0.877354 0.720885 0.715439 68885.826967 -1054.732000 2853.488000 1260.636000
101291671844 23 111.329380 134.846950 -17.690767 0.822504 0.707870 0.715439 72295.932257 986.327000 -587.919000 1209.375000
101291671844 23 130.952955 56.369412 -35.135413 1.224009 0.717340 0.715439 69721.666577 1455.879000 2018.972000 1223.011000
101291671844 23 116.956933 142.398824 -35.095182 0.811575 0.717305 0.715439 70005.016774 960.206000 1723.264000 1230.679000
101291671844 23 101.864980 121.359150 -35.342460 0.401769 0.717396 0.715439 70293.908250 463.351000 1426.067000 1235.028000
101291671844 23 131.430110 139.731566 -26.275226 0.806996 0.712559 0.715439 71151.960566 972.462000 566.238000 1218.321000
101291671844 23 150.456843 112.454995 -124.917105 0.202661 0.741322 0.715439 68864.866339 -48.202000 2867.276000 1248.984000
101291671844 23 119.746620 136.030038 -68.282440 0.498406 0.732600 0.715439 68004.456246 437.002000 3738.672000 1245.135000
101291671844 23 127.875175 121.697025 -10.236895 0.432678 0.704033 0.715439 72008.920933 484.184000 -303.857000 1217.298000
101291671844 23 117.619829 137.729912 -21.913142 0.811275 0.710179 0.715439 71723.059076 977.842000 -9.980000 1213.667000
101291671844 23 108.156714 141.422425 -30.740560 0.805744 0.714978 0.715439 70580.899668 964.947000 1142.497000 1222.825000
101291671844 23 137.831901 124.875199 128.085899 0.413331 0.702423 0.715439 72026.274981 -509.503000 -322.655000 1234.018000
101291671844 23 146.392271 123.842290 174.509873 0.980053 0.726493 0.715439 67172.038044 -1072.587000 4585.453000 1270.160000
101291671844 23 146.764765 131.230257 -13.422200 0.837615 0.705552 0.715439 72866.362101 993.320000 -1163.975000 1209.699000
101291671844 23 130.600845 123.813458 -2.814841 0.461099 0.700175 0.715439 72582.351454 492.030000 -882.968000 1217.495000
101291671844 23 116.642979 120.409501 -18.168640 0.411311 0.708269 0.715439 71435.553361 474.382000 274.666000 1221.345000
101291671844 23 108.364395 128.492638 113.280584 0.468702 0.695101 0.715439 73160.478832 -507.163000 -1468.073000 1234.283000
101291671844 23 114.217552 59.158558 145.385409 1.203987 0.711475 0.715439 71467.771749 -1524.140000 254.316000 1252.903000
101291671844 23 115.687013 105.993164 -177.587537 0.007691 0.718745 0.715439 70584.442960 -35.405000 1130.967000 1238.332000
101291671844 23 134.137732 140.140763 131.792455 0.812801 0.704151 0.715439 72887.129246 -1009.549000 -1187.730000 1244.316000
10130622 12 597.112394 525.131390 -79.248026 0.653553 0.645040 0.614527 79899.904809 948.984000 2880.210000 1237.374000
10130622 12 333.999479 339.384318 -63.409710 0.248929 0.640243 0.614527 83450.399339 -2535.911000 1976.091000 1278.680000
10130622 12 358.695489 425.653219 -31.161759 0.773708 0.629217 0.614527 82667.511453 -1539.760000 1407.133000 1257.174000
10130622 12 280.560980 263.457817 -19.195565 0.913549 0.623306 0.614527 83775.025250 -2537.640000 827.008000 1275.364000
10130622 12 439.792925 430.996628 -120.551969 0.422409 0.643945 0.614527 81806.804310 -1054.732000 2853.488000 1260.636000
10130622 12 404.152834 434.179459 -51.671297 0.454529 0.637448 0.614527 82509.047442 -1543.684000 1981.009000 1264.861000
10130622 12 487.535579 480.061495 -38.716032 0.713258 0.632623 0.614527 82106.093811 -1035.685000 1704.551000 1256.025000
10130622 12 532.784535 504.214892 -47.722970 0.669695 0.636316 0.614527 81557.060225 -541.865000 1996.834000 1249.046000
10130622 12 489.990463 475.410024 -95.445266 0.504159 0.646227 0.614527 80848.216641 -48.202000 2867.276000 1248.984000
10130622 12 291.554154 261.132848 -38.442015 0.939124 0.632636 0.614527 81165.851125 -41.963000 1709.265000 1243.969000
10130622 12 155.215006 153.254641 -27.508275 1.061349 0.627564 0.614527 82272.255160 -1035.107000 1124.654000 1247.897000
10130622 12 192.188148 204.159824 -32.525034 0.995848 0.629955 0.614527 81718.566018 -538.378000 1416.547000 1247.887000
101301179 8 131.989203 134.632230 7.591398 0.251721 0.343116 0.336746 146679.884343 -27.987000 553.502000 1234.040000
101301179 8 94.005330 83.067527 -146.788564 0.528894 0.341148 0.336746 146252.679493 993.320000 -1163.975000 1209.699000
101301179 8 118.641453 106.383356 -142.336932 0.488807 0.343375 0.336746 145692.545469 496.602000 -1459.825000 1216.701000
101301179 8 142.137047 129.770766 -137.003212 0.448594 0.345969 0.336746 145134.703438 -4.176000 -1747.905000 1224.793000
101301179 8 112.458175 35.646090 28.348263 0.634027 0.332584 0.336746 148972.761529 948.984000 2880.210000 1237.374000
101301179 8 115.992557 122.292650 12.346966 0.194902 0.340737 0.336746 147236.689711 469.731000 846.347000 1230.580000
101301179 8 110.009300 128.229431 -141.668515 0.193673 0.343611 0.336746 147021.163724 977.842000 -9.980000 1213.667000
101301179 8 122.062812 144.756946 26.052845 0.306924 0.333794 0.336746 148187.216793 960.206000 1723.264000 1230.679000
101303635 7 205.277447 201.034015 -0.251276 0.829562 0.755898 0.769765 65801.320693 1455.879000 2018.972000 1223.011000
101303635 7 187.827632 177.785236 54.142960 0.887573 0.737100 0.769765 70291.644945 -1506.367000 -1482.265000 1254.125000
101303635 7 204.676377 184.757489 58.650243 0.538032 0.737072 0.769765 67323.046181 -35.405000 1130.967000 1238.332000
101303635 7 195.733556 195.078135 80.406421 0.616155 0.737896 0.769765 67829.267527 -529.487000 837.183000 1242.322000
101303635 7 169.338605 176.453445 39.533072 0.898892 0.739823 0.769765 69785.290604 -1009.549000 -1187.730000 1244.316000
101303635 7 185.709486 186.589613 33.677962 0.555725 0.741824 0.769765 66814.298998 463.351000 1426.067000 1235.028000
101303635 7 177.429118 195.524904 56.539067 0.652384 0.737039 0.769765 68306.495130 -522.760000 265.726000 1238.422000
101306206 8 239.817586 229.485834 68.327831 0.529951 0.304147 0.312557 70208.272485 474.382000 274.666000 1221.345000
101306206 8 548.708459 610.915784 13.243589 0.381229 0.314756 0.312557 68775.638944 993.320000 -1163.975000 1209.699000
101306206 8 544.180700 558.001901 126.470300 0.378643 0.300171 0.312557 70325.171015 972.462000 566.238000 1218.321000
101306206 8 748.704608 613.046989 42.862081 0.233076 0.308775 0.312557 69291.698607 986.327000 -587.919000 1209.375000
101306206 8 590.445947 624.359313 -173.274922 0.256102 0.307493 0.312557 69413.831078 1481.418000 -293.405000 1205.895000
101306206 8 185.081294 174.539620 46.831394 0.576108 0.307953 0.312557 69690.274030 484.184000 -303.857000 1217.298000
101306206 8 616.217241 610.721461 96.812923 0.234379 0.300914 0.312557 69809.242410 977.842000 -9.980000 1213.667000
101306206 8 163.303168 169.458115 138.027755 0.562294 0.300703 0.312557 70842.726305 964.947000 1142.497000 1222.825000
1012914133 7 220.712746 180.765959 42.742860 0.094116 0.206334 0.224045 184736.730151 492.030000 -882.968000 1217.495000
1012914133 7 203.205763 229.215365 -2.030840 0.214343 0.217824 0.224045 184977.591545 993.320000 -1163.975000 1209.699000
1012914133 7 185.507571 222.223306 98.657782 0.167732 0.209963 0.224045 185627.125666 -4.176000 -1747.905000 1224.793000
1012914133 7 205.134039 201.506289 -20.527179 0.145644 0.225215 0.224045 183271.103196 972.462000 566.238000 1218.321000
1012914133 7 214.594071 165.899952 67.054400 0.038378 0.205939 0.224045 183595.797710 474.382000 274.666000 1221.345000
1012914133 7 168.669554 168.436982 142.176507 0.317651 0.225344 0.224045 183681.311838 -522.760000 265.726000 1238.422000
1012914133 7 155.139793 148.858888 -19.429900 0.326785 0.224830 0.224045 184083.993176 1481.418000 -293.405000 1205.895000
1013025341 5 314.426311 319.640905 -50.927896 0.618581 0.759183 0.741927 43703.746570 -1511.742000 -902.330000 1253.778000
1013025341 5 324.121063 339.625081 -98.930900 0.809728 0.757545 0.741927 43351.666462 -1506.367000 -1482.265000 1254.125000
1013025341 5 287.472541 287.816314 -161.330100 0.919537 0.739585 0.741927 46152.762463 977.842000 -9.980000 1213.667000
1013025341 5 247.935666 245.305259 41.358369 0.322278 0.733919 0.741927 46287.359444 469.731000 846.347000 1230.580000
1013025341 5 354.526727 332.711786 -139.766561 0.765924 0.747091 0.741927 45030.920287 -15.268000 -601.130000 1226.007000
1013030162 14 139.765510 215.910289 -126.228934 0.660601 0.715814 0.700815 40850.113324 1481.418000 -293.405000 1205.895000
1013030162 14 240.506973 201.969778 29.742362 0.741564 0.693125 0.700815 43298.115432 -1009.549000 -1187.730000 1244.316000
1013030162 14 195.594243 186.639218 -160.153616 0.465079 0.708233 0.700815 41809.492654 484.184000 -303.857000 1217.298000
1013030162 14 194.572905 196.953563 67.232994 0.595235 0.685850 0.700815 43763.021042 -1511.742000 -902.330000 1253.778000
1013030162 14 185.429026 146.938165 161.671560 0.068579 0.697068 0.700815 42305.318916 -15.268000 -601.130000 1226.007000
1013030162 14 212.067100 171.045418 -92.221250 0.353538 0.718256 0.700815 41342.313411 986.327000 -587.919000 1209.375000
1013030162 14 168.272498 191.294014 -157.764841 0.879558 0.709042 0.700815 41320.314380 977.842000 -9.980000 1213.667000
1013030162 14 195.848675 172.033889 107.370276 0.399095 0.685751 0.700815 43266.956086 -1014.243000 -610.428000 1244.177000
1013030162 14 166.182636 157.511844 51.077327 0.917269 0.688233 0.700815 44259.701882 -2007.847000 -1197.445000 1264.250000
1013030162 14 90.189162 91.984106 -9.254024 1.158222 0.704456 0.700815 41871.209021 496.602000 -1459.825000 1216.701000
1013030162 14 206.485854 174.086652 -25.848243 0.394597 0.708845 0.700815 41834.735274 492.030000 -882.968000 1217.495000
1013030162 14 226.654009 208.214183 0.619105 0.712723 0.701468 0.700815 42335.927175 -9.339000 -1176.497000 1225.813000
1013030162 14 201.021891 197.946820 103.011946 0.745431 0.685197 0.700815 44229.281986 -2012.478000 -621.969000 1263.925000
1013030162 14 204.370858 165.798669 33.820669 0.352161 0.692151 0.700815 42798.569040 -510.250000 -893.613000 1235.149000
1013032338 14 211.193187 176.877828 27.554890 0.526127 0.471981 0.470391 62842.756487 -27.987000 553.502000 1234.040000
1013032338 14 209.794668 157.396105 176.636641 0.316403 0.465378 0.470391 63290.063029 463.351000 1426.067000 1235.028000
1013032338 14 191.842949 184.086019 -95.405199 0.440621 0.486875 0.470391 61377.615864 1481.418000 -293.405000 1205.895000
1013032338 14 146.176616 177.763888 -156.880727 0.527043 0.472619 0.470391 62804.199484 964.947000 1142.497000 1222.825000
1013032338 14 103.793509 102.947335 99.608591 0.669439 0.457043 0.470391 65232.447439 -1054.732000 2853.488000 1260.636000
1013032338 14 146.649056 153.247878 3.289439 0.300085 0.478583 0.470391 62356.965287 474.382000 274.666000 1221.345000
1013032338 14 153.221278 150.591552 56.641671 0.288731 0.464198 0.470391 63310.518501 -35.405000 1130.967000 1238.332000
1013032338 14 108.231947 118.922561 116.420302 0.021757 0.459226 0.470391 62818.255517 469.731000 846.347000 1230.580000
1013032338 14 181.755049 186.733992 -25.312802 0.492285 0.485176 0.470391 61397.198192 986.327000 -587.919000 1209.375000
1013032338 14 215.211377 178.794681 87.818819 0.452283 0.458277 0.470391 64273.030454 -541.865000 1996.834000 1249.046000
1013032338 14 133.026374 161.330935 54.993978 0.561474 0.464574 0.470391 63803.398639 -538.378000 1416.547000 1247.887000
1013032338 14 161.146873 148.492844 -130.832912 0.275305 0.479588 0.470391 62333.636680 972.462000 566.238000 1218.321000
1013032338 14 208.613239 142.542958 -57.951637 0.246400 0.488500 0.470391 61866.051377 977.842000 -9.980000 1213.667000
1013032338 14 138.137274 152.211134 1.585076 0.612258 0.479185 0.470391 61887.870296 484.184000 -303.857000 1217.298000
1013055308 6 145.793658 161.254582 -7.240391 0.781660 0.665545 0.675734 73516.733692 -1506.367000 -1482.265000 1254.125000
1013055308 6 151.166119 157.291889 145.453970 0.422001 0.669812 0.675734 72058.817536 -2028.796000 535.595000 1262.832000
1013055308 6 176.051323 186.970266 164.394008 0.693799 0.679296 0.675734 70588.792367 -1543.684000 1981.009000 1264.861000
1013055308 6 200.751442 147.173530 149.767548 0.885911 0.671906 0.675734 72072.317310 -2537.640000 827.008000 1275.364000
1013055308 6 155.196024 181.065745 142.590557 0.648299 0.668284 0.675734 72555.081771 -2523.915000 246.369000 1274.271000
1013055308 6 184.315188 121.872705 -29.784292 0.961870 0.677045 0.675734 71047.750314 -27.987000 553.502000 1234.040000
10130101305 9 223.154712 275.183656 -127.650149 0.180191 0.120766 0.103712 221237.117540 484.184000 -303.857000 1217.298000
10130101305 9 547.916977 376.915583 -100.668745 0.164745 0.126663 0.103712 220288.644990 993.320000 -1163.975000 1209.699000
10130101305 9 412.394984 430.436845 -45.256005 0.145810 0.127560 0.103712 220436.148310 496.602000 -1459.825000 1216.701000
10130101305 9 405.182813 422.988066 -26.502535 0.144126 0.124220 0.103712 220986.767347 -9.339000 -1176.497000 1225.813000
10130101305 9 479.769507 398.212340 -74.603235 0.087006 0.128852 0.103712 221384.644962 -15.268000 -601.130000 1226.007000
10130101305 9 332.497026 364.059810 -9.430958 0.156576 0.120055 0.103712 221533.626047 -510.250000 -893.613000 1235.149000
10130101305 9 414.741215 453.509510 -91.860168 0.123209 0.127795 0.103712 220834.223440 492.030000 -882.968000 1217.495000
10130101305 9 152.904545 120.620211 -126.928092 0.226925 0.121010 0.103712 220689.101149 986.327000 -587.919000 1209.375000
10130101305 9 250.730882 233.859220 4.128062 0.180738 0.116270 0.103712 222083.075165 -1014.243000 -610.428000 1244.177000
1012919904 6 221.757211 239.173732 -149.651233 0.870039 0.710311 0.707387 71155.414172 -1506.367000 -1482.265000 1254.125000
1012919904 6 218.728366 150.951618 -157.159317 1.068040 0.706263 0.707387 72274.675192 -510.250000 -893.613000 1235.149000
1012919904 6 214.983353 242.617193 -149.724279 0.527314 0.710236 0.707387 71548.088618 -1511.742000 -902.330000 1253.778000
1012919904 6 216.400935 157.330424 22.859791 1.034689 0.706140 0.707387 72025.649534 -2537.640000 827.008000 1275.364000
1012919904 6 203.770216 250.559422 -177.305766 0.754430 0.695258 0.707387 74723.778182 964.947000 1142.497000 1222.825000
1012919904 6 210.578834 186.900181 15.144326 0.255198 0.710150 0.707387 71779.117867 -2020.590000 -43.462000 1264.287000
1012922451 5 242.733320 215.533780 73.715553 2.831461 0.464256 0.482686 78879.509178 972.462000 566.238000 1218.321000
1012922451 5 255.479048 238.832281 66.367191 2.773702 0.464878 0.482686 77836.536172 -35.405000 1130.967000 1238.332000
1012922451 5 284.273386 238.656237 101.671756 2.773163 0.464620 0.482686 78133.182590 -9.339000 -1176.497000 1225.813000
1012922451 5 234.987127 275.430879 75.007990 2.675444 0.464186 0.482686 77905.582568 -27.987000 553.502000 1234.040000
1012922451 5 249.490332 269.285189 110.560457 2.711570 0.465628 0.482686 76719.353620 -1506.367000 -1482.265000 1254.125000
1012931291 9 1515.582951 1590.079848 5.691409 0.472864 0.515136 0.513358 87321.700532 -2537.640000 827.008000 1275.364000
1012931291 9 977.210098 969.014835 -41.190867 0.691510 0.533012 0.513358 83599.046760 986.327000 -587.919000 1209.375000
1012931291 9 451.380670 409.497930 -127.924577 0.820666 0.529218 0.513358 83731.372685 1471.843000 861.023000 1214.737000
1012931291 9 923.237968 943.267185 -90.578232 0.294752 0.536977 0.513358 85516.600568 -529.487000 837.183000 1242.322000
1012931291 9 304.989995 326.616850 6.235536 0.821997 0.514904 0.513358 87087.429164 -2523.915000 246.369000 1274.271000
1012931291 9 372.844165 415.736710 -151.817997 0.800540 0.519804 0.513358 85989.341015 -541.865000 1996.834000 1249.046000
1012931291 9 1160.432215 1154.943121 -81.854093 0.363716 0.537674 0.513358 84954.434542 -27.987000 553.502000 1234.040000
1012931291 9 1011.375384 824.125700 -103.993415 0.238732 0.534922 0.513358 86084.644343 -1035.107000 1124.654000 1247.897000
1012931291 9 489.020826 473.801164 -139.941542 0.789961 0.524761 0.513358 84859.737420 463.351000 1426.067000 1235.028000
1012934120 10 210.394611 207.623607 -97.511099 0.587172 0.448070 0.436070 56882.267343 -1035.107000 1124.654000 1247.897000
1012934120 10 236.476028 213.809179 -94.696137 0.261977 0.447644 0.436070 57827.789214 -522.760000 265.726000 1238.422000
1012934120 10 184.465836 205.097002 147.165628 0.563335 0.433793 0.436070 58722.768855 -510.250000 -893.613000 1235.149000
1012934120 10 172.744934 205.701313 -69.191722 0.582824 0.444211 0.436070 57389.070751 -529.487000 837.183000 1242.322000
1012934120 10 162.708123 181.329844 10.342243 0.576867 0.426179 0.436070 59786.879149 993.320000 -1163.975000 1209.699000
1012934120 10 107.504218 104.552595 -120.721643 0.714926 0.448952 0.436070 56380.042373 -1539.760000 1407.133000 1257.174000
1012934120 10 274.528396 207.667069 174.273359 0.249538 0.440243 0.436070 58285.582741 -509.503000 -322.655000 1234.018000
1012934120 10 108.823021 100.331595 -46.638586 0.703444 0.439484 0.436070 57892.915231 -27.987000 553.502000 1234.040000
1012934120 10 276.671917 268.519656 121.038785 0.384843 0.427747 0.436070 59223.106528 -9.339000 -1176.497000 1225.813000
1012934120 10 281.521631 260.784320 77.906828 0.360983 0.421413 0.436070 59727.906951 496.602000 -1459.825000 1216.701000
1012934150 10 122.543008 125.498046 -170.886359 0.233825 0.295528 0.288060 107447.329094 -510.250000 -893.613000 1235.149000
1012934150 10 130.676902 132.223580 -113.495278 0.333805 0.304995 0.288060 105800.569440 977.842000 -9.980000 1213.667000
1012934150 10 121.996603 126.254727 154.469140 0.326954 0.285102 0.288060 108548.233602 -1506.367000 -1482.265000 1254.125000
1012934150 10 120.928076 131.496074 168.737627 0.268806 0.289533 0.288060 107998.472374 -1009.549000 -1187.730000 1244.316000
1012934150 10 78.964622 76.997511 -143.672596 0.458739 0.301932 0.288060 105429.067641 972.462000 566.238000 1218.321000
1012934150 10 114.990842 107.686983 -77.646654 0.162736 0.302139 0.288060 107271.320812 -9.339000 -1176.497000 1225.813000
1012934150 10 134.108304 128.610384 -74.295432 0.259946 0.301715 0.288060 106719.831097 492.030000 -882.968000 1217.495000
1012934150 10 117.828234 124.429753 -73.108757 0.356183 0.301564 0.288060 106172.706249 986.327000 -587.919000 1209.375000
1012934150 10 136.919370 127.042030 -35.841783 0.326297 0.292120 0.288060 107641.913426 -4.176000 -1747.905000 1224.793000
1012934150 10 95.588808 91.915548 -42.954638 0.414199 0.294235 0.288060 107094.741860 496.602000 -1459.825000 1216.701000
1012937234 9 130.376823 145.325901 -112.467119 0.376126 0.278557 0.262771 82473.094619 -48.202000 2867.276000 1248.984000
1012937234 9 174.253467 157.145108 55.057129 0.154424 0.255524 0.262771 84656.313030 -2041.140000 1689.538000 1268.851000
1012937234 9 159.834233 141.824639 -103.756845 0.109780 0.278106 0.262771 83564.359707 -1045.539000 2278.217000 1259.791000
1012937234 9 109.709503 117.808570 -2.684595 0.386922 0.264494 0.262771 84352.197626 -1539.760000 1407.133000 1257.174000
1012937234 9 138.663355 139.336068 -42.678229 0.374766 0.272661 0.262771 83257.580608 -541.865000 1996.834000 1249.046000
1012937234 9 120.980699 119.728009 -168.263517 0.395222 0.271538 0.262771 83333.402055 -1054.732000 2853.488000 1260.636000
1012937234 9 153.159910 130.560863 18.348375 0.035087 0.260228 0.262771 84111.444159 -1543.684000 1981.009000 1264.861000
1012937234 9 151.466060 147.890149 -22.109313 0.357817 0.268567 0.262771 83798.311246 -1035.685000 1704.551000 1256.025000
1012937234 9 133.170056 149.257841 127.937659 0.339338 0.258892 0.262771 84956.440818 -2535.911000 1976.091000 1278.680000
1012938145 11 139.198327 118.967466 157.269175 1.024936 0.609956 0.609853 87634.313587 -2523.915000 246.369000 1274.271000
1012938145 11 246.791826 201.533801 -54.043987 0.126097 0.623103 0.609853 87560.728132 -1014.243000 -610.428000 1244.177000
1012938145 11 200.916920 204.780698 162.194664 0.066665 0.612276 0.609853 88063.883465 -1511.742000 -902.330000 1253.778000
1012938145 11 258.328869 248.558422 -110.910083 0.355920 0.638820 0.609853 84602.970350 444.612000 2003.203000 1238.574000
1012938145 11 161.091933 49.007791 163.304030 1.285693 0.613327 0.609853 86176.292959 -2041.140000 1689.538000 1268.851000
1012938145 11 210.384418 229.268179 154.550756 0.814357 0.608431 0.609853 88115.842390 -2515.016000 -337.168000 1274.995000
1012938145 11 206.383946 279.090062 167.166100 0.484248 0.615356 0.609853 87099.525405 -1524.140000 254.316000 1252.903000
1012938145 11 250.422772 99.979696 -26.566577 1.058646 0.609845 0.609853 88010.558736 -4.176000 -1747.905000 1224.793000
1012938145 11 162.646879 184.203222 167.293986 0.911051 0.615491 0.609853 86144.065533 -1539.760000 1407.133000 1257.174000
1012938145 11 211.942588 225.277218 -145.196431 0.237095 0.634492 0.609853 86090.280716 -529.487000 837.183000 1242.322000
1012938145 11 286.883774 272.135821 -26.843073 0.684082 0.610003 0.609853 88026.545349 -507.163000 -1468.073000 1234.283000
1012617288 5 147.826712 147.451089 -104.408533 0.951559 0.724965 0.705911 62170.842157 -1009.549000 -1187.730000 1244.316000
1012617288 5 148.208493 148.044259 -3.675148 0.914077 0.719712 0.705911 63407.601375 -2028.796000 535.595000 1262.832000
1012617288 5 167.425576 167.790301 -54.899892 0.594703 0.731459 0.705911 62783.961815 -1517.663000 -326.954000 1253.732000
1012617288 5 174.655805 176.054114 -84.202913 0.820460 0.729824 0.705911 61722.210040 -1506.367000 -1482.265000 1254.125000
1012617288 5 171.492068 170.184367 -0.571863 0.716981 0.718399 0.705911 64381.289823 -1539.760000 1407.133000 1257.174000
10126432479 5 131.256061 127.813535 31.760293 0.556395 0.531901 0.533990 66715.065966 -2028.796000 535.595000 1262.832000
10126432479 5 101.861778 104.319850 0.404901 0.345431 0.542474 0.533990 65781.907204 -1517.663000 -326.954000 1253.732000
10126432479 5 84.922992 83.014974 127.510019 0.169241 0.513433 0.533990 67428.822486 -1539.760000 1407.133000 1257.174000
10126432479 5 108.779630 108.579217 -53.802536 0.365650 0.552674 0.533990 64853.258638 -1009.549000 -1187.730000 1244.316000
10126432479 5 111.072197 113.716744 -7.401542 0.663816 0.544908 0.533990 64687.391107 -1506.367000 -1482.265000 1254.125000
101261637649 5 124.712130 109.442357 -162.394630 0.210522 0.296949 0.296554 103681.098469 -1539.760000 1407.133000 1257.174000
101261637649 5 93.154810 103.329744 -75.568878 0.190389 0.316666 0.296554 102019.091667 -1517.663000 -326.954000 1253.732000
101261637649 5 101.835457 105.950284 -98.810493 0.398739 0.313997 0.296554 101111.300315 -1009.549000 -1187.730000 1244.316000
101261637649 5 113.550186 121.387506 -50.501359 0.343050 0.317231 0.296554 100913.108353 -1506.367000 -1482.265000 1254.125000
101261637649 5 114.211019 96.740669 8.206465 0.156887 0.306126 0.296554 102930.886407 -2028.796000 535.595000 1262.832000
