10127361913 17 81.758900 nan 223.848000 nan 230.280000 nan 3.000000 11313100.000000
10127361917 13 76.234900 nan 82.736500 nan 18.497600 nan 3.000000 7121170.000000
10127362318 6 81.351600 nan 310.959000 nan 43.499000 nan 3.000000 17348300.000000
10127362942 7 72.594600 nan 17.393700 nan 28.462600 nan 3.000000 6212040.000000
10127366265 8 81.975700 nan 207.685000 nan 97.795500 nan 3.000000 9872910.000000
101272751129 5 79.426900 nan 88.124000 nan 26.100200 nan 3.000000 12904600.000000
101273297557 6 75.235300 nan 146.085000 nan 50.601500 nan 3.000000 46827900.000000
101273392493 7 81.796800 nan 198.048000 nan 33.295600 nan 3.000000 13974800.000000
101273630196 17 75.109600 nan 358.749000 nan 61.458000 nan 2.599650 47104300.000000
1012736122087 5 81.170900 nan 224.913000 nan 7.257640 nan 3.000000 42366200.000000
10127128093 15 77.300300 nan 26.669800 nan 135.007000 nan 3.000000 3627350.000000
10127128176 7 74.522200 nan 131.627000 nan 20.105100 nan 3.000000 3269960.000000
101271171367 5 61.108900 nan 316.863000 nan 10.090400 nan 2.999450 523345000.000000
101271279517 13 80.597100 nan 185.694000 nan 28.588700 nan 3.000000 25106300.000000
101271279523 6 74.238800 nan 192.456000 nan 22.411900 nan 3.000000 4781690.000000
101271339150 7 67.774000 nan 92.051400 nan 14.884300 nan 2.046670 19366600.000000
101271403127 6 78.463800 nan 62.460700 nan 33.672800 nan 2.010990 18449500.000000
101271830322 5 81.594100 nan 228.142000 nan 2.745370 nan 3.000000 4513660.000000
101271840677 9 78.075800 nan 55.394100 nan 130.561000 nan 3.000000 28348200.000000
101272056444 11 77.291500 nan 64.774900 nan 206.335000 nan 3.000000 5961340.000000
1012718378 7 68.649200 nan 181.044000 nan 1.608800 nan 3.000000 6535760.000000
10127652302 5 64.978500 nan 308.209000 nan 20.342000 nan 3.000000 6689000.000000
10127901304 7 71.912600 nan 25.200300 nan 68.877100 nan 3.000000 17466300.000000
10129680 5 80.814600 nan 57.891300 nan 3.293870 nan 3.000000 29950700.000000
101285790 6 75.551500 nan 13.551800 nan 8.399500 nan 1.896050 9948870.000000
101291526 5 81.896800 nan 57.477500 nan 0.719823 nan 3.000000 22697400.000000
101299231 8 80.170800 nan 89.931400 nan 116.470000 nan 3.000000 9320480.000000
101273683122 6 77.636600 nan 308.312000 nan 12.325000 nan 1.478870 16799800.000000
101273683153 7 71.603600 nan 6.718140 nan 38.937900 nan 3.000000 16638500.000000
101273683183 7 80.659200 nan 145.662000 nan 7.351340 nan 3.000000 3720820.000000
101281340270 13 81.768700 nan 88.326500 nan 242.927000 nan 3.000000 9095770.000000
101281373569 16 80.090000 nan 110.857000 nan 119.086000 nan 3.000000 38680700.000000
101282881186 5 79.176800 nan 55.304500 nan 1.426630 nan 3.000000 20550700.000000
101291671844 23 81.787600 nan 89.923300 nan 346.598000 nan 3.000000 10536700.000000
10130622 12 81.639000 nan 15.962000 nan 13.901600 nan 2.471420 42185700.000000
101301179 8 81.745600 nan 223.461000 nan 100.206000 nan 3.000000 22252400.000000
101303635 7 81.850400 nan 57.994100 nan 4.436910 nan 3.000000 13830500.000000
101306206 8 69.878500 nan 287.841000 nan 9.995890 nan 3.000000 45622400.000000
1012914133 7 81.511600 nan 85.554800 nan 25.201100 nan 3.000000 43489500.000000
1013025341 5 77.745800 nan 219.158000 nan 1.149050 nan 2.999980 14819600.000000
1013030162 14 75.325900 nan 3.403050 nan 90.480700 nan 3.000000 8873820.000000
1013032338 14 74.187700 nan 302.823000 nan 60.580000 nan 2.713680 11497000.000000
1013055308 6 81.145500 nan 59.333300 nan 40.981600 nan 3.000000 12915600.000000
10130101305 9 80.075000 nan 315.936000 nan 44.686500 nan 3.000000 100304000.000000
1012919904 6 81.839800 nan 224.393000 nan 45.971200 nan 3.000000 18452300.000000
1012922451 5 75.144400 nan 173.096000 nan 13.950100 nan 2.996170 9995850000.000000
1012931291 9 79.923200 nan 336.489000 nan 11.573100 nan 1.532050 147745000.000000
1012934120 10 71.716200 nan 126.521000 nan 25.567800 nan 2.308150 16385100.000000
1012934150 10 76.884400 nan 42.056700 nan 4.574660 nan 3.000000 14171800.000000
1012937234 9 71.681800 nan 26.111500 nan 13.864200 nan 2.981640 15670200.000000
1012938145 11 81.837900 nan 58.287200 nan 188.071000 nan 3.000000 25241500.000000
1012617288 5 81.076100 nan 249.430000 nan 0.023942 nan 2.998420 11230700.000000
10126432479 5 77.026600 nan 283.434000 nan 0.416939 nan 2.386600 8662160.000000
101261637649 5 76.485900 nan 280.314000 nan 10.083000 nan 3.000000 12481500.000000
