22121122071  58  1.10273e+00
22121122072  33  1.59717e-01
22121170062  13  1.29523e-01
22121170071  75  2.12566e-01
22121170072  56  1.82844e-01
22121230062  20  1.48274e-01
22121230071  70  2.11453e-01
22121230072  64  2.24469e-01
22121308071  61  1.87393e-01
22121308072  58  2.09938e-01
22129290391  10  1.79919e-01
22129290392   9  1.85293e-01
22129290501  53  4.11194e-01
22129290502  39  3.44311e-01
22129290631  51  3.38469e-01
22129290632  70  5.03176e-01
22129290791  76  5.52504e-01
22129290792  84  5.09420e-01
22129350312   7  1.58478e-01
22129350391  35  3.05628e-01
22129350392  34  2.38320e-01
22129350501  58  4.16151e-01
22129350502  49  3.45476e-01
22129350631  75  5.22182e-01
22129350632  73  4.09899e-01
22129350791  92  5.50231e-01
22129350792  90  5.35734e-01
22129420311  39  3.03143e-01
22129420391  52  3.11643e-01
22129420392  70  3.83548e-01
22129420501  60  3.72722e-01
22129420502  86  5.36597e-01
22129420631  75  4.21873e-01
22129420632  77  4.55887e-01
22129420791 110  5.99314e-01
22129420792 105  5.67793e-01
22129500252  32  2.45637e-01
22129500311  14  2.13137e-01
22129500312  31  2.69094e-01
22129500391  62  4.69547e-01
22129500392  84  4.01638e-01
22129500501  84  5.72062e-01
22129500502  87  5.50414e-01
22129500631 100  6.49429e-01
22129500632  85  4.98951e-01
22129500791 114  6.70106e-01
22129500792 113  4.97237e-01
22129600251  52  3.61021e-01
22129600252  49  2.80046e-01
22129600311  66  4.25949e-01
22129600312  66  4.70380e-01
22129600391  75  3.71483e-01
22129600392  87  4.02706e-01
22129600501 113  5.15105e-01
22129600502 104  5.31511e-01
22129600631 115  6.24948e-01
22129600632 118  4.82731e-01
22129600791 119  6.32546e-01
22129600792 117  5.74032e-01
22129720191  10  1.52593e-01
22129720192  36  2.15410e-01
22129720251  51  3.79967e-01
22129720252  60  2.92322e-01
22129720311  85  4.52354e-01
22129720312  75  3.93873e-01
22129720391 115  4.50193e-01
22129720392 103  5.30892e-01
22129720501 103  5.04167e-01
22129720502 117  5.75186e-01
22129720631 119  4.57881e-01
22129720632 119  4.61932e-01
22129720791 124  4.73990e-01
22129720792 120  6.24026e-01
22129870152   7  2.11458e-01
22129870191  62  3.80386e-01
22129870192  81  3.33470e-01
22129870251  81  4.76642e-01
22129870252  83  3.36628e-01
22129870311  93  4.90316e-01
22129870312 106  5.27935e-01
22129870391 118  4.82667e-01
22129870392 116  5.37684e-01
22129870501 119  4.63513e-01
22129870502 124  4.64205e-01
22129870631 119  5.41284e-01
22129870632 120  4.30620e-01
22129870791 119  5.29758e-01
22129870792 123  4.56222e-01
221210050122  25  2.33399e-01
221210050151  59  2.61811e-01
221210050152  47  2.28403e-01
221210050191  81  3.16639e-01
221210050192  72  2.71080e-01
221210050251  93  4.43415e-01
221210050252 117  4.58287e-01
221210050311 105  3.80622e-01
221210050312 116  5.62648e-01
221210050391 120  3.96142e-01
221210050392 117  5.28070e-01
221210050501 125  4.90755e-01
221210050502 128  5.01323e-01
221210050631 122  4.33295e-01
221210050632 129  4.73980e-01
221210050791 128  4.44585e-01
221210050792 128  4.64620e-01
221210260121  55  2.54431e-01
221210260122  58  2.62191e-01
221210260151  75  2.90686e-01
221210260152  83  2.98105e-01
221210260191 117  3.60713e-01
221210260192  97  3.30327e-01
221210260251 114  3.75106e-01
221210260252 115  4.15359e-01
221210260311 123  3.64034e-01
221210260312 118  4.20491e-01
221210260391 122  3.89336e-01
221210260392 126  3.83985e-01
221210260501 130  3.88144e-01
221210260502 127  3.83347e-01
221210260631 125  4.44422e-01
221210260632 133  4.32925e-01
221210260791 131  3.58366e-01
221210260792 132  4.26647e-01
221210520101  47  2.23163e-01
221210520121  68  2.64254e-01
221210520122  70  2.58623e-01
221210520151  94  3.11962e-01
221210520152  96  3.12279e-01
221210520191 115  3.40714e-01
221210520192 107  3.37313e-01
221210520251 121  3.87607e-01
221210520252 122  4.01569e-01
221210520311 122  3.82482e-01
221210520312 125  3.46424e-01
221210520391 123  3.49915e-01
221210520392 124  3.81458e-01
221210520501 126  3.93902e-01
221210520502 128  3.92502e-01
221210520631 135  3.61894e-01
221210520632 129  3.54935e-01
221210520791 136  3.99297e-01
221210520792 134  3.79026e-01
221210830101  52  2.16641e-01
221210830102  53  2.10495e-01
221210830121  90  3.08227e-01
221210830122  83  2.76206e-01
221210830151 115  2.97707e-01
221210830152 109  3.03226e-01
221210830191 117  3.07803e-01
221210830192 118  3.41124e-01
221210830251 123  3.35883e-01
221210830252 125  3.53921e-01
221210830311 128  3.37997e-01
221210830312 126  3.69707e-01
221210830391 128  3.48176e-01
221210830392 129  3.59481e-01
221210830501 134  3.46091e-01
221210830502 132  3.92357e-01
221210830631 135  3.88755e-01
221210830632 132  3.44960e-01
221210830791 141  3.67144e-01
221210830792 140  3.75819e-01
221211220101  80  2.66242e-01
221211220102  81  2.54492e-01
221211220121 107  3.13451e-01
221211220122  96  3.56803e-01
221211220151 118  3.47267e-01
221211220152 114  3.06688e-01
221211220191 123  3.60406e-01
221211220192 112  2.99941e-01
221211220251 125  3.61821e-01
221211220252 130  3.42380e-01
221211220311 132  3.74917e-01
221211220312 129  3.76385e-01
221211220391 137  3.61353e-01
221211220392 133  3.54662e-01
221211220501 138  4.07951e-01
221211220502 135  3.46727e-01
221211220631 137  3.61150e-01
221211220632 137  3.51411e-01
221211220791 142  3.56979e-01
221211220792 135  4.00765e-01
221211700101  97  2.61578e-01
221211700102  82  2.45354e-01
221211700121 103  2.97990e-01
221211700122 100  2.64676e-01
221211700151 125  3.08569e-01
221211700152 126  3.15294e-01
221211700191 125  2.81846e-01
221211700192 125  3.25592e-01
221211700251 132  3.15160e-01
221211700252 134  3.24280e-01
221211700311 128  2.97923e-01
221211700312 138  3.72261e-01
221211700391 140  3.35053e-01
221211700392 136  3.55376e-01
221211700501 141  3.79237e-01
221211700502 138  3.16432e-01
221211700631 142  3.39987e-01
221211700632 140  3.45281e-01
221211700791 143  3.47158e-01
221211700792 142  3.52576e-01
221212300101  91  2.69540e-01
221212300102  93  2.84502e-01
221212300121 118  2.78807e-01
221212300122 116  3.06048e-01
221212300151 127  3.14707e-01
221212300152 116  2.79388e-01
221212300191 133  3.21676e-01
221212300192 129  3.04163e-01
221212300251 128  3.02254e-01
221212300252 132  3.15746e-01
221212300311 140  3.12598e-01
221212300312 135  3.12629e-01
221212300391 139  3.46399e-01
221212300392 147  3.42766e-01
221212300501 145  3.40888e-01
221212300502 144  3.34764e-01
221212300631 147  3.68358e-01
221212300632 144  3.66151e-01
221212300791 157  3.61034e-01
221212300792 153  3.50878e-01
221213080101  75  2.57444e-01
221213080102 100  2.89664e-01
221213080121 102  2.75872e-01
221213080122  93  2.97832e-01
221213080151 127  3.01865e-01
221213080152 131  3.30821e-01
221213080191 135  3.10431e-01
221213080192 131  3.19563e-01
221213080251 139  2.84878e-01
221213080252 139  3.35444e-01
221213080311 140  2.97592e-01
221213080312 141  2.91530e-01
221213080391 142  3.19953e-01
221213080392 146  3.25804e-01
221213080501 144  3.40425e-01
221213080502 149  3.31248e-01
221213080631 151  3.69857e-01
221213080632 150  3.39168e-01
221213080791 152  3.38867e-01
221213080792 152  3.50575e-01
221214170101  18  1.43308e-01
221214170102  53  1.81599e-01
221214170121  59  1.87696e-01
221214170122  47  1.91406e-01
221214170151  98  2.60586e-01
221214170152  76  2.47557e-01
221214170191 101  2.45571e-01
221214170192 109  2.54827e-01
221214170251 126  2.74409e-01
221214170252 116  2.67841e-01
221214170311 140  2.85179e-01
221214170312 130  2.71928e-01
221214170391 139  3.00189e-01
221214170392 144  3.24447e-01
221214170501 149  2.96297e-01
221214170502 147  3.09045e-01
221214170631 148  3.26035e-01
221214170632 148  3.23137e-01
221214170791 148  3.21980e-01
221214170792 148  3.46846e-01
221292901001  96  5.74829e-01
221292901002  94  5.56951e-01
221292901251 115  7.56722e-01
221292901252 110  6.93805e-01
221292901255 115  7.09798e-01
221292901581 116  7.00480e-01
221292901582 114  6.84839e-01
221292901585 114  6.58397e-01
221292901991 113  6.85294e-01
221292901992 114  6.68846e-01
221292901995 113  7.24898e-01
221292902511 126  8.15352e-01
221292902512 123  7.60006e-01
221292902515 124  7.92352e-01
221292903161 123  6.91272e-01
221292903162 120  7.05167e-01
221292903165 125  7.34629e-01
221292903981 126  9.19610e-01
221292903982 121  6.60315e-01
221292903985 125  7.15258e-01
221293501001 106  6.45113e-01
221293501002  95  5.52435e-01
221293501251 113  6.79683e-01
221293501252 114  6.76300e-01
221293501255 111  5.66921e-01
221293501581 114  6.06206e-01
221293501582 121  6.59688e-01
221293501585 116  5.84649e-01
221293501991 122  6.78183e-01
221293501992 120  7.04055e-01
221293501995 123  7.15743e-01
221293502511 121  6.74853e-01
221293502512 124  6.13230e-01
221293502515 120  6.68279e-01
221293503161 135  7.14329e-01
221293503162 123  6.88589e-01
221293503165 124  6.58859e-01
221293503981 129  6.39800e-01
221293503982 125  6.49448e-01
221293503985 134  7.60735e-01
221294201001 114  5.90394e-01
221294201002 115  6.04354e-01
221294201251 118  5.45534e-01
221294201252 118  6.08745e-01
221294201255 113  6.62879e-01
221294201581 115  6.15502e-01
221294201582 125  6.58320e-01
221294201585 126  6.45996e-01
221294201991 126  6.79372e-01
221294201992 125  6.52460e-01
221294201995 125  7.40311e-01
221294202511 122  5.78187e-01
221294202512 125  6.04507e-01
221294202515 124  5.73624e-01
221294203161 130  6.05972e-01
221294203162 129  5.73898e-01
221294203165 129  6.22752e-01
221294203981 135  6.74555e-01
221294203982 131  6.52219e-01
221294203985 129  6.20741e-01
221295001001 116  5.71674e-01
221295001002 119  5.57120e-01
221295001251 118  6.55804e-01
221295001252 122  6.11132e-01
221295001255 118  7.18781e-01
221295001581 125  5.87446e-01
221295001582 123  4.87227e-01
221295001585 126  5.67102e-01
221295001991 127  5.75062e-01
221295001992 124  5.85534e-01
221295001995 128  5.75567e-01
221295002511 129  5.41903e-01
221295002512 131  5.33984e-01
221295002515 131  5.88175e-01
221295003161 134  5.19816e-01
221295003162 128  5.50298e-01
221295003165 126  4.99148e-01
221295003981 138  5.50834e-01
221295003982 134  5.30832e-01
221295003985 130  5.21062e-01
221296001001 122  6.98801e-01
221296001002 121  5.90639e-01
221296001251 124  5.78698e-01
221296001252 123  6.57163e-01
221296001255 125  5.57726e-01
221296001581 129  5.26635e-01
221296001582 126  5.62036e-01
221296001585 128  5.45652e-01
221296001991 131  5.29145e-01
221296001992 125  5.50369e-01
221296001995 133  5.00122e-01
221296002511 128  4.81026e-01
221296002512 131  4.88718e-01
221296002515 132  5.57114e-01
221296003161 136  5.64121e-01
221296003162 131  5.08298e-01
221296003165 135  5.35238e-01
221296003981 138  5.19586e-01
221296003982 137  5.20207e-01
221296003985 134  4.89777e-01
221297201001 125  4.89066e-01
221297201002 125  5.20856e-01
221297201251 126  6.52043e-01
221297201252 130  4.54206e-01
221297201255 127  4.68848e-01
221297201581 130  4.92422e-01
221297201582 130  5.01720e-01
221297201585 128  4.90241e-01
221297201991 130  4.98031e-01
221297201992 130  4.49394e-01
221297201995 135  4.82173e-01
221297202511 135  5.17737e-01
221297202512 138  5.03016e-01
221297202515 135  4.90357e-01
221297203161 136  4.95620e-01
221297203162 134  4.88566e-01
221297203165 137  4.82393e-01
221297203981 139  4.75202e-01
221297203982 135  4.24467e-01
221297203985 137  4.28012e-01
221298701001 127  5.63496e-01
221298701002 125  3.89747e-01
221298701251 127  4.42648e-01
221298701252 130  4.65713e-01
221298701255 130  4.40858e-01
221298701581 132  4.81641e-01
221298701582 138  4.39201e-01
221298701585 132  4.27992e-01
221298701991 135  4.78519e-01
221298701992 136  4.03616e-01
221298701995 135  4.43900e-01
221298702511 138  4.56047e-01
221298702512 140  4.77301e-01
221298702515 138  4.50454e-01
221298703161 144  4.28209e-01
221298703162 139  4.73015e-01
221298703165 142  4.81677e-01
221298703981 140  4.55545e-01
221298703982 143  4.63054e-01
221298703985 140  4.56477e-01
2212100501001 131  4.93143e-01
2212100501002 128  4.03235e-01
2212100501251 135  4.63438e-01
2212100501252 133  4.48356e-01
2212100501255 135  4.50032e-01
2212100501581 135  4.46074e-01
2212100501582 137  4.33871e-01
2212100501585 133  4.11663e-01
2212100501991 134  4.38687e-01
2212100501992 140  4.26420e-01
2212100501995 139  4.36965e-01
2212100502511 142  4.30981e-01
2212100502512 140  4.29974e-01
2212100502515 145  4.33916e-01
2212100503161 141  4.64956e-01
2212100503162 142  4.05377e-01
2212100503165 139  4.09601e-01
2212100503981 141  4.35975e-01
2212100503982 148  4.50726e-01
2212100503985 139  4.25689e-01
2212102601001 136  4.15295e-01
2212102601002 130  3.78895e-01
2212102601251 135  4.30477e-01
2212102601252 137  4.08100e-01
2212102601255 137  4.15299e-01
2212102601581 140  3.79659e-01
2212102601582 138  4.00248e-01
2212102601585 142  4.17373e-01
2212102601991 143  3.64882e-01
2212102601992 139  3.90333e-01
2212102601995 138  4.12496e-01
2212102602511 141  3.96242e-01
2212102602512 144  4.14091e-01
2212102602515 143  4.17885e-01
2212102603161 141  3.75594e-01
2212102603162 141  4.64153e-01
2212102603165 143  4.39758e-01
2212102603981 142  4.23931e-01
2212102603982 144  4.25947e-01
2212102603985 146  4.11297e-01
2212105201001 136  4.04021e-01
2212105201002 137  3.85005e-01
2212105201251 145  3.75191e-01
2212105201252 137  3.69244e-01
2212105201255 138  3.79336e-01
2212105201581 142  4.02837e-01
2212105201582 140  4.05176e-01
2212105201585 143  3.66127e-01
2212105201991 140  3.97962e-01
2212105201992 141  3.77211e-01
2212105201995 143  3.94499e-01
2212105202511 144  4.21187e-01
2212105202512 146  3.63393e-01
2212105202515 149  3.84066e-01
2212105203161 149  4.08067e-01
2212105203162 150  3.86624e-01
2212105203165 147  3.29586e-01
2212105203981 145  3.86411e-01
2212105203982 148  3.30822e-01
2212105203985 147  3.89497e-01
2212105222571  10  1.59132e-01
2212105222572  23  1.60681e-01
2212105227071  11  1.47431e-01
2212108301001 139  3.87646e-01
2212108301002 139  3.74043e-01
2212108301251 138  3.59062e-01
2212108301252 141  3.81869e-01
2212108301255 145  4.07974e-01
2212108301581 145  3.83102e-01
2212108301582 142  4.01035e-01
2212108301585 142  3.54910e-01
2212108301991 143  3.51964e-01
2212108301992 146  3.78941e-01
2212108301995 143  3.63092e-01
2212108302511 145  4.15759e-01
2212108302512 153  3.83030e-01
2212108302515 151  3.72095e-01
2212108303161 150  3.57153e-01
2212108303162 150  3.88023e-01
2212108303165 149  3.73561e-01
2212108303981 156  3.48760e-01
2212108303982 150  4.13278e-01
2212108303985 152  3.92895e-01
2212108318062  22  1.57727e-01
2212108318071  54  2.16983e-01
2212108318072  51  2.37537e-01
2212108322571  70  2.52149e-01
2212108322572  52  2.31939e-01
2212108327071  53  2.09137e-01
2212108327072  51  2.50704e-01
2212108331571  41  1.95047e-01
2212108331572  37  2.02226e-01
2212112201001 143  3.64372e-01
2212112201002 141  3.75175e-01
2212112201251 146  3.19140e-01
2212112201252 145  3.78377e-01
2212112201255 142  3.97157e-01
2212112201581 151  3.69182e-01
2212112201582 145  3.76486e-01
2212112201585 149  3.93168e-01
2212112201991 151  3.48624e-01
2212112201992 152  3.81433e-01
2212112201995 152  3.63584e-01
2212112202511 154  3.53808e-01
2212112202512 150  3.72568e-01
2212112202515 148  3.56532e-01
2212112203161 149  3.66962e-01
2212112203162 151  3.41952e-01
2212112203165 150  3.74123e-01
2212112203981 152  3.59602e-01
2212112203982 154  3.76156e-01
2212112203985 156  3.61921e-01
2212112218052   7  1.50452e-01
2212112218061  69  2.42287e-01
2212112218062  60  2.13512e-01
2212112218071  85  2.75720e-01
2212112218072  78  2.69087e-01
2212112222551  27  1.59698e-01
2212112222561  82  2.81679e-01
2212112222562  66  2.29181e-01
2212112222571  69  2.55654e-01
2212112222572  88  2.87109e-01
2212112227052  36  1.70106e-01
2212112227061  41  1.78066e-01
2212112227062  57  1.98365e-01
2212112227071  83  2.79390e-01
2212112227072  65  2.20320e-01
2212112231561  11  1.41243e-01
2212112231571  67  2.53038e-01
2212112231572  67  2.32949e-01
2212117001001 146  3.09455e-01
2212117001002 147  3.32859e-01
2212117001251 149  3.29775e-01
2212117001252 160  3.69578e-01
2212117001581 153  3.57882e-01
2212117001582 149  3.57386e-01
2212117001585 154  3.57331e-01
2212117001991 150  3.37915e-01
2212117001992 154  3.44045e-01
2212117001995 155  3.39939e-01
2212117002511 152  3.54064e-01
2212117002512 151  3.86749e-01
2212117002515 151  3.52727e-01
2212117003161 158  3.47505e-01
2212117003162 155  3.39876e-01
2212117003165 154  3.11933e-01
2212117003981 160  3.59412e-01
2212117003982 159  3.43355e-01
2212117003985 158  3.02044e-01
2212117018032  13  1.49368e-01
2212117018051  44  1.73720e-01
2212117018052  21  1.41973e-01
2212117018061  90  2.70764e-01
2212117018062 100  2.65050e-01
2212117018071 121  3.11981e-01
2212117018072 107  2.76687e-01
2212117022551  84  2.35873e-01
2212117022552  48  1.97128e-01
2212117022561  80  2.60196e-01
2212117022562  78  2.39178e-01
2212117022571 106  3.01739e-01
2212117022572  98  2.86552e-01
2212117027051  37  1.62463e-01
2212117027052  40  1.84468e-01
2212117027061  72  2.55067e-01
2212117027062  74  2.57340e-01
2212117027071 118  3.08655e-01
2212117027072 107  2.71579e-01
2212117031561  63  2.30871e-01
2212117031562  79  2.46231e-01
2212117031571  81  2.51569e-01
2212117031572  84  2.60873e-01
2212123001001 150  3.78426e-01
2212123001002 149  3.27770e-01
2212123001251 155  3.49558e-01
2212123001252 150  3.46563e-01
2212123001581 151  3.40019e-01
2212123001582 154  3.39222e-01
2212123001585 157  3.52066e-01
2212123001991 160  3.44426e-01
2212123001992 159  3.82639e-01
2212123001995 153  3.68487e-01
2212123002511 155  3.46763e-01
2212123002512 158  3.49252e-01
2212123002515 162  3.33759e-01
2212123003161 164  3.35266e-01
2212123003162 165  3.57553e-01
2212123003165 161  3.65833e-01
2212123003981 165  3.31864e-01
2212123003982 165  3.32173e-01
2212123003985 163  3.50568e-01
2212123018051  76  2.37018e-01
2212123018052  94  2.59878e-01
2212123018061  99  2.66440e-01
2212123018062 109  2.83791e-01
2212123018071 123  3.20613e-01
2212123018072 124  3.16165e-01
2212123022531  38  1.71666e-01
2212123022532  69  2.15862e-01
2212123022551  80  2.46803e-01
2212123022552 101  2.73033e-01
2212123022561 108  2.75531e-01
2212123022562  96  2.66239e-01
2212123022571 130  3.79079e-01
2212123022572 113  3.08269e-01
2212123027031  29  1.63548e-01
2212123027032  69  2.24668e-01
2212123027051  76  2.38407e-01
2212123027052  69  2.19973e-01
2212123027061 100  2.91192e-01
2212123027062  97  2.66919e-01
2212123027071 125  3.31365e-01
2212123027072 124  2.82346e-01
2212123031551  23  1.60092e-01
2212123031552  35  1.63117e-01
2212123031561  84  2.45109e-01
2212123031562  78  2.37643e-01
2212123031571  92  2.63926e-01
2212123031572  86  2.33149e-01
2212130801001 162  3.56053e-01
2212130801002 150  3.45839e-01
2212130801251 156  3.52301e-01
2212130801252 157  3.67831e-01
2212130801581 157  3.52560e-01
2212130801582 160  3.38783e-01
2212130801585 164  3.53879e-01
2212130801991 161  3.19995e-01
2212130801992 163  3.37743e-01
2212130801995 164  3.39005e-01
2212130802511 166  3.40087e-01
2212130802512 167  3.25847e-01
2212130802515 169  3.39906e-01
2212130803161 170  3.60149e-01
2212130803162 164  3.73830e-01
2212130803165 167  3.15080e-01
2212130803981 168  3.71554e-01
2212130803982 169  3.88040e-01
2212130803985 167  3.46367e-01
2212130818021  32  1.53669e-01
2212130818051  97  2.61310e-01
2212130818052 121  2.91374e-01
2212130818061 126  3.08632e-01
2212130818062 125  2.64970e-01
2212130818071 133  2.72726e-01
2212130818072 134  3.10982e-01
2212130822551 101  2.87181e-01
2212130822552 103  2.80317e-01
2212130822561 117  2.94234e-01
2212130822562 121  3.15130e-01
2212130822571 132  3.07116e-01
2212130822572 131  3.28057e-01
2212130827032  44  1.78232e-01
2212130827051 100  2.74961e-01
2212130827052  88  2.11884e-01
2212130827061 110  2.50628e-01
2212130827062 121  2.88426e-01
2212130827071 138  2.90221e-01
2212130827072 132  2.91661e-01
2212130831551  62  2.15763e-01
2212130831552  30  1.54423e-01
2212130831561  88  2.63647e-01
2212130831562  82  2.24946e-01
2212130831571 111  3.06373e-01
2212130831572 107  2.62715e-01
2212141701001 176  3.51497e-01
2212141701002 162  3.51490e-01
2212141701251 173  3.19710e-01
2212141701252 162  3.11523e-01
2212141701581 163  3.02340e-01
2212141701582 161  3.47195e-01
2212141701585 163  3.15762e-01
2212141701991 170  3.36301e-01
2212141701992 165  3.66801e-01
2212141701995 172  3.23636e-01
2212141702511 170  3.29467e-01
2212141702512 172  3.36990e-01
2212141702515 176  3.38568e-01
2212141703161 175  3.22607e-01
2212141703162 176  2.79971e-01
2212141703165 176  3.77427e-01
2212141703981 176  3.14434e-01
2212141703982 176  3.06797e-01
2212141703985 176  3.41021e-01
2212141718021  17  1.26958e-01
2212141718022  40  1.56140e-01
2212141718051 143  3.29878e-01
2212141718052 130  3.15196e-01
2212141718061 131  2.83919e-01
2212141718062 153  3.16676e-01
2212141718071 139  3.13655e-01
2212141718072 132  2.95357e-01
2212141722521  45  1.70306e-01
2212141722551 130  2.96977e-01
2212141722552 132  2.95449e-01
2212141722561 134  2.88764e-01
2212141722562 140  3.03388e-01
2212141722571 139  3.33372e-01
2212141722572 139  2.95335e-01
2212141727051 123  2.86281e-01
2212141727052 117  2.83731e-01
2212141727061 133  3.13917e-01
2212141727062 131  2.95847e-01
2212141727071 136  3.02533e-01
2212141727072 142  2.96891e-01
2212141731551  20  1.43727e-01
2212141731552  47  1.86518e-01
2212141731561  79  2.22853e-01
2212141731562 107  2.46620e-01
2212141731571 113  2.89568e-01
2212141731572 122  2.61750e-01
2212929180501  46  4.26383e-01
2212929180502  39  3.38889e-01
2212929180631  49  3.79034e-01
2212929180632  67  4.77501e-01
2212929180791  80  5.40934e-01
2212929180792  79  5.17258e-01
2212929225392  17  2.01925e-01
2212929225501  17  2.29222e-01
2212929225502  34  3.10110e-01
2212929225631  59  4.83358e-01
2212929225632  57  4.31060e-01
2212929225791  65  5.21422e-01
2212929225792  79  6.02211e-01
2212929270391  28  2.78019e-01
2212929270392   8  2.66659e-01
2212929270501  40  3.58589e-01
2212929270502   9  2.86280e-01
2212929270631  62  4.61380e-01
2212929270632  66  4.46887e-01
2212929270791  78  5.41813e-01
2212929270792  76  5.07749e-01
2212929315391   7  1.67846e-01
2212929315392   8  1.94799e-01
2212929315501  43  3.42257e-01
2212929315502  39  2.98905e-01
2212929315631  64  4.34521e-01
2212929315632  68  5.11105e-01
2212929315791  70  4.94579e-01
2212929315792  71  4.89516e-01
2212935180392  14  2.13593e-01
2212935180501  44  3.34373e-01
2212935180502  50  3.52217e-01
2212935180631  74  4.84811e-01
2212935180632  76  4.97209e-01
2212935180791 103  5.55657e-01
2212935180792  88  5.29285e-01
2212935225392  10  1.94974e-01
2212935225501  49  3.54280e-01
2212935225502  59  4.19382e-01
2212935225631  67  4.42500e-01
2212935225632  70  4.30989e-01
2212935225791  86  5.36435e-01
2212935225792  79  5.11761e-01
2212935270391  10  2.10714e-01
2212935270392  20  2.19959e-01
2212935270501  39  3.22977e-01
2212935270502  51  3.96415e-01
2212935270631  88  5.72185e-01
2212935270632  70  4.51082e-01
2212935270791  95  6.04298e-01
2212935270792  87  5.12448e-01
2212935315312   8  2.26822e-01
2212935315391  50  3.54198e-01
2212935315392  24  2.26842e-01
2212935315501  41  3.01783e-01
2212935315502  59  3.85154e-01
2212935315631  76  4.77492e-01
2212935315632  67  4.42129e-01
2212935315791  97  6.10641e-01
2212935315792 111  6.59362e-01
2212942180311  24  2.22529e-01
2212942180312  20  2.18957e-01
2212942180391  18  1.96041e-01
2212942180392  45  3.10003e-01
2212942180501  69  4.12704e-01
2212942180502  69  4.03209e-01
2212942180631  93  5.09925e-01
2212942180632  94  5.29185e-01
2212942180791 115  5.71937e-01
2212942180792  97  6.09342e-01
2212942225311   7  1.81942e-01
2212942225312   7  2.46572e-01
2212942225391  41  3.47692e-01
2212942225392  49  3.43539e-01
2212942225501  66  3.96483e-01
2212942225502  70  3.81998e-01
2212942225631  84  4.66436e-01
2212942225632  83  4.44821e-01
2212942225791 112  5.30995e-01
2212942225792  99  5.12091e-01
2212942270252   6  2.09293e-01
2212942270311  23  2.28886e-01
2212942270312   7  2.80598e-01
2212942270391  58  3.62986e-01
2212942270392  72  4.23663e-01
2212942270501  73  4.22608e-01
2212942270502  63  3.84290e-01
2212942270631  88  5.15851e-01
2212942270632  98  5.22488e-01
2212942270791 113  5.82455e-01
2212942270792  97  4.79878e-01
2212942315391  59  3.76384e-01
2212942315392  46  3.03632e-01
2212942315501  72  4.20653e-01
2212942315502  71  4.65833e-01
2212942315631  80  4.79444e-01
2212942315632  86  4.50808e-01
2212942315791  91  5.24548e-01
2212942315792 102  5.94679e-01
2212950180251   9  1.65210e-01
2212950180252   7  1.65389e-01
2212950180311  33  2.34371e-01
2212950180312  47  3.22299e-01
2212950180391  63  4.70257e-01
2212950180392  72  4.34314e-01
2212950180501  77  4.36990e-01
2212950180502  85  4.57625e-01
2212950180631 102  5.16452e-01
2212950180632 112  5.59319e-01
2212950180791 116  7.80133e-01
2212950180792 116  5.61396e-01
2212950225311  40  3.00090e-01
2212950225312  39  2.98348e-01
2212950225391  72  3.90062e-01
2212950225392  76  4.82790e-01
2212950225501  78  5.62259e-01
2212950225502  77  4.38693e-01
2212950225631  95  4.63473e-01
2212950225632  86  5.95189e-01
2212950225791 117  5.42672e-01
2212950225792 111  5.11882e-01
2212950270251   7  1.79982e-01
2212950270311  38  2.87288e-01
2212950270312  47  3.24057e-01
2212950270391  66  3.78092e-01
2212950270392  67  3.55867e-01
2212950270501 102  4.92724e-01
2212950270502  89  4.38549e-01
2212950270631 114  5.30230e-01
2212950270632  89  5.74795e-01
2212950270791 105  6.41997e-01
2212950270792 114  7.10515e-01
2212950315252   8  1.65929e-01
2212950315311  20  2.57562e-01
2212950315312  43  3.91920e-01
2212950315391  72  3.91790e-01
2212950315392  72  4.01059e-01
2212950315501  78  4.07568e-01
2212950315502  85  4.46217e-01
2212950315631 105  4.97973e-01
2212950315632 106  5.60218e-01
2212950315791 117  5.34992e-01
2212950315792 110  5.65787e-01
2212960180192   6  1.67237e-01
2212960180251  20  2.61954e-01
2212960180252  45  2.66847e-01
2212960180311  65  3.56946e-01
2212960180312  73  3.94069e-01
2212960180391  88  4.38688e-01
2212960180392  94  4.83386e-01
2212960180501  92  5.54041e-01
2212960180502  96  6.14370e-01
2212960180631 120  5.60247e-01
2212960180632 112  6.34406e-01
2212960180791 117  6.16426e-01
2212960180792 113  6.56878e-01
2212960225251  10  2.38630e-01
2212960225252  39  3.17721e-01
2212960225311  72  4.65362e-01
2212960225312  78  3.71965e-01
2212960225391  56  4.02045e-01
2212960225392  81  5.12096e-01
2212960225501  95  5.79752e-01
2212960225502  87  5.04990e-01
2212960225631 115  4.99562e-01
2212960225632 102  6.00359e-01
2212960225791 117  6.98180e-01
2212960225792 119  5.16484e-01
2212960270191  13  1.91008e-01
2212960270251  20  2.36233e-01
2212960270252  27  2.67095e-01
2212960270311  72  3.76093e-01
2212960270312  69  3.23747e-01
2212960270391  69  4.32879e-01
2212960270392  96  3.69101e-01
2212960270501 114  4.70682e-01
2212960270502  96  4.47831e-01
2212960270631 113  5.95382e-01
2212960270632 109  6.29999e-01
2212960270791 115  6.60433e-01
2212960270792 121  5.24602e-01
2212960315251  72  4.27181e-01
2212960315252  22  2.58707e-01
2212960315311  49  3.98264e-01
2212960315312  59  4.18393e-01
2212960315391  81  5.18814e-01
2212960315392  85  5.41538e-01
2212960315501  96  5.37052e-01
2212960315502  91  6.01808e-01
2212960315631 117  6.59875e-01
2212960315632 116  6.83549e-01
2212960315791 118  6.68342e-01
2212960315792 119  5.22749e-01
2212972180191  34  2.34022e-01
2212972180192  19  1.99520e-01
2212972180251  69  2.95725e-01
2212972180252  73  3.27639e-01
2212972180311  80  3.44452e-01
2212972180312  72  4.31692e-01
2212972180391 104  4.22647e-01
2212972180392  93  5.53635e-01
2212972180501 113  6.27411e-01
2212972180502 108  6.00026e-01
2212972180631 121  6.46292e-01
2212972180632 122  6.75468e-01
2212972180791 119  6.64309e-01
2212972180792 119  5.94731e-01
2212972225151   9  1.59469e-01
2212972225191  46  2.68037e-01
2212972225192  41  3.05437e-01
2212972225251  47  3.53614e-01
2212972225252  76  3.76050e-01
2212972225311  75  4.41894e-01
2212972225312  85  3.70695e-01
2212972225391 111  6.44136e-01
2212972225392 116  4.40989e-01
2212972225501 120  4.49864e-01
2212972225502 113  5.90049e-01
2212972225631 119  6.46493e-01
2212972225632 119  5.95511e-01
2212972225791 118  5.95545e-01
2212972225792 117  6.03828e-01
2212972270191  21  2.31941e-01
2212972270192  30  2.57907e-01
2212972270251  48  3.16329e-01
2212972270252  59  2.96579e-01
2212972270311  79  4.32789e-01
2212972270312  92  4.09945e-01
2212972270391  90  3.81693e-01
2212972270392  99  5.13601e-01
2212972270501 118  4.87005e-01
2212972270502 121  5.16972e-01
2212972270631 122  5.75146e-01
2212972270632 118  6.29984e-01
2212972270791 125  4.90749e-01
2212972270792 122  4.98993e-01
2212972315191  24  2.37481e-01
2212972315192  27  1.96026e-01
2212972315251  60  3.16987e-01
2212972315252  57  3.83499e-01
2212972315311  79  3.86163e-01
2212972315312  82  4.25814e-01
2212972315391  98  5.52433e-01
2212972315392  94  4.45097e-01
2212972315501 111  6.25158e-01
2212972315502 118  6.43476e-01
2212972315631 119  4.90498e-01
2212972315632 121  6.17398e-01
2212972315791 123  6.21535e-01
2212972315792 119  4.94735e-01
2212987180151  32  2.07318e-01
2212987180152  28  1.91037e-01
2212987180191  61  2.78650e-01
2212987180192  71  3.16218e-01
2212987180251  94  3.82584e-01
2212987180252  92  4.71466e-01
2212987180311 111  3.81703e-01
2212987180312  87  3.13448e-01
2212987180391 119  4.44026e-01
2212987180392 100  3.88349e-01
2212987180501 115  5.46043e-01
2212987180502 117  5.94153e-01
2212987180631 117  4.99267e-01
2212987180632 116  5.71139e-01
2212987180791 124  4.58600e-01
2212987180792 125  4.56278e-01
2212987225122  10  1.64782e-01
2212987225151  27  1.87733e-01
2212987225152  42  2.43956e-01
2212987225191  56  2.91588e-01
2212987225192  72  3.44528e-01
2212987225251  77  4.42008e-01
2212987225252  82  4.55929e-01
2212987225311  91  4.46774e-01
2212987225312  98  3.93501e-01
2212987225391 119  4.49044e-01
2212987225392  98  4.88433e-01
2212987225501 119  4.31907e-01
2212987225502 120  4.63380e-01
2212987225631 121  4.69685e-01
2212987225632 125  4.95608e-01
2212987225791 127  4.79968e-01
2212987225792 125  4.22909e-01
2212987270151  33  2.04936e-01
2212987270152  50  2.66917e-01
2212987270191  69  3.19707e-01
2212987270192  53  3.18885e-01
2212987270251  80  4.09373e-01
2212987270252  86  3.77565e-01
2212987270311  96  4.75974e-01
2212987270312 107  4.47040e-01
2212987270391 115  3.96161e-01
2212987270392 117  5.31763e-01
2212987270501 119  5.88362e-01
2212987270502 124  4.78508e-01
2212987270631 120  4.19098e-01
2212987270632 128  4.58778e-01
2212987270791 129  4.55782e-01
2212987270792 126  4.34536e-01
2212987315152  53  2.59926e-01
2212987315191  60  2.63682e-01
2212987315192  66  2.91616e-01
2212987315251 100  3.81991e-01
2212987315252  68  3.18430e-01
2212987315311  94  5.19571e-01
2212987315312  95  4.64170e-01
2212987315391 118  4.36077e-01
2212987315392 118  5.98957e-01
2212987315501 119  5.97512e-01
2212987315502 119  4.70343e-01
2212987315631 118  5.55736e-01
2212987315632 122  4.49850e-01
2212987315791 126  4.34297e-01
2212987315792 121  5.98574e-01
22121005180121  18  1.61051e-01
22121005180122   8  1.31238e-01
22121005180151  68  2.72929e-01
22121005180152  67  2.73401e-01
22121005180191  75  3.13167e-01
22121005180192  93  3.51213e-01
22121005180251 103  3.82844e-01
22121005180252  94  3.41532e-01
22121005180311 113  5.16442e-01
22121005180312 120  4.05191e-01
22121005180391 121  4.43066e-01
22121005180392 119  4.21603e-01
22121005180501 128  4.06023e-01
22121005180502 123  4.04940e-01
22121005180631 123  4.49368e-01
22121005180632 129  4.53495e-01
22121005180791 126  4.03543e-01
22121005180792 130  4.32662e-01
22121005225121  23  1.80005e-01
22121005225122  59  2.99159e-01
22121005225151  57  3.33948e-01
22121005225152  70  2.96116e-01
22121005225191  88  3.50990e-01
22121005225192  84  3.32003e-01
22121005225251  96  3.16422e-01
22121005225252 104  4.04272e-01
22121005225311 118  4.16444e-01
22121005225312 117  5.39797e-01
22121005225391 118  4.45107e-01
22121005225392 123  4.18801e-01
22121005225501 126  4.39890e-01
22121005225502 123  4.03743e-01
22121005225631 126  4.19081e-01
22121005225632 126  4.29358e-01
22121005225791 130  4.66405e-01
22121005225792 131  4.52492e-01
22121005270121  23  1.67053e-01
22121005270151  44  2.30958e-01
22121005270152  64  2.73311e-01
22121005270191  76  4.16264e-01
22121005270192  92  3.39870e-01
22121005270251 102  3.95036e-01
22121005270252  92  3.66712e-01
22121005270311 118  5.58210e-01
22121005270312 118  4.21888e-01
22121005270391 116  4.06371e-01
22121005270392 120  4.13551e-01
22121005270501 124  4.85290e-01
22121005270502 118  4.01820e-01
22121005270631 128  4.19272e-01
22121005270632 129  4.54737e-01
22121005270791 126  4.73381e-01
22121005270792 128  4.41249e-01
22121005315122   8  2.11604e-01
22121005315151  58  2.54038e-01
22121005315152  54  2.44990e-01
22121005315191  95  3.26859e-01
22121005315192  80  3.18756e-01
22121005315251 102  4.04459e-01
22121005315252 116  4.04902e-01
22121005315311 116  4.02767e-01
22121005315312 104  3.79029e-01
22121005315391 117  5.42703e-01
22121005315392  99  4.42561e-01
22121005315501 128  4.54965e-01
22121005315502 128  4.55995e-01
22121005315631 127  4.36576e-01
22121005315632 128  4.32136e-01
22121005315791 130  4.56695e-01
22121005315792 129  4.31316e-01
22121026180101  17  1.44307e-01
22121026180102   9  1.52069e-01
22121026180121  61  2.35405e-01
22121026180122  51  2.37371e-01
22121026180151  93  3.51703e-01
22121026180152  82  2.84482e-01
22121026180191 119  4.15285e-01
22121026180192 107  3.54550e-01
22121026180251 121  3.65682e-01
22121026180252 113  3.88300e-01
22121026180311 122  3.85632e-01
22121026180312 120  3.80867e-01
22121026180391 125  4.01150e-01
22121026180392 125  3.87852e-01
22121026180501 131  4.09777e-01
22121026180502 123  3.88899e-01
22121026180631 133  3.61585e-01
22121026180632 133  4.08997e-01
22121026180791 131  3.78803e-01
22121026180792 131  4.12964e-01
22121026225102  10  1.53416e-01
22121026225121  55  2.22426e-01
22121026225122  56  2.19067e-01
22121026225151  82  3.06869e-01
22121026225152  86  2.80902e-01
22121026225191 102  3.31463e-01
22121026225192  96  3.44277e-01
22121026225251 118  3.89992e-01
22121026225252 121  3.57948e-01
22121026225311 119  3.88718e-01
22121026225312 117  4.07120e-01
22121026225391 122  3.78337e-01
22121026225392 126  4.08790e-01
22121026225501 126  3.47751e-01
22121026225502 131  4.03711e-01
22121026225631 130  3.96548e-01
22121026225632 130  3.85145e-01
22121026225791 133  4.10597e-01
22121026225792 130  4.37612e-01
22121026270101  53  2.33688e-01
22121026270121  54  2.50252e-01
22121026270122  61  2.47148e-01
22121026270151  94  3.23158e-01
22121026270152  81  3.19408e-01
22121026270191  96  3.60636e-01
22121026270192 118  3.95105e-01
22121026270251 117  4.21594e-01
22121026270252 118  3.72592e-01
22121026270311 121  3.84306e-01
22121026270312 117  3.46277e-01
22121026270391 125  3.86701e-01
22121026270392 121  3.82858e-01
22121026270501 126  3.82273e-01
22121026270502 120  3.88713e-01
22121026270631 132  4.22292e-01
22121026270632 130  4.02786e-01
22121026270791 133  4.39853e-01
22121026270792 134  3.91508e-01
22121026315121  45  1.95793e-01
22121026315122  45  2.61600e-01
22121026315151  86  3.31660e-01
22121026315152  79  3.18681e-01
22121026315191 110  3.28960e-01
22121026315192  93  3.46640e-01
22121026315251 107  3.57514e-01
22121026315252 118  3.79710e-01
22121026315311 119  4.02219e-01
22121026315312 116  3.73636e-01
22121026315391 123  3.94871e-01
22121026315392 121  4.00895e-01
22121026315501 128  4.55053e-01
22121026315502 127  4.32929e-01
22121026315631 128  4.10436e-01
22121026315632 129  3.96094e-01
22121026315791 131  4.27226e-01
22121026315792 133  3.75612e-01
22121052180101  56  2.35723e-01
22121052180102  65  2.64757e-01
22121052180121  74  2.85173e-01
22121052180122  84  3.13456e-01
22121052180151 107  3.24658e-01
22121052180152 119  3.49304e-01
22121052180191 117  3.40660e-01
22121052180192 114  3.62702e-01
22121052180251 124  3.65180e-01
22121052180252 121  3.55528e-01
22121052180311 125  3.79474e-01
22121052180312 127  4.08474e-01
22121052180391 128  3.68086e-01
22121052180392 123  3.62767e-01
22121052180501 131  3.94143e-01
22121052180502 134  3.92291e-01
22121052180631 134  4.24810e-01
22121052180632 131  3.99358e-01
22121052180791 138  4.08805e-01
22121052180792 136  4.14316e-01
22121052225101  56  2.39062e-01
22121052225102  52  2.34261e-01
22121052225121  82  3.00580e-01
22121052225122  87  2.96841e-01
22121052225151 103  3.52989e-01
22121052225152 115  3.67375e-01
22121052225191 123  3.76056e-01
22121052225192 116  3.26863e-01
22121052225251 120  3.76569e-01
22121052225252 121  3.78869e-01
22121052225311 123  3.87232e-01
22121052225312 124  3.95701e-01
22121052225391 127  4.06199e-01
22121052225392 129  3.99716e-01
22121052225501 130  4.34863e-01
22121052225502 131  3.83038e-01
22121052225631 134  4.09812e-01
22121052225632 135  3.78958e-01
22121052225791 134  4.14899e-01
22121052225792 138  4.12171e-01
22121052270101  58  2.36563e-01
22121052270102  59  2.54894e-01
22121052270121  86  3.28252e-01
22121052270122  83  2.83369e-01
22121052270151  98  3.31988e-01
22121052270152 114  3.34600e-01
22121052270191 120  3.63766e-01
22121052270192 119  3.68980e-01
22121052270251 118  3.60105e-01
22121052270252 126  3.73406e-01
22121052270311 123  3.40155e-01
22121052270312 127  3.51636e-01
22121052270391 128  3.91436e-01
22121052270392 127  3.85673e-01
22121052270501 136  4.30538e-01
22121052270502 131  4.15503e-01
22121052270631 134  4.14416e-01
22121052270632 137  3.93140e-01
22121052270791 133  3.93052e-01
22121052270792 134  3.95564e-01
22121052315101  51  2.17602e-01
22121052315102  35  1.83218e-01
22121052315121  73  2.50931e-01
22121052315122  83  2.72480e-01
22121052315151 118  3.66705e-01
22121052315152 104  3.09268e-01
22121052315191 116  3.48143e-01
22121052315192 115  3.59444e-01
22121052315251 127  3.86709e-01
22121052315252 120  3.56758e-01
22121052315311 128  3.89616e-01
22121052315312 120  3.59891e-01
22121052315391 128  3.74303e-01
22121052315392 127  4.26426e-01
22121052315501 125  3.91723e-01
22121052315502 129  3.76191e-01
22121052315631 131  3.78685e-01
22121052315632 132  4.40825e-01
22121052315791 132  3.94437e-01
22121052315792 134  3.95079e-01
22121083180101  94  2.87463e-01
22121083180102  74  2.60758e-01
22121083180121 105  2.83668e-01
22121083180122 109  3.17815e-01
22121083180151 118  3.59180e-01
22121083180152 121  3.58927e-01
22121083180191 124  3.25700e-01
22121083180192 123  3.42778e-01
22121083180251 127  3.72604e-01
22121083180252 129  3.28703e-01
22121083180311 133  3.58366e-01
22121083180312 130  3.64973e-01
22121083180391 134  3.97507e-01
22121083180392 136  3.93172e-01
22121083180501 131  3.44202e-01
22121083180502 138  3.88033e-01
22121083180631 138  3.43995e-01
22121083180632 140  3.83371e-01
22121083180791 140  3.52464e-01
22121083180792 143  3.61054e-01
22121083225101  96  2.99322e-01
22121083225102  86  2.84370e-01
22121083225121 117  3.24180e-01
22121083225122 106  3.06600e-01
22121083225151 118  3.90961e-01
22121083225152 121  3.72248e-01
22121083225191 125  3.43563e-01
22121083225192 123  3.54374e-01
22121083225251 128  3.85091e-01
22121083225252 128  3.85441e-01
22121083225311 130  3.51572e-01
22121083225312 129  3.76355e-01
22121083225391 132  3.70810e-01
22121083225392 132  3.72724e-01
22121083225501 135  3.80362e-01
22121083225502 130  3.28822e-01
22121083225631 136  3.86478e-01
22121083225632 135  3.84854e-01
22121083225791 140  3.84162e-01
22121083225792 141  3.70545e-01
22121083270101  85  2.55700e-01
22121083270102  83  2.98581e-01
22121083270121 116  3.29925e-01
22121083270122 106  3.07320e-01
22121083270151 121  3.54668e-01
22121083270152 121  3.59230e-01
22121083270191 121  3.19493e-01
22121083270192 123  3.49308e-01
22121083270251 128  3.66459e-01
22121083270252 124  3.28419e-01
22121083270311 132  3.85781e-01
22121083270312 129  3.43244e-01
22121083270391 133  3.51021e-01
22121083270392 130  3.48545e-01
22121083270501 133  3.75564e-01
22121083270502 136  3.52841e-01
22121083270631 141  4.12792e-01
22121083270632 136  3.58197e-01
22121083270791 142  3.79792e-01
22121083270792 141  3.76073e-01
22121083315101  69  2.50067e-01
22121083315102  69  2.50819e-01
22121083315121  96  2.99827e-01
22121083315122  83  2.82690e-01
22121083315151 119  3.35798e-01
22121083315152 120  3.48229e-01
22121083315191 125  3.86384e-01
22121083315192 123  3.52085e-01
22121083315251 124  3.66296e-01
22121083315252 129  3.82198e-01
22121083315311 127  3.70350e-01
22121083315312 128  3.37675e-01
22121083315391 134  4.04626e-01
22121083315392 137  4.21202e-01
22121083315501 135  3.47451e-01
22121083315502 133  3.92149e-01
22121083315631 135  3.81517e-01
22121083315632 140  3.76215e-01
22121083315791 137  3.57008e-01
22121083315792 140  3.99089e-01
22121122180101 116  3.03285e-01
22121122180102 118  3.63553e-01
22121122180121 118  3.25223e-01
22121122180122 114  3.27433e-01
22121122180151 126  3.36077e-01
22121122180152 123  3.43410e-01
22121122180191 130  3.35975e-01
22121122180192 134  3.58246e-01
22121122180251 132  3.71748e-01
22121122180252 131  3.74253e-01
22121122180311 133  3.50548e-01
22121122180312 132  3.49861e-01
22121122180391 141  4.15888e-01
22121122180392 137  3.56260e-01
22121122180501 141  4.13528e-01
22121122180502 130  3.25538e-01
22121122180631 141  3.85094e-01
22121122180632 138  3.70439e-01
22121122180791 142  3.44593e-01
22121122180792 141  3.61244e-01
22121122225101 106  3.37936e-01
22121122225102  94  2.83976e-01
22121122225121 121  3.27664e-01
22121122225122 116  3.05110e-01
22121122225151 122  3.14470e-01
22121122225152 126  3.81896e-01
22121122225191 128  3.39933e-01
22121122225192 129  3.35675e-01
22121122225251 130  3.79227e-01
22121122225252 132  3.38104e-01
22121122225311 135  3.96009e-01
22121122225312 138  3.58533e-01
22121122225391 142  3.69561e-01
22121122225392 137  3.78033e-01
22121122225501 141  3.79158e-01
22121122225502 143  4.03461e-01
22121122225631 140  3.80870e-01
22121122225632 141  3.67564e-01
22121122225791 142  3.77277e-01
22121122225792 143  3.96141e-01
22121122270101 102  3.18310e-01
22121122270102 106  2.92059e-01
22121122270121 118  3.22523e-01
22121122270122 123  3.50948e-01
22121122270151 123  3.44896e-01
22121122270152 123  3.55343e-01
22121122270191 127  3.43458e-01
22121122270192 133  3.80524e-01
22121122270251 128  3.54374e-01
22121122270252 130  3.61815e-01
22121122270311 134  3.53470e-01
22121122270312 132  3.54246e-01
22121122270391 136  3.51720e-01
22121122270392 135  3.48906e-01
22121122270501 138  3.57510e-01
22121122270502 142  3.63314e-01
22121122270631 144  4.19800e-01
22121122270632 141  3.52713e-01
22121122270791 141  3.73440e-01
22121122270792 140  4.01485e-01
22121122315101  85  2.69498e-01
22121122315102  98  3.25331e-01
22121122315121 116  3.56878e-01
22121122315122 116  3.27752e-01
22121122315151 126  3.68359e-01
22121122315152 124  3.80605e-01
22121122315191 124  3.31508e-01
22121122315192 126  3.60100e-01
22121122315251 132  3.46559e-01
22121122315252 123  3.47991e-01
22121122315311 131  3.69260e-01
22121122315312 135  3.55548e-01
22121122315391 130  3.75914e-01
22121122315392 137  3.76051e-01
22121122315501 141  3.88843e-01
22121122315502 135  3.66696e-01
22121122315631 140  3.65151e-01
22121122315632 140  3.65278e-01
22121122315791 140  3.86805e-01
22121122315792 140  3.65716e-01
22121170180101 118  3.25768e-01
22121170180102 123  3.21652e-01
22121170180121 125  3.22249e-01
22121170180122 126  2.97599e-01
22121170180151 129  3.47181e-01
22121170180152 123  3.23290e-01
22121170180191 133  3.62714e-01
22121170180192 134  3.51183e-01
22121170180251 136  3.34464e-01
22121170180252 134  3.25679e-01
22121170180311 143  3.40808e-01
22121170180312 143  3.11602e-01
22121170180391 139  3.09310e-01
22121170180392 137  3.45179e-01
22121170180501 144  3.40914e-01
22121170180502 142  3.61234e-01
22121170180631 150  3.46886e-01
22121170180632 142  3.37087e-01
22121170180791 146  3.42391e-01
22121170180792 147  3.18315e-01
22121170225101 118  3.01370e-01
22121170225102 125  3.12566e-01
22121170225121 122  3.25822e-01
22121170225122 123  3.09648e-01
22121170225151 127  2.99930e-01
22121170225152 131  3.56113e-01
22121170225191 129  3.19688e-01
22121170225192 132  3.16112e-01
22121170225251 138  3.26666e-01
22121170225252 140  3.27226e-01
22121170225311 141  3.61347e-01
22121170225312 142  3.54578e-01
22121170225391 148  3.57453e-01
22121170225392 138  3.38481e-01
22121170225501 143  3.20401e-01
22121170225502 142  3.54926e-01
22121170225631 151  3.92859e-01
22121170225632 142  3.56336e-01
22121170225791 154  3.48307e-01
22121170225792 152  3.72092e-01
22121170270101 116  3.01017e-01
22121170270102 118  3.18433e-01
22121170270121 125  3.35619e-01
22121170270122 125  3.16203e-01
22121170270151 133  3.07224e-01
22121170270152 130  3.06810e-01
22121170270191 135  3.32042e-01
22121170270192 131  3.34823e-01
22121170270251 135  3.59532e-01
22121170270252 130  3.32200e-01
22121170270311 138  3.45398e-01
22121170270312 137  3.17675e-01
22121170270391 141  3.25943e-01
22121170270392 138  3.63769e-01
22121170270501 147  3.25484e-01
22121170270502 144  3.19618e-01
22121170270631 144  3.68449e-01
22121170270632 146  3.50341e-01
22121170270791 154  3.09266e-01
22121170270792 151  3.75793e-01
22121170315101  96  2.76359e-01
22121170315102  98  2.67819e-01
22121170315121 119  3.30112e-01
22121170315122 123  3.37505e-01
22121170315151 126  3.26758e-01
22121170315152 127  3.42276e-01
22121170315191 131  3.42045e-01
22121170315192 130  3.04047e-01
22121170315251 132  3.42529e-01
22121170315252 128  3.20573e-01
22121170315311 133  3.25637e-01
22121170315312 132  3.21415e-01
22121170315391 140  3.85326e-01
22121170315392 142  3.33248e-01
22121170315501 141  3.41643e-01
22121170315502 144  3.37103e-01
22121170315631 142  3.37685e-01
22121170315632 141  3.77476e-01
22121170315791 147  3.45286e-01
22121170315792 144  3.26104e-01
22121230180101 128  3.06800e-01
22121230180102 123  3.13406e-01
22121230180121 130  3.04145e-01
22121230180122 133  3.08077e-01
22121230180151 134  3.07657e-01
22121230180152 138  3.10313e-01
22121230180191 145  3.54826e-01
22121230180192 142  3.41866e-01
22121230180251 141  3.18718e-01
22121230180252 145  3.24288e-01
22121230180311 147  3.74912e-01
22121230180312 147  3.17205e-01
22121230180391 140  3.57628e-01
22121230180392 148  3.12107e-01
22121230180501 147  3.46510e-01
22121230180502 153  3.49011e-01
22121230180631 151  3.38357e-01
22121230180632 154  3.59057e-01
22121230180791 148  3.35728e-01
22121230180792 157  3.48297e-01
22121230225101 131  3.16652e-01
22121230225102 129  3.03893e-01
22121230225121 131  3.20200e-01
22121230225122 136  3.10471e-01
22121230225151 132  3.10157e-01
22121230225152 143  3.60330e-01
22121230225191 139  3.61047e-01
22121230225192 141  3.41094e-01
22121230225251 142  3.65625e-01
22121230225252 139  3.35560e-01
22121230225311 144  3.04043e-01
22121230225312 145  3.59069e-01
22121230225391 145  3.50700e-01
22121230225392 154  3.45525e-01
22121230225501 153  3.91342e-01
22121230225502 151  3.42975e-01
22121230225631 151  3.20967e-01
22121230225632 152  3.41287e-01
22121230225791 158  3.39774e-01
22121230225792 152  3.41864e-01
22121230270101 123  3.10169e-01
22121230270102 126  2.94510e-01
22121230270121 133  3.12826e-01
22121230270122 131  2.89706e-01
22121230270151 133  3.36313e-01
22121230270152 136  3.13392e-01
22121230270191 134  2.99405e-01
22121230270192 143  3.22605e-01
22121230270251 138  3.07317e-01
22121230270252 141  3.30868e-01
22121230270311 137  3.22488e-01
22121230270312 145  3.32928e-01
22121230270391 142  3.25445e-01
22121230270392 147  3.19015e-01
22121230270501 151  3.55111e-01
22121230270502 154  3.50350e-01
22121230270631 147  3.28688e-01
22121230270632 152  3.24074e-01
22121230270791 152  3.47807e-01
22121230270792 152  3.54263e-01
22121230315101 123  2.98609e-01
22121230315102 121  3.20200e-01
22121230315121 120  3.02499e-01
22121230315122 128  3.17223e-01
22121230315151 130  3.15429e-01
22121230315152 130  3.16801e-01
22121230315191 132  3.04510e-01
22121230315192 131  2.97688e-01
22121230315251 142  3.07373e-01
22121230315252 142  3.42933e-01
22121230315311 140  3.55792e-01
22121230315312 140  3.51786e-01
22121230315391 140  3.47495e-01
22121230315392 145  3.42204e-01
22121230315501 142  3.61045e-01
22121230315502 149  3.80430e-01
22121230315631 152  3.44543e-01
22121230315632 151  3.54483e-01
22121230315791 150  3.78977e-01
22121230315792 155  3.38527e-01
22121308180101 142  3.21752e-01
22121308180102 131  2.80959e-01
22121308180121 141  2.97960e-01
22121308180122 141  2.89776e-01
22121308180151 142  3.17017e-01
22121308180152 142  3.19991e-01
22121308180191 142  3.23614e-01
22121308180192 144  3.15020e-01
22121308180251 148  3.36781e-01
22121308180252 151  3.29824e-01
22121308180311 152  3.36747e-01
22121308180312 152  3.50450e-01
22121308180391 156  3.17171e-01
22121308180392 153  3.12035e-01
22121308180501 156  3.27250e-01
22121308180502 155  3.43718e-01
22121308180631 156  3.04306e-01
22121308180632 163  3.10036e-01
22121308180791 157  3.06288e-01
22121308180792 164  3.52930e-01
22121308225101 138  2.88464e-01
22121308225102 139  3.46564e-01
22121308225121 142  3.07199e-01
22121308225122 136  3.05524e-01
22121308225151 139  3.18983e-01
22121308225152 142  2.87047e-01
22121308225191 145  3.09339e-01
22121308225192 142  3.26279e-01
22121308225251 154  3.49019e-01
22121308225252 152  3.27293e-01
22121308225311 150  3.07870e-01
22121308225312 151  3.46720e-01
22121308225391 154  3.36235e-01
22121308225392 155  3.65676e-01
22121308225501 166  3.68894e-01
22121308225502 154  3.60604e-01
22121308225631 159  3.39570e-01
22121308225632 160  3.03199e-01
22121308225791 160  3.27742e-01
22121308225792 166  3.35058e-01
22121308270101 141  3.31373e-01
22121308270102 132  3.06888e-01
22121308270121 137  3.01447e-01
22121308270122 132  3.07053e-01
22121308270151 150  3.07870e-01
22121308270152 143  3.57932e-01
22121308270191 144  3.30313e-01
22121308270192 141  3.50347e-01
22121308270251 153  3.53875e-01
22121308270252 151  3.28325e-01
22121308270311 152  3.40724e-01
22121308270312 154  3.54801e-01
22121308270391 151  3.32358e-01
22121308270392 153  3.20725e-01
22121308270501 154  3.62204e-01
22121308270502 149  3.18459e-01
22121308270631 151  3.41457e-01
22121308270632 152  3.28364e-01
22121308270791 155  3.43311e-01
22121308270792 161  3.01500e-01
22121308315101 132  3.49274e-01
22121308315102 125  2.83406e-01
22121308315121 132  3.11835e-01
22121308315122 122  2.67079e-01
22121308315151 132  3.10014e-01
22121308315152 142  3.12676e-01
22121308315191 141  3.49243e-01
22121308315192 139  3.34769e-01
22121308315251 141  3.46274e-01
22121308315252 139  3.15136e-01
22121308315311 149  3.40141e-01
22121308315312 139  3.31836e-01
22121308315391 151  3.62067e-01
22121308315392 152  3.89218e-01
22121308315501 151  3.46123e-01
22121308315502 150  3.49172e-01
22121308315631 165  3.58337e-01
22121308315632 160  3.34223e-01
22121308315791 153  3.28634e-01
22121308315792 151  3.64177e-01
22121417180101 144  2.97181e-01
22121417180102 144  3.26840e-01
22121417180121 154  3.24927e-01
22121417180122 151  2.99242e-01
22121417180151 153  3.14004e-01
22121417180152 150  3.20750e-01
22121417180191 152  3.16009e-01
22121417180192 159  3.12811e-01
22121417180251 154  3.53587e-01
22121417180252 155  2.90400e-01
22121417180311 176  3.25891e-01
22121417180312 167  2.94609e-01
22121417180391 164  3.37627e-01
22121417180392 160  3.18152e-01
22121417180501 172  3.59978e-01
22121417180502 166  3.17065e-01
22121417180631 165  3.24818e-01
22121417180632 166  3.35010e-01
22121417180791 176  3.68630e-01
22121417180792 176  3.31202e-01
22121417225101 140  3.13594e-01
22121417225102 141  3.15553e-01
22121417225121 151  3.47294e-01
22121417225122 143  2.92017e-01
22121417225151 153  3.11262e-01
22121417225152 151  3.32785e-01
22121417225191 150  3.01473e-01
22121417225192 159  3.42325e-01
22121417225251 164  3.68349e-01
22121417225252 158  2.76089e-01
22121417225311 158  3.53974e-01
22121417225312 168  3.40849e-01
22121417225391 163  3.30341e-01
22121417225392 158  3.13111e-01
22121417225501 164  3.44136e-01
22121417225502 169  3.56124e-01
22121417225631 167  3.38392e-01
22121417225632 169  3.30067e-01
22121417225791 167  3.43529e-01
22121417225792 176  3.51507e-01
22121417270101 139  3.12461e-01
22121417270102 146  3.35387e-01
22121417270121 147  2.95987e-01
22121417270122 140  3.10669e-01
22121417270151 147  3.27221e-01
22121417270152 152  3.08309e-01
22121417270191 165  3.70295e-01
22121417270192 154  3.10624e-01
22121417270251 154  3.32312e-01
22121417270252 157  3.35603e-01
22121417270311 152  3.29806e-01
22121417270312 161  3.54092e-01
22121417270391 166  3.17744e-01
22121417270392 167  3.42985e-01
22121417270501 165  3.27552e-01
22121417270502 162  3.19620e-01
22121417270631 166  3.24966e-01
22121417270632 168  3.68213e-01
22121417270791 167  3.06019e-01
22121417270792 166  3.30797e-01
22121417315101 133  2.89644e-01
22121417315102 133  3.18947e-01
22121417315121 139  2.88012e-01
22121417315122 148  3.00372e-01
22121417315151 147  3.37220e-01
22121417315152 134  2.95261e-01
22121417315191 155  3.46748e-01
22121417315192 141  2.93338e-01
22121417315251 153  3.35373e-01
22121417315252 149  3.32137e-01
22121417315311 150  3.43182e-01
22121417315312 152  3.22134e-01
22121417315391 154  3.33413e-01
22121417315392 161  3.23734e-01
22121417315501 157  3.51774e-01
22121417315502 157  3.42739e-01
22121417315631 162  3.32987e-01
22121417315632 166  3.27039e-01
22121417315791 176  3.78735e-01
22121417315792 166  3.56236e-01
22129291801001  96  5.35180e-01
22129291801002  85  5.83496e-01
22129291801251  97  7.43434e-01
22129291801252 115  6.62198e-01
22129291801255 107  7.07914e-01
22129291801581 116  7.14280e-01
22129291801582 116  6.61117e-01
22129291801585 113  7.39326e-01
22129291801991 112  7.18131e-01
22129291801992 121  6.54154e-01
22129291801995 113  6.24505e-01
22129291802511 122  6.94482e-01
22129291802512 125  8.14446e-01
22129291802515 123  8.02804e-01
22129291803161 123  7.52162e-01
22129291803162 124  7.27236e-01
22129291803165 122  7.32457e-01
22129291803981 124  7.06385e-01
22129291803982 124  8.22057e-01
22129291803985 128  9.72230e-01
22129292251001  89  5.63678e-01
22129292251002  86  5.99067e-01
22129292251251 101  6.91540e-01
22129292251252 112  7.17451e-01
22129292251255 110  6.44405e-01
22129292251581 118  7.85991e-01
22129292251582 115  7.24612e-01
22129292251585 110  6.72885e-01
22129292251991 117  7.16450e-01
22129292251992 120  7.79567e-01
22129292251995 119  7.79416e-01
22129292252511 119  6.60269e-01
22129292252512 120  7.66359e-01
22129292252515 118  8.02706e-01
22129292253161 126  7.20141e-01
22129292253162 127  7.23721e-01
22129292253165 128  7.16415e-01
22129292253981 126  7.63158e-01
22129292253982 126  7.70647e-01
22129292253985 125  8.49908e-01
22129292701001  93  6.08936e-01
22129292701002  88  5.57596e-01
22129292701251 106  6.84860e-01
22129292701252 112  6.92856e-01
22129292701255 103  6.52360e-01
22129292701581 113  6.54413e-01
22129292701582 114  7.23745e-01
22129292701585 111  7.27270e-01
22129292701991 120  6.84374e-01
22129292701992 118  6.47897e-01
22129292701995 123  6.25337e-01
22129292702511 123  8.02590e-01
22129292702512 120  6.85955e-01
22129292702515 118  7.25216e-01
22129292703161 122  6.87460e-01
22129292703162 127  9.20281e-01
22129292703165 124  7.41963e-01
22129292703981 124  1.02791e+00
22129292703982 123  8.21740e-01
22129292703985 125  8.69867e-01
22129293151001  95  5.91173e-01
22129293151002  98  6.80245e-01
22129293151251 105  7.32440e-01
22129293151252  95  6.67896e-01
22129293151255 110  7.14886e-01
22129293151581 110  6.84338e-01
22129293151582 114  7.35320e-01
22129293151585 110  6.73299e-01
22129293151991 122  7.62474e-01
22129293151992 120  6.97506e-01
22129293151995 117  8.41782e-01
22129293152511 120  7.69544e-01
22129293152512 121  7.43838e-01
22129293152515 117  7.14888e-01
22129293153161 126  7.30577e-01
22129293153162 127  6.73616e-01
22129293153165 124  9.57458e-01
22129293153981 127  7.53602e-01
22129293153982 125  6.83584e-01
22129293153985 126  7.44101e-01
22129351801001 113  6.75537e-01
22129351801002  97  5.72565e-01
22129351801251 117  6.94493e-01
22129351801252 113  6.69502e-01
22129351801255 113  6.65666e-01
22129351801581 116  6.16779e-01
22129351801582 118  6.64252e-01
22129351801585 122  6.29220e-01
22129351801991 122  6.95142e-01
22129351801992 120  5.70934e-01
22129351801995 121  6.36033e-01
22129351802511 122  6.60469e-01
22129351802512 124  6.57130e-01
22129351802515 123  6.66140e-01
22129351803161 122  6.78443e-01
22129351803162 130  6.83132e-01
22129351803165 128  6.76677e-01
22129351803981 127  6.94523e-01
22129351803982 129  6.51460e-01
22129351803985 130  7.16662e-01
22129352251001 101  5.75083e-01
22129352251002 106  5.87320e-01
22129352251251 112  6.03892e-01
22129352251252  90  5.76780e-01
22129352251255 114  6.24104e-01
22129352251581 117  6.02769e-01
22129352251582 120  5.75944e-01
22129352251585 119  7.20574e-01
22129352251991 125  6.38129e-01
22129352251992 119  6.76722e-01
22129352251995 119  6.32377e-01
22129352252511 122  6.57591e-01
22129352252512 130  6.29115e-01
22129352252515 121  6.77267e-01
22129352253161 123  6.59345e-01
22129352253162 127  6.28504e-01
22129352253165 124  6.11183e-01
22129352253981 128  6.89501e-01
22129352253982 131  6.75322e-01
22129352253985 134  7.80520e-01
22129352701001 100  5.83002e-01
22129352701002 111  6.40283e-01
22129352701251 114  6.77728e-01
22129352701252 115  6.63489e-01
22129352701255 115  6.82011e-01
22129352701581 122  6.54940e-01
22129352701582 118  7.05171e-01
22129352701585 119  7.08411e-01
22129352701991 125  6.21127e-01
22129352701992 124  6.91075e-01
22129352701995 121  6.63025e-01
22129352702511 126  6.94306e-01
22129352702512 120  6.41981e-01
22129352702515 124  6.62669e-01
22129352703161 126  6.63783e-01
22129352703162 126  6.28728e-01
22129352703165 127  6.71057e-01
22129352703981 126  6.49332e-01
22129352703982 126  7.08424e-01
22129352703985 130  6.90584e-01
22129353151001 112  5.81158e-01
22129353151002 113  6.61176e-01
22129353151251 115  6.50710e-01
22129353151252 112  6.07680e-01
22129353151255 114  5.73806e-01
22129353151581 116  6.33040e-01
22129353151582 122  6.92705e-01
22129353151585 117  6.82391e-01
22129353151991 118  6.25638e-01
22129353151992 121  6.44619e-01
22129353151995 119  6.01328e-01
22129353152511 126  7.03338e-01
22129353152512 122  6.66950e-01
22129353152515 126  6.41387e-01
22129353153161 125  6.68703e-01
22129353153162 129  6.14717e-01
22129353153165 124  6.68615e-01
22129353153981 127  7.88041e-01
22129353153982 128  6.38404e-01
22129353153985 127  7.30305e-01
22129421801001 115  5.98442e-01
22129421801002 113  5.98327e-01
22129421801251 115  5.58157e-01
22129421801252 118  5.47073e-01
22129421801255 120  5.49841e-01
22129421801581 125  5.72989e-01
22129421801582 123  5.55899e-01
22129421801585 125  5.77817e-01
22129421801991 121  5.45889e-01
22129421801992 122  5.88298e-01
22129421801995 121  6.02893e-01
22129421802511 128  6.06978e-01
22129421802512 124  5.56647e-01
22129421802515 126  6.84643e-01
22129421803161 128  6.07952e-01
22129421803162 129  6.02530e-01
22129421803165 127  6.33441e-01
22129421803981 135  6.12098e-01
22129421803982 131  5.92016e-01
22129421803985 131  6.25543e-01
22129422251001 114  5.37245e-01
22129422251002 114  5.54325e-01
22129422251251 122  5.45547e-01
22129422251252 117  6.11528e-01
22129422251255 118  6.06887e-01
22129422251581 121  6.56026e-01
22129422251582 122  5.74041e-01
22129422251585 123  6.00697e-01
22129422251991 124  6.37088e-01
22129422251992 127  5.92486e-01
22129422251995 123  5.79739e-01
22129422252511 124  5.59708e-01
22129422252512 125  5.85819e-01
22129422252515 126  6.50218e-01
22129422253161 127  6.55744e-01
22129422253162 130  6.12847e-01
22129422253165 127  6.33774e-01
22129422253981 131  6.22529e-01
22129422253982 133  6.42758e-01
22129422253985 132  6.21298e-01
22129422701001 112  5.21544e-01
22129422701002 113  5.45437e-01
22129422701251 115  5.22428e-01
22129422701252 121  5.84458e-01
22129422701255 116  5.65873e-01
22129422701581 121  6.40886e-01
22129422701582 122  6.46532e-01
22129422701585 118  5.92077e-01
22129422701991 122  5.77670e-01
22129422701992 126  6.05564e-01
22129422701995 121  5.94485e-01
22129422702511 125  6.14240e-01
22129422702512 127  6.31850e-01
22129422702515 129  5.63199e-01
22129422703161 132  6.07529e-01
22129422703162 126  5.61296e-01
22129422703165 128  5.69228e-01
22129422703981 131  5.86035e-01
22129422703982 132  6.07784e-01
22129422703985 130  5.77910e-01
22129423151001 110  7.11599e-01
22129423151002  98  4.98179e-01
22129423151251 117  5.76836e-01
22129423151252 120  6.12858e-01
22129423151255 117  5.97808e-01
22129423151581 118  6.19839e-01
22129423151582 120  6.33959e-01
22129423151585 122  6.41085e-01
22129423151991 125  6.65442e-01
22129423151992 121  6.32814e-01
22129423151995 127  5.78710e-01
22129423152511 127  6.31456e-01
22129423152512 130  6.50843e-01
22129423152515 123  6.51473e-01
22129423153161 127  7.00774e-01
22129423153162 126  6.68173e-01
22129423153165 126  6.33829e-01
22129423153981 135  6.52109e-01
22129423153982 131  6.29175e-01
22129423153985 130  6.04709e-01
22129501801001 120  5.57718e-01
22129501801002 120  5.52454e-01
22129501801251 120  5.19229e-01
22129501801252 123  5.54424e-01
22129501801255 122  4.92586e-01
22129501801581 126  5.30771e-01
22129501801582 128  5.52090e-01
22129501801585 124  5.66829e-01
22129501801991 129  5.32243e-01
22129501801992 126  5.48106e-01
22129501801995 129  5.43857e-01
22129501802511 127  5.74983e-01
22129501802512 128  5.47677e-01
22129501802515 129  5.70486e-01
22129501803161 130  5.74719e-01
22129501803162 131  6.06108e-01
22129501803165 134  5.80308e-01
22129501803981 134  5.71562e-01
22129501803982 137  5.83990e-01
22129501803985 128  5.17959e-01
22129502251001 120  5.56157e-01
22129502251002 116  5.63521e-01
22129502251251 119  4.87055e-01
22129502251252 118  7.52923e-01
22129502251255 117  5.34796e-01
22129502251581 123  6.10063e-01
22129502251582 126  5.40896e-01
22129502251585 123  5.70748e-01
22129502251991 128  5.69572e-01
22129502251992 127  4.98481e-01
22129502251995 125  5.75010e-01
22129502252511 133  5.60047e-01
22129502252512 128  5.13478e-01
22129502252515 127  5.46123e-01
22129502253161 131  5.34895e-01
22129502253162 132  5.31646e-01
22129502253165 136  5.89019e-01
22129502253981 130  4.88068e-01
22129502253982 131  5.28926e-01
22129502253985 135  5.83695e-01
22129502701001 114  7.26941e-01
22129502701002 118  4.97862e-01
22129502701251 118  5.72083e-01
22129502701252 122  5.55877e-01
22129502701255 122  5.44347e-01
22129502701581 121  6.50156e-01
22129502701582 124  5.53946e-01
22129502701585 126  5.86165e-01
22129502701991 129  5.90503e-01
22129502701992 131  5.54800e-01
22129502701995 126  4.95898e-01
22129502702511 128  5.38215e-01
22129502702512 126  6.31953e-01
22129502702515 127  5.05116e-01
22129502703161 135  5.62981e-01
22129502703162 129  4.95037e-01
22129502703165 131  5.98974e-01
22129502703981 133  4.64934e-01
22129502703982 134  6.32378e-01
22129502703985 135  5.10875e-01
22129503151001 120  5.84217e-01
22129503151002 116  5.73524e-01
22129503151251 123  5.55512e-01
22129503151252 121  5.14722e-01
22129503151255 118  6.98581e-01
22129503151581 122  5.10998e-01
22129503151582 121  5.78035e-01
22129503151585 126  5.59097e-01
22129503151991 124  5.36549e-01
22129503151992 130  5.83520e-01
22129503151995 125  5.74572e-01
22129503152511 127  5.93583e-01
22129503152512 130  5.86704e-01
22129503152515 130  5.57341e-01
22129503153161 132  5.46732e-01
22129503153162 133  6.14970e-01
22129503153165 133  5.83377e-01
22129503153981 134  5.62545e-01
22129503153982 132  5.67615e-01
22129503153985 132  5.38410e-01
22129601801001 121  4.80378e-01
22129601801002 117  6.47855e-01
22129601801251 121  6.18710e-01
22129601801252 124  5.35552e-01
22129601801255 125  4.85758e-01
22129601801581 126  4.68183e-01
22129601801582 128  5.31639e-01
22129601801585 126  4.87011e-01
22129601801991 129  4.78321e-01
22129601801992 127  5.21803e-01
22129601801995 130  5.01681e-01
22129601802511 133  4.74773e-01
22129601802512 132  4.94183e-01
22129601802515 132  4.77788e-01
22129601803161 134  5.61264e-01
22129601803162 141  5.26835e-01
22129601803165 136  4.92756e-01
22129601803981 134  4.44605e-01
22129601803982 135  4.77266e-01
22129601803985 134  5.19698e-01
22129602251001 119  6.63243e-01
22129602251002 121  6.81521e-01
22129602251251 127  5.60382e-01
22129602251252 127  5.38663e-01
22129602251255 123  4.88141e-01
22129602251581 127  5.66571e-01
22129602251582 129  5.41748e-01
22129602251585 127  5.38072e-01
22129602251991 126  5.36361e-01
22129602251992 132  5.89349e-01
22129602251995 129  5.17530e-01
22129602252511 133  5.74286e-01
22129602252512 130  5.59813e-01
22129602252515 129  4.96403e-01
22129602253161 134  5.75703e-01
22129602253162 134  5.39284e-01
22129602253165 134  5.52668e-01
22129602253981 135  5.14657e-01
22129602253982 134  4.88743e-01
22129602253985 138  5.51128e-01
22129602701001 121  5.30570e-01
22129602701002 118  6.65745e-01
22129602701251 126  5.03542e-01
22129602701252 125  4.44492e-01
22129602701255 127  6.56694e-01
22129602701581 126  5.34406e-01
22129602701582 128  5.30044e-01
22129602701585 127  6.05750e-01
22129602701991 126  4.85709e-01
22129602701992 130  4.98079e-01
22129602701995 129  5.07785e-01
22129602702511 132  5.14946e-01
22129602702512 134  5.32462e-01
22129602702515 135  5.44170e-01
22129602703161 136  4.71606e-01
22129602703162 134  4.86418e-01
22129602703165 131  4.64863e-01
22129602703981 134  5.20078e-01
22129602703982 136  5.02316e-01
22129602703985 135  5.18278e-01
22129603151001 121  5.27458e-01
22129603151002 123  5.54575e-01
22129603151251 123  4.45779e-01
22129603151252 123  6.83618e-01
22129603151255 125  6.15019e-01
22129603151581 124  5.30349e-01
22129603151582 127  5.34588e-01
22129603151585 122  5.06432e-01
22129603151991 133  4.75764e-01
22129603151992 132  5.01866e-01
22129603151995 130  5.38177e-01
22129603152511 133  5.27762e-01
22129603152512 133  5.37039e-01
22129603152515 132  5.21165e-01
22129603153161 137  5.93928e-01
22129603153162 133  4.68217e-01
22129603153165 135  4.83866e-01
22129603153981 139  4.65224e-01
22129603153982 140  5.01023e-01
22129603153985 138  5.24686e-01
22129721801001 129  5.37262e-01
22129721801002 127  4.95630e-01
22129721801251 130  5.96941e-01
22129721801252 128  4.79977e-01
22129721801255 126  5.04764e-01
22129721801581 131  6.81679e-01
22129721801582 132  4.64002e-01
22129721801585 129  4.67711e-01
22129721801991 131  4.51312e-01
22129721801992 132  4.78045e-01
22129721801995 131  4.59017e-01
22129721802511 134  4.23438e-01
22129721802512 136  4.45335e-01
22129721802515 133  4.72644e-01
22129721803161 135  4.81322e-01
22129721803162 135  4.82311e-01
22129721803165 137  4.42804e-01
22129721803981 141  5.04608e-01
22129721803982 134  4.56891e-01
22129721803985 140  4.47533e-01
22129722251001 124  5.75184e-01
22129722251002 131  4.97299e-01
22129722251251 127  4.67700e-01
22129722251252 127  4.51563e-01
22129722251255 124  5.27017e-01
22129722251581 126  5.03487e-01
22129722251582 133  5.13420e-01
22129722251585 131  4.42257e-01
22129722251991 130  4.43484e-01
22129722251992 129  5.05730e-01
22129722251995 135  4.76504e-01
22129722252511 136  5.05058e-01
22129722252512 135  5.00703e-01
22129722252515 136  4.65618e-01
22129722253161 137  4.72811e-01
22129722253162 134  4.88836e-01
22129722253165 137  4.41807e-01
22129722253981 135  4.69649e-01
22129722253982 138  5.15046e-01
22129722253985 142  5.01365e-01
22129722701001 123  5.90973e-01
22129722701002 131  4.53858e-01
22129722701251 127  5.52266e-01
22129722701252 128  5.04726e-01
22129722701255 128  5.03825e-01
22129722701581 127  5.26961e-01
22129722701582 129  4.89689e-01
22129722701585 129  5.28957e-01
22129722701991 134  4.47676e-01
22129722701992 133  4.58545e-01
22129722701995 132  4.94879e-01
22129722702511 133  4.43035e-01
22129722702512 132  4.46159e-01
22129722702515 137  4.57197e-01
22129722703161 136  4.74352e-01
22129722703162 137  4.58688e-01
22129722703165 140  4.75125e-01
22129722703981 138  4.62836e-01
22129722703982 137  5.26581e-01
22129722703985 136  4.25830e-01
22129723151001 123  4.41827e-01
22129723151002 125  4.97721e-01
22129723151251 126  4.75019e-01
22129723151252 128  5.20943e-01
22129723151255 127  4.05912e-01
22129723151581 133  4.96347e-01
22129723151582 130  4.87645e-01
22129723151585 131  4.87670e-01
22129723151991 131  4.18060e-01
22129723151992 125  5.08961e-01
22129723151995 130  5.02099e-01
22129723152511 138  4.48340e-01
22129723152512 136  4.72192e-01
22129723152515 134  5.01706e-01
22129723153161 136  4.68368e-01
22129723153162 138  4.98496e-01
22129723153165 140  4.81865e-01
22129723153981 139  4.44277e-01
22129723153982 138  4.44567e-01
22129723153985 139  5.57599e-01
22129871801001 126  5.17002e-01
22129871801002 128  4.73427e-01
22129871801251 128  4.51939e-01
22129871801252 131  4.19251e-01
22129871801255 129  5.05838e-01
22129871801581 131  4.16942e-01
22129871801582 135  4.70778e-01
22129871801585 131  4.61723e-01
22129871801991 135  4.30905e-01
22129871801992 136  4.54660e-01
22129871801995 135  4.36561e-01
22129871802511 138  4.36041e-01
22129871802512 133  4.73400e-01
22129871802515 139  4.61581e-01
22129871803161 139  4.54167e-01
22129871803162 142  4.56748e-01
22129871803165 137  4.71239e-01
22129871803981 140  4.78769e-01
22129871803982 143  4.84001e-01
22129871803985 146  4.42638e-01
22129872251001 131  4.12077e-01
22129872251002 128  4.49283e-01
22129872251251 127  4.38176e-01
22129872251252 131  6.16492e-01
22129872251255 133  4.31226e-01
22129872251581 140  4.78921e-01
22129872251582 135  4.28612e-01
22129872251585 133  4.47527e-01
22129872251991 140  5.15849e-01
22129872251992 139  4.96223e-01
22129872251995 133  5.05248e-01
22129872252511 134  4.26551e-01
22129872252512 138  4.67518e-01
22129872252515 139  4.79066e-01
22129872253161 142  4.34888e-01
22129872253162 141  4.55728e-01
22129872253165 137  4.56385e-01
22129872253981 145  4.70446e-01
22129872253982 138  4.85231e-01
22129872253985 142  4.27815e-01
22129872701001 131  4.47688e-01
22129872701002 129  4.23931e-01
22129872701251 134  4.39068e-01
22129872701252 129  4.70726e-01
22129872701255 129  4.16684e-01
22129872701581 134  4.70637e-01
22129872701582 135  4.01200e-01
22129872701585 135  5.00269e-01
22129872701991 134  4.32898e-01
22129872701992 135  4.69460e-01
22129872701995 132  4.37782e-01
22129872702511 138  4.56017e-01
22129872702512 136  4.98043e-01
22129872702515 141  4.45709e-01
22129872703161 141  4.50429e-01
22129872703162 135  5.33586e-01
22129872703165 138  4.70237e-01
22129872703981 142  4.96639e-01
22129872703982 140  4.82694e-01
22129872703985 137  4.58300e-01
22129873151001 129  4.24896e-01
22129873151002 127  4.65116e-01
22129873151251 129  3.99806e-01
22129873151252 128  4.80516e-01
22129873151255 130  4.68733e-01
22129873151581 132  4.51741e-01
22129873151582 133  4.91262e-01
22129873151585 133  4.48535e-01
22129873151991 136  4.78784e-01
22129873151992 136  4.47548e-01
22129873151995 137  4.70995e-01
22129873152511 136  4.75603e-01
22129873152512 138  3.99103e-01
22129873152515 139  4.26511e-01
22129873153161 138  4.47041e-01
22129873153162 141  5.15251e-01
22129873153165 140  4.72128e-01
22129873153981 142  4.53176e-01
22129873153982 139  4.40431e-01
22129873153985 141  4.27308e-01
221210051801001 132  4.01856e-01
221210051801002 126  3.99446e-01
221210051801251 132  4.34375e-01
221210051801252 131  3.98636e-01
221210051801255 134  4.56395e-01
221210051801581 137  4.25085e-01
221210051801582 138  4.48944e-01
221210051801585 133  4.12621e-01
221210051801991 140  4.32634e-01
221210051801992 142  4.16251e-01
221210051801995 140  4.38865e-01
221210051802511 142  4.22662e-01
221210051802512 139  4.07772e-01
221210051802515 146  4.35366e-01
221210051803161 139  4.73160e-01
221210051803162 140  4.26837e-01
221210051803165 144  4.21565e-01
221210051803981 142  4.39966e-01
221210051803982 142  4.31702e-01
221210051803985 147  4.46533e-01
221210052251001 134  4.69359e-01
221210052251002 132  4.72545e-01
221210052251251 134  3.98671e-01
221210052251252 135  4.40996e-01
221210052251255 136  4.58179e-01
221210052251581 137  4.75785e-01
221210052251582 136  4.28604e-01
221210052251585 138  4.53063e-01
221210052251991 139  4.17327e-01
221210052251992 136  5.32222e-01
221210052251995 145  5.15364e-01
221210052252511 140  4.27039e-01
221210052252512 141  4.27332e-01
221210052252515 140  4.32432e-01
221210052253161 144  4.14314e-01
221210052253162 141  4.36346e-01
221210052253165 142  4.13374e-01
221210052253981 140  4.26535e-01
221210052253982 141  4.21915e-01
221210052253985 146  4.19547e-01
221210052701001 134  4.51993e-01
221210052701002 133  4.02805e-01
221210052701251 133  4.48865e-01
221210052701252 136  4.28656e-01
221210052701255 135  4.25836e-01
221210052701581 136  4.41963e-01
221210052701582 135  4.03276e-01
221210052701585 138  3.88969e-01
221210052701991 136  4.08000e-01
221210052701992 136  4.58813e-01
221210052701995 141  4.13820e-01
221210052702511 140  3.75391e-01
221210052702512 141  4.16827e-01
221210052702515 143  4.03555e-01
221210052703161 143  4.20990e-01
221210052703162 143  4.27795e-01
221210052703165 140  4.20688e-01
221210052703981 149  4.04543e-01
221210052703982 145  4.27097e-01
221210052703985 144  4.48124e-01
221210053151001 131  4.14939e-01
221210053151002 131  4.96039e-01
221210053151251 135  4.56753e-01
221210053151252 134  4.45123e-01
221210053151255 134  4.16871e-01
221210053151581 139  4.66011e-01
221210053151582 137  4.20889e-01
221210053151585 137  4.23589e-01
221210053151991 136  4.21704e-01
221210053151992 141  4.09577e-01
221210053151995 143  4.30955e-01
221210053152511 138  4.12241e-01
221210053152512 138  4.13540e-01
221210053152515 139  4.51899e-01
221210053153161 145  4.22638e-01
221210053153162 145  4.05712e-01
221210053153165 141  4.06264e-01
221210053153981 149  4.43365e-01
221210053153982 138  4.01909e-01
221210053153985 143  4.26293e-01
221210261801001 139  3.96656e-01
221210261801002 138  4.06358e-01
221210261801251 136  3.82165e-01
221210261801252 134  3.86253e-01
221210261801255 135  4.29319e-01
221210261801581 141  4.15910e-01
221210261801582 142  4.05064e-01
221210261801585 140  3.73828e-01
221210261801991 141  3.63794e-01
221210261801992 141  3.82166e-01
221210261801995 142  4.06097e-01
221210261802511 139  3.59017e-01
221210261802512 142  3.87526e-01
221210261802515 147  3.72452e-01
221210261803161 142  4.28909e-01
221210261803162 147  3.94355e-01
221210261803165 145  4.51615e-01
221210261803981 147  4.23382e-01
221210261803982 149  4.12853e-01
221210261803985 145  4.19905e-01
221210262251001 136  4.35271e-01
221210262251002 134  3.80288e-01
221210262251251 141  4.11214e-01
221210262251252 138  4.01351e-01
221210262251255 143  3.79401e-01
221210262251581 139  3.80965e-01
221210262251582 141  3.84149e-01
221210262251585 138  3.86659e-01
221210262251991 142  3.88678e-01
221210262251992 143  4.32838e-01
221210262251995 142  4.48343e-01
221210262252511 141  3.93191e-01
221210262252512 143  4.11499e-01
221210262252515 143  3.96056e-01
221210262253161 148  3.98496e-01
221210262253162 144  3.84671e-01
221210262253165 147  4.09269e-01
221210262253981 146  4.11804e-01
221210262253982 141  4.12736e-01
221210262253985 146  3.87218e-01
221210262701001 134  3.65606e-01
221210262701002 133  3.65924e-01
221210262701251 138  3.59111e-01
221210262701252 143  4.22491e-01
221210262701255 134  4.09088e-01
221210262701581 137  4.21006e-01
221210262701582 143  4.23386e-01
221210262701585 141  3.78658e-01
221210262701991 143  3.82206e-01
221210262701992 143  3.95679e-01
221210262701995 141  4.14095e-01
221210262702511 145  3.99171e-01
221210262702512 144  4.34418e-01
221210262702515 150  3.93077e-01
221210262703161 146  3.97735e-01
221210262703162 146  3.70643e-01
221210262703165 147  3.99185e-01
221210262703981 150  3.86594e-01
221210262703982 148  4.02259e-01
221210262703985 145  4.23497e-01
221210263151001 135  4.25303e-01
221210263151002 137  4.43032e-01
221210263151251 136  4.48267e-01
221210263151252 136  3.90365e-01
221210263151255 141  4.04191e-01
221210263151581 140  3.76220e-01
221210263151582 140  4.45492e-01
221210263151585 141  3.70790e-01
221210263151991 141  3.81400e-01
221210263151992 140  3.55031e-01
221210263151995 144  3.84843e-01
221210263152511 144  3.82469e-01
221210263152512 147  4.01206e-01
221210263152515 144  4.40015e-01
221210263153161 141  3.90714e-01
221210263153162 142  4.58947e-01
221210263153165 143  4.10533e-01
221210263153981 145  4.12258e-01
221210263153982 145  4.08332e-01
221210263153985 146  3.86002e-01
221210521801001 144  3.95439e-01
221210521801002 139  3.57020e-01
221210521801251 142  3.85747e-01
221210521801252 145  4.06228e-01
221210521801255 140  3.99245e-01
221210521801581 142  3.84006e-01
221210521801582 142  3.63940e-01
221210521801585 141  3.71725e-01
221210521801991 147  3.72677e-01
221210521801992 144  3.58532e-01
221210521801995 145  3.66044e-01
221210521802511 146  4.14610e-01
221210521802512 146  4.16159e-01
221210521802515 141  3.22074e-01
221210521803161 148  3.53223e-01
221210521803162 150  3.54948e-01
221210521803165 147  3.60229e-01
221210521803981 153  3.90579e-01
221210521803982 152  4.24751e-01
221210521803985 153  3.92192e-01
221210522251001 146  3.93968e-01
221210522251002 142  3.47541e-01
221210522251251 145  3.94156e-01
221210522251252 141  4.04231e-01
221210522251255 143  3.54529e-01
221210522251581 144  3.92649e-01
221210522251582 141  3.78633e-01
221210522251585 143  3.78322e-01
221210522251991 153  3.77714e-01
221210522251992 143  3.64357e-01
221210522251995 141  4.04656e-01
221210522252511 144  4.15217e-01
221210522252512 144  3.71854e-01
221210522252515 144  3.90648e-01
221210522253161 149  3.82518e-01
221210522253162 147  3.37832e-01
221210522253165 151  3.23785e-01
221210522253981 152  3.79498e-01
221210522253982 152  3.86696e-01
221210522253985 150  3.68919e-01
221210522701001 142  3.91712e-01
221210522701002 142  4.01797e-01
221210522701251 142  3.73398e-01
221210522701252 145  3.74913e-01
221210522701255 140  3.91354e-01
221210522701581 142  3.66927e-01
221210522701582 135  3.32646e-01
221210522701585 141  3.85966e-01
221210522701991 140  3.43791e-01
221210522701992 140  3.85207e-01
221210522701995 142  3.77598e-01
221210522702511 150  3.63289e-01
221210522702512 145  3.60987e-01
221210522702515 148  3.86062e-01
221210522703161 150  3.63685e-01
221210522703162 152  3.81833e-01
221210522703165 149  3.71982e-01
221210522703981 148  3.68916e-01
221210522703982 155  3.59136e-01
221210522703985 149  3.78582e-01
221210523151001 142  3.90299e-01
221210523151002 140  4.57836e-01
221210523151251 143  3.82903e-01
221210523151252 140  3.93319e-01
221210523151255 142  4.15707e-01
221210523151581 142  4.09456e-01
221210523151582 141  4.11694e-01
221210523151585 142  3.88006e-01
221210523151991 145  3.97397e-01
221210523151992 146  3.96030e-01
221210523151995 143  3.85169e-01
221210523152511 142  4.02698e-01
221210523152512 145  3.73218e-01
221210523152515 145  3.63831e-01
221210523153161 150  4.09138e-01
221210523153162 154  3.72853e-01
221210523153165 148  3.55222e-01
221210523153981 149  3.79081e-01
221210523153982 152  4.21522e-01
221210523153985 152  4.00887e-01
221210831801001 140  3.76705e-01
221210831801002 141  3.83067e-01
221210831801251 143  3.85098e-01
221210831801252 149  3.35827e-01
221210831801255 146  4.01183e-01
221210831801581 148  3.77742e-01
221210831801582 147  4.26638e-01
221210831801585 151  4.17839e-01
221210831801991 146  3.94546e-01
221210831801992 145  3.45251e-01
221210831801995 152  3.71007e-01
221210831802511 151  3.81291e-01
221210831802512 152  3.44383e-01
221210831802515 149  3.98645e-01
221210831803161 150  3.69444e-01
221210831803162 152  4.03694e-01
221210831803165 150  3.74390e-01
221210831803981 153  4.31164e-01
221210831803982 151  3.55087e-01
221210831803985 153  3.55934e-01
221210832251001 141  3.62044e-01
221210832251002 142  3.58814e-01
221210832251251 145  3.27727e-01
221210832251252 143  3.87914e-01
221210832251255 141  3.50252e-01
221210832251581 145  3.88367e-01
221210832251582 146  3.63666e-01
221210832251585 147  3.69761e-01
221210832251991 152  4.10556e-01
221210832251992 152  3.66860e-01
221210832251995 152  3.59808e-01
221210832252511 152  4.06901e-01
221210832252512 154  4.11633e-01
221210832252515 154  3.87171e-01
221210832253161 155  3.41424e-01
221210832253162 149  3.11153e-01
221210832253165 153  3.76249e-01
221210832253981 153  3.58510e-01
221210832253982 149  3.70750e-01
221210832253985 148  3.81696e-01
221210832701001 143  3.57695e-01
221210832701002 141  3.59498e-01
221210832701251 144  3.27577e-01
221210832701252 143  3.85451e-01
221210832701255 139  3.34888e-01
221210832701581 146  3.56834e-01
221210832701582 142  3.50894e-01
221210832701585 142  3.06865e-01
221210832701991 147  3.60666e-01
221210832701992 155  3.62655e-01
221210832701995 146  3.73404e-01
221210832702511 151  3.73671e-01
221210832702512 153  4.02093e-01
221210832702515 152  3.36102e-01
221210832703161 152  3.58876e-01
221210832703162 152  3.78138e-01
221210832703165 154  3.80187e-01
221210832703981 153  3.61158e-01
221210832703982 154  3.79229e-01
221210832703985 151  3.50979e-01
221210833151001 142  3.46429e-01
221210833151002 145  4.01266e-01
221210833151251 142  3.86165e-01
221210833151252 142  3.52427e-01
221210833151255 139  3.46095e-01
221210833151581 142  3.82421e-01
221210833151582 142  4.19746e-01
221210833151585 142  3.54108e-01
221210833151991 154  3.54266e-01
221210833151992 146  3.74866e-01
221210833151995 147  3.88189e-01
221210833152511 152  3.80930e-01
221210833152512 148  4.14835e-01
221210833152515 147  3.46726e-01
221210833153161 152  3.83424e-01
221210833153162 151  4.19977e-01
221210833153165 152  3.90623e-01
221210833153981 152  3.43745e-01
221210833153982 153  3.56373e-01
221210833153985 144  3.30995e-01
221211221801001 147  4.00624e-01
221211221801002 148  3.74662e-01
221211221801251 150  3.74644e-01
221211221801252 155  3.50126e-01
221211221801255 153  3.94781e-01
221211221801581 150  3.25751e-01
221211221801582 152  3.56395e-01
221211221801585 153  3.67232e-01
221211221801991 152  3.30360e-01
221211221801992 151  3.38997e-01
221211221801995 151  3.86395e-01
221211221802511 151  3.48099e-01
221211221802512 154  3.64453e-01
221211221802515 152  3.79768e-01
221211221803161 153  3.62533e-01
221211221803162 154  3.74938e-01
221211221803165 151  3.54457e-01
221211221803981 155  3.25050e-01
221211221803982 154  3.67635e-01
221211221803985 158  3.33525e-01
221211222251001 149  4.06005e-01
221211222251002 147  3.64774e-01
221211222251251 153  3.60779e-01
221211222251252 145  3.49528e-01
221211222251255 153  3.91545e-01
221211222251581 148  3.87824e-01
221211222251582 149  3.64446e-01
221211222251585 152  3.34287e-01
221211222251991 152  4.12519e-01
221211222251992 151  3.51346e-01
221211222251995 151  3.16335e-01
221211222252511 153  3.67599e-01
221211222252512 154  3.63216e-01
221211222252515 151  3.40653e-01
221211222253161 152  4.00846e-01
221211222253162 155  3.66444e-01
221211222253165 153  3.78058e-01
221211222253981 154  4.02212e-01
221211222253982 152  3.71005e-01
221211222253985 159  3.57456e-01
221211222701001 144  3.66880e-01
221211222701002 140  3.44518e-01
221211222701251 147  3.78322e-01
221211222701252 148  3.64555e-01
221211222701255 146  3.83104e-01
221211222701581 153  3.31658e-01
221211222701582 151  3.97834e-01
221211222701585 152  3.06600e-01
221211222701991 154  3.41658e-01
221211222701992 152  3.48695e-01
221211222701995 150  3.77025e-01
221211222702511 154  3.50384e-01
221211222702512 157  3.52505e-01
221211222702515 153  3.87432e-01
221211222703161 151  3.61839e-01
221211222703162 151  3.49885e-01
221211222703165 153  3.61278e-01
221211222703981 151  3.63493e-01
221211222703982 158  3.72356e-01
221211222703985 155  3.83929e-01
221211223151001 148  3.93578e-01
221211223151002 144  3.44959e-01
221211223151251 147  4.12912e-01
221211223151252 140  3.31723e-01
221211223151255 144  3.58672e-01
221211223151581 150  3.24210e-01
221211223151582 147  3.33501e-01
221211223151585 151  3.56639e-01
221211223151991 150  3.41248e-01
221211223151992 150  3.49673e-01
221211223151995 151  3.61269e-01
221211223152511 152  3.30194e-01
221211223152512 153  3.79564e-01
221211223152515 151  3.50229e-01
221211223153161 152  3.70680e-01
221211223153162 152  3.55162e-01
221211223153165 156  3.65812e-01
221211223153981 156  3.90526e-01
221211223153982 158  3.46036e-01
221211223153985 158  3.68294e-01
221211701801001 153  3.67270e-01
221211701801002 150  3.23056e-01
221211701801251 150  3.26166e-01
221211701801252 152  3.66463e-01
221211701801581 152  3.34570e-01
221211701801582 154  3.23725e-01
221211701801585 156  3.45143e-01
221211701801991 154  3.55033e-01
221211701801992 155  3.48414e-01
221211701801995 159  3.43280e-01
221211701802511 159  3.11649e-01
221211701802512 157  3.39918e-01
221211701802515 157  3.57144e-01
221211701803161 163  3.33166e-01
221211701803162 159  2.91377e-01
221211701803165 161  3.12462e-01
221211701803981 167  2.88238e-01
221211701803982 165  3.13129e-01
221211701803985 161  3.45627e-01
221211702251001 155  3.90625e-01
221211702251002 150  3.23079e-01
221211702251251 152  3.35989e-01
221211702251252 154  3.41988e-01
221211702251581 148  3.43614e-01
221211702251582 152  3.19105e-01
221211702251585 156  3.00517e-01
221211702251991 154  3.36152e-01
221211702251992 152  2.99669e-01
221211702251995 158  3.55511e-01
221211702252511 157  3.63718e-01
221211702252512 157  3.15293e-01
221211702252515 165  3.04663e-01
221211702253161 164  3.64153e-01
221211702253162 161  3.39326e-01
221211702253165 163  3.72176e-01
221211702253981 165  3.70156e-01
221211702253982 167  3.50136e-01
221211702253985 165  3.61141e-01
221211702701001 152  3.33093e-01
221211702701002 150  3.40058e-01
221211702701251 152  3.34238e-01
221211702701252 148  3.40457e-01
221211702701581 152  3.25248e-01
221211702701582 151  3.17817e-01
221211702701585 154  2.97704e-01
221211702701991 148  3.67218e-01
221211702701992 154  3.44361e-01
221211702701995 156  3.37789e-01
221211702702511 159  3.82501e-01
221211702702512 156  3.40435e-01
221211702702515 165  3.61260e-01
221211702703161 161  3.67616e-01
221211702703162 161  3.11716e-01
221211702703165 165  3.22835e-01
221211702703981 159  3.45466e-01
221211702703982 163  3.54832e-01
221211702703985 161  3.34230e-01
221211703151001 152  3.66720e-01
221211703151002 153  3.18314e-01
221211703151251 151  3.66607e-01
221211703151252 146  3.55339e-01
221211703151581 153  3.55376e-01
221211703151582 150  3.67289e-01
221211703151585 151  3.75106e-01
221211703151991 155  3.26950e-01
221211703151992 152  3.34600e-01
221211703151995 154  3.25352e-01
221211703152511 158  3.56889e-01
221211703152512 153  3.48361e-01
221211703152515 151  3.52988e-01
221211703153161 157  3.44072e-01
221211703153162 153  3.18295e-01
221211703153165 161  3.48954e-01
221211703153981 161  3.31264e-01
221211703153982 165  3.40054e-01
221211703153985 157  3.37061e-01
221212301801001 153  3.33542e-01
221212301801002 153  3.45583e-01
221212301801251 162  3.21285e-01
221212301801252 157  3.13372e-01
221212301801581 164  3.77512e-01
221212301801582 165  3.49427e-01
221212301801585 158  3.56659e-01
221212301801991 163  3.25949e-01
221212301801992 160  3.12640e-01
221212301801995 165  3.43892e-01
221212301802511 163  3.49054e-01
221212301802512 166  3.99637e-01
221212301802515 163  3.39523e-01
221212301803161 163  3.28207e-01
221212301803162 166  3.57670e-01
221212301803165 164  3.12745e-01
221212301803981 171  3.42039e-01
221212301803982 164  3.50604e-01
221212301803985 165  3.36444e-01
221212302251001 162  3.49286e-01
221212302251002 154  3.53196e-01
221212302251251 158  3.48907e-01
221212302251252 161  3.55104e-01
221212302251581 166  3.56140e-01
221212302251582 158  3.45295e-01
221212302251585 158  3.18210e-01
221212302251991 163  3.68802e-01
221212302251992 163  3.58583e-01
221212302251995 166  3.78209e-01
221212302252511 166  3.54178e-01
221212302252512 165  3.25883e-01
221212302252515 163  3.15308e-01
221212302253161 167  3.60692e-01
221212302253162 168  3.32801e-01
221212302253165 166  3.63595e-01
221212302253981 167  3.52402e-01
221212302253982 168  3.48754e-01
221212302253985 166  3.81598e-01
221212302701001 155  3.37161e-01
221212302701002 152  3.43639e-01
221212302701251 161  3.12640e-01
221212302701252 163  3.67380e-01
221212302701581 158  2.93235e-01
221212302701582 167  3.56943e-01
221212302701585 165  3.54265e-01
221212302701991 163  3.13648e-01
221212302701992 165  3.64553e-01
221212302701995 163  3.51817e-01
221212302702511 166  3.32247e-01
221212302702512 163  3.53181e-01
221212302702515 165  3.50276e-01
221212302703161 166  4.17539e-01
221212302703162 167  3.59033e-01
221212302703165 166  3.55328e-01
221212302703981 166  3.45277e-01
221212302703982 163  3.01907e-01
221212302703985 166  3.51568e-01
221212303151001 153  3.63111e-01
221212303151002 158  3.60612e-01
221212303151251 154  3.62209e-01
221212303151252 157  3.45161e-01
221212303151581 152  3.65594e-01
221212303151582 158  3.38587e-01
221212303151585 156  3.90473e-01
221212303151991 161  3.22129e-01
221212303151992 156  3.53750e-01
221212303151995 154  3.15548e-01
221212303152511 160  3.50297e-01
221212303152512 161  3.69337e-01
221212303152515 160  3.56761e-01
221212303153161 166  3.62557e-01
221212303153162 166  3.25840e-01
221212303153165 162  3.57562e-01
221212303153981 168  3.36768e-01
221212303153982 164  3.41158e-01
221212303153985 167  3.64554e-01
221213081801001 176  3.47440e-01
221213081801002 165  3.31669e-01
221213081801251 165  3.23372e-01
221213081801252 165  3.65184e-01
221213081801581 170  3.63030e-01
221213081801582 169  3.57705e-01
221213081801585 172  3.27638e-01
221213081801991 167  3.76531e-01
221213081801992 168  3.28500e-01
221213081801995 166  3.14096e-01
221213081802511 172  3.23003e-01
221213081802512 176  3.46773e-01
221213081802515 172  3.60375e-01
221213081803161 172  3.64172e-01
221213081803162 176  3.16112e-01
221213081803165 174  3.47840e-01
221213081803981 176  3.29486e-01
221213081803982 176  3.46518e-01
221213081803985 176  3.50865e-01
221213082251001 172  3.28520e-01
221213082251002 165  3.23939e-01
221213082251251 164  3.24837e-01
221213082251252 165  3.23530e-01
221213082251581 167  3.61871e-01
221213082251582 173  3.32195e-01
221213082251585 165  3.24724e-01
221213082251991 165  3.88136e-01
221213082251992 170  3.60631e-01
221213082251995 176  3.73963e-01
221213082252511 172  3.42978e-01
221213082252512 171  3.79958e-01
221213082252515 176  3.62801e-01
221213082253161 176  3.31418e-01
221213082253162 176  3.79943e-01
221213082253165 173  3.57645e-01
221213082253981 176  3.51610e-01
221213082253982 176  3.64125e-01
221213082253985 176  3.78489e-01
221213082701001 159  3.52219e-01
221213082701002 165  3.48440e-01
221213082701251 164  3.58245e-01
221213082701252 166  3.27368e-01
221213082701581 167  3.51189e-01
221213082701582 166  3.30481e-01
221213082701585 172  3.65848e-01
221213082701991 170  3.51188e-01
221213082701992 169  3.26938e-01
221213082701995 163  3.46715e-01
221213082702511 172  3.41171e-01
221213082702512 176  3.28442e-01
221213082702515 168  3.35653e-01
221213082703161 173  3.38645e-01
221213082703162 169  3.30337e-01
221213082703165 173  3.66788e-01
221213082703981 176  3.45434e-01
221213082703982 176  3.17255e-01
221213082703985 176  3.61304e-01
221213083151001 163  3.48966e-01
221213083151002 157  3.49107e-01
221213083151251 167  3.49152e-01
221213083151252 161  3.11028e-01
221213083151581 168  3.65791e-01
221213083151582 163  3.39984e-01
221213083151585 167  3.41687e-01
221213083151991 165  3.44733e-01
221213083151992 165  3.38998e-01
221213083151995 165  3.61266e-01
221213083152511 167  3.39164e-01
221213083152512 168  3.44874e-01
221213083152515 166  3.33380e-01
221213083153161 174  3.47139e-01
221213083153162 176  3.56296e-01
221213083153165 171  3.78811e-01
221213083153981 176  3.50153e-01
221213083153982 176  3.81991e-01
221213083153985 175  3.53443e-01
221214171801001 176  3.39994e-01
221214171801002 171  3.51135e-01
221214171801251 176  3.20327e-01
221214171801252 176  3.08252e-01
221214171801581 176  3.70928e-01
221214171801582 176  3.72983e-01
221214171801585 176  3.33120e-01
221214171801991 176  3.10678e-01
221214171801992 176  2.98844e-01
221214171801995 176  3.42882e-01
221214171802511 176  3.33096e-01
221214171802512 176  3.41373e-01
221214171802515 176  3.46875e-01
221214171803161 176  3.26808e-01
221214171803162 176  3.24327e-01
221214171803165 176  3.55878e-01
221214171803981 176  3.32341e-01
221214171803982 176  3.29540e-01
221214171803985 176  3.33086e-01
221214172251001 172  3.00096e-01
221214172251002 176  3.17424e-01
221214172251251 174  3.25334e-01
221214172251252 176  3.50082e-01
221214172251581 176  3.49959e-01
221214172251582 176  3.43754e-01
221214172251585 176  3.59895e-01
221214172251991 176  3.60536e-01
221214172251992 176  3.72985e-01
221214172251995 176  3.67194e-01
221214172252511 176  3.45390e-01
221214172252512 176  3.57153e-01
221214172252515 176  3.47797e-01
221214172253161 176  3.17710e-01
221214172253162 176  3.56336e-01
221214172253165 176  3.43515e-01
221214172253981 176  3.34547e-01
221214172253982 176  3.41321e-01
221214172253985 176  3.50972e-01
221214172701001 171  3.38092e-01
221214172701002 168  3.57432e-01
221214172701251 176  3.73170e-01
221214172701252 171  3.17202e-01
221214172701581 176  3.30641e-01
221214172701582 176  3.03428e-01
221214172701585 176  3.27104e-01
221214172701991 176  3.32954e-01
221214172701992 176  3.29719e-01
221214172701995 176  3.37019e-01
221214172702511 176  3.36036e-01
221214172702512 176  3.46321e-01
221214172702515 176  3.11636e-01
221214172703161 176  3.74590e-01
221214172703162 176  3.30613e-01
221214172703165 176  3.60105e-01
221214172703981 176  3.39410e-01
221214172703982 176  3.65429e-01
221214172703985 176  3.35190e-01
221214173151001 167  3.06210e-01
221214173151002 168  3.23633e-01
221214173151251 176  3.36530e-01
221214173151252 166  3.20446e-01
221214173151581 176  3.23827e-01
221214173151582 176  3.48599e-01
221214173151585 168  3.36815e-01
221214173151991 176  3.18837e-01
221214173151992 168  3.30500e-01
221214173151995 171  3.65860e-01
221214173152511 176  3.67782e-01
221214173152512 176  3.71128e-01
221214173152515 176  3.29748e-01
221214173153161 176  3.59904e-01
221214173153162 176  3.17166e-01
221214173153165 176  3.64698e-01
221214173153981 176  3.18995e-01
221214173153982 176  3.25077e-01
221214173153985 176  3.31763e-01
