22121122071  58  2.84910e-04
22121122072  33  6.72340e-05
22121170062  13  5.19753e-05
22121170071  75  5.03063e-05
22121170072  56  8.98838e-05
22121230062  20  7.60555e-05
22121230071  70  7.89165e-05
22121230072  64  8.10623e-05
22121308071  61  3.81470e-05
22121308072  58  8.10623e-05
22129290391  10  3.50475e-05
22129290392   9  9.51290e-05
22129290501  53  1.44958e-04
22129290502  39  1.34230e-04
22129290631  51  1.33991e-04
22129290632  70  1.28031e-04
22129290791  76  1.31130e-04
22129290792  84  1.34706e-04
22129350312   7  3.91006e-05
22129350391  35  1.23262e-04
22129350392  34  1.18017e-04
22129350501  58  1.21117e-04
22129350502  49  3.69549e-05
22129350631  75  1.18017e-04
22129350632  73  1.22786e-04
22129350791  92  1.23978e-04
22129350792  90  3.93391e-05
22129420311  39  3.50475e-05
22129420391  52  1.19209e-04
22129420392  70  1.23024e-04
22129420501  60  3.48091e-05
22129420502  86  1.18017e-04
22129420631  75  1.23024e-04
22129420632  77  1.19925e-04
22129420791 110  3.81470e-05
22129420792 105  1.22070e-04
22129500252  32  1.04904e-04
22129500311  14  1.21117e-04
22129500312  31  3.40939e-05
22129500391  62  3.40939e-05
22129500392  84  1.18732e-04
22129500501  84  1.14918e-04
22129500502  87  1.13964e-04
22129500631 100  1.07050e-04
22129500632  85  1.27077e-04
22129500791 114  1.28031e-04
22129500792 113  1.12772e-04
22129600251  52  1.09911e-04
22129600252  49  1.08242e-04
22129600311  66  3.38554e-05
22129600312  66  1.10149e-04
22129600391  75  3.40939e-05
22129600392  87  1.08004e-04
22129600501 113  1.23978e-04
22129600502 104  1.11818e-04
22129600631 115  1.11818e-04
22129600632 118  1.13249e-04
22129600791 119  1.07050e-04
22129600792 117  1.12057e-04
22129720191  10  3.67165e-05
22129720192  36  3.79086e-05
22129720251  51  1.08004e-04
22129720252  60  1.08004e-04
22129720311  85  1.03951e-04
22129720312  75  3.48091e-05
22129720391 115  1.08004e-04
22129720392 103  1.14918e-04
22129720501 103  1.08004e-04
22129720502 117  1.04904e-04
22129720631 119  1.10865e-04
22129720632 119  1.12772e-04
22129720791 124  1.09911e-04
22129720792 120  1.07050e-04
22129870152   7  3.31402e-05
22129870191  62  1.07050e-04
22129870192  81  9.89437e-05
22129870251  81  1.07765e-04
22129870252  83  1.06096e-04
22129870311  93  1.04904e-04
22129870312 106  9.39369e-05
22129870391 118  1.07765e-04
22129870392 116  1.24931e-04
22129870501 119  9.91821e-05
22129870502 124  1.01805e-04
22129870631 119  1.15156e-04
22129870632 120  1.05143e-04
22129870791 119  1.01805e-04
22129870792 123  1.06096e-04
221210050122  25  9.48906e-05
221210050151  59  9.08375e-05
221210050152  47  9.70364e-05
221210050191  81  1.03235e-04
221210050192  72  8.79765e-05
221210050251  93  1.07050e-04
221210050252 117  9.77516e-05
221210050311 105  9.39369e-05
221210050312 116  9.17912e-05
221210050391 120  1.01089e-04
221210050392 117  1.00851e-04
221210050501 125  1.01805e-04
221210050502 128  9.70364e-05
221210050631 122  1.13249e-04
221210050632 129  1.01805e-04
221210050791 128  1.06096e-04
221210050792 128  1.08004e-04
221210260121  55  8.86917e-05
221210260122  58  9.08375e-05
221210260151  75  9.77516e-05
221210260152  83  9.08375e-05
221210260191 117  9.70364e-05
221210260192  97  9.89437e-05
221210260251 114  1.23024e-04
221210260252 115  3.67165e-05
221210260311 123  9.48906e-05
221210260312 118  9.39369e-05
221210260391 122  9.48906e-05
221210260392 126  8.70228e-05
221210260501 130  9.60827e-05
221210260502 127  8.70228e-05
221210260631 125  8.91685e-05
221210260632 133  1.01089e-04
221210260791 131  1.43051e-04
221210260792 132  9.70364e-05
221210520101  47  3.38554e-05
221210520121  68  3.40939e-05
221210520122  70  8.48770e-05
221210520151  94  9.17912e-05
221210520152  96  9.51290e-05
221210520191 115  9.41753e-05
221210520192 107  9.29832e-05
221210520251 121  9.29832e-05
221210520252 122  8.79765e-05
221210520311 122  9.29832e-05
221210520312 125  9.60827e-05
221210520391 123  1.19209e-04
221210520392 124  9.51290e-05
221210520501 126  9.98974e-05
221210520502 128  9.58443e-05
221210520631 135  8.82149e-05
221210520632 129  9.01222e-05
221210520791 136  9.39369e-05
221210520792 134  9.58443e-05
221210830101  52  3.38554e-05
221210830102  53  8.98838e-05
221210830121  90  8.79765e-05
221210830122  83  9.58443e-05
221210830151 115  9.79900e-05
221210830152 109  8.20160e-05
221210830191 117  8.60691e-05
221210830192 118  9.29832e-05
221210830251 123  8.91685e-05
221210830252 125  8.70228e-05
221210830311 128  9.39369e-05
221210830312 126  8.51154e-05
221210830391 128  9.17912e-05
221210830392 129  8.77380e-05
221210830501 134  8.48770e-05
221210830502 132  8.70228e-05
221210830631 135  8.10623e-05
221210830632 132  9.22680e-05
221210830791 141  8.70228e-05
221210830792 140  9.01222e-05
221211220101  80  8.39233e-05
221211220102  81  7.89165e-05
221211220121 107  8.22544e-05
221211220122  96  7.89165e-05
221211220151 118  8.91685e-05
221211220152 114  9.48906e-05
221211220191 123  8.29697e-05
221211220192 112  8.82149e-05
221211220251 125  8.29697e-05
221211220252 130  9.29832e-05
221211220311 132  8.29697e-05
221211220312 129  8.51154e-05
221211220391 137  8.13007e-05
221211220392 133  8.51154e-05
221211220501 138  8.10623e-05
221211220502 135  8.22544e-05
221211220631 137  8.82149e-05
221211220632 137  8.51154e-05
221211220791 142  7.98702e-05
221211220792 135  7.70092e-05
221211700101  97  7.48634e-05
221211700102  82  7.58171e-05
221211700121 103  7.60555e-05
221211700122 100  8.39233e-05
221211700151 125  7.31945e-05
221211700152 126  7.70092e-05
221211700191 125  8.01086e-05
221211700192 125  8.48770e-05
221211700251 132  8.10623e-05
221211700252 134  7.31945e-05
221211700311 128  3.60012e-05
221211700312 138  7.55787e-05
221211700391 140  8.08239e-05
221211700392 136  7.70092e-05
221211700501 141  7.51019e-05
221211700502 138  8.77380e-05
221211700631 142  8.29697e-05
221211700632 140  7.77245e-05
221211700791 143  8.53539e-05
221211700792 142  7.89165e-05
221212300101  91  3.48091e-05
221212300102  93  7.39098e-05
221212300121 118  7.67708e-05
221212300122 116  7.51019e-05
221212300151 127  7.29561e-05
221212300152 116  6.91414e-05
221212300191 133  6.72340e-05
221212300192 129  7.12872e-05
221212300251 128  3.62396e-05
221212300252 132  7.20024e-05
221212300311 140  7.00951e-05
221212300312 135  7.98702e-05
221212300391 139  7.08103e-05
221212300392 147  6.98566e-05
221212300501 145  6.72340e-05
221212300502 144  7.29561e-05
221212300631 147  7.10487e-05
221212300632 144  6.69956e-05
221212300791 157  6.89030e-05
221212300792 153  7.39098e-05
221213080101  75  6.81877e-05
221213080102 100  6.58035e-05
221213080121 102  6.29425e-05
221213080122  93  6.98566e-05
221213080151 127  6.98566e-05
221213080152 131  6.72340e-05
221213080191 135  6.69956e-05
221213080192 131  7.29561e-05
221213080251 139  6.58035e-05
221213080252 139  6.77109e-05
221213080311 140  7.10487e-05
221213080312 141  7.20024e-05
221213080391 142  7.60555e-05
221213080392 146  6.50883e-05
221213080501 144  7.70092e-05
221213080502 149  6.79493e-05
221213080631 151  7.48634e-05
221213080632 150  6.98566e-05
221213080791 152  8.10623e-05
221213080792 152  6.50883e-05
221214170101  18  3.40939e-05
221214170102  53  8.08239e-05
221214170121  59  6.58035e-05
221214170122  47  6.29425e-05
221214170151  98  6.60419e-05
221214170152  76  7.79629e-05
221214170191 101  8.60691e-05
221214170192 109  6.91414e-05
221214170251 126  6.60419e-05
221214170252 116  7.79629e-05
221214170311 140  8.48770e-05
221214170312 130  6.69956e-05
221214170391 139  6.50883e-05
221214170392 144  6.67572e-05
221214170501 149  6.89030e-05
221214170502 147  6.67572e-05
221214170631 148  6.81877e-05
221214170632 148  6.60419e-05
221214170791 148  6.69956e-05
221214170792 148  6.50883e-05
221292901001  96  1.20640e-04
221292901002  94  1.18971e-04
221292901251 115  1.21117e-04
221292901252 110  1.24216e-04
221292901255 115  1.32799e-04
221292901581 116  1.20878e-04
221292901582 114  1.43766e-04
221292901585 114  1.18017e-04
221292901991 113  1.21117e-04
221292901992 114  1.26123e-04
221292901995 113  1.23978e-04
221292902511 126  1.15871e-04
221292902512 123  1.23978e-04
221292902515 124  1.24931e-04
221292903161 123  1.18971e-04
221292903162 120  1.52826e-04
221292903165 125  1.21832e-04
221292903981 126  1.33038e-04
221292903982 121  1.25170e-04
221292903985 125  1.17064e-04
221293501001 106  1.16825e-04
221293501002  95  3.81470e-05
221293501251 113  1.23978e-04
221293501252 114  1.18732e-04
221293501255 111  3.50475e-05
221293501581 114  1.21832e-04
221293501582 121  1.29700e-04
221293501585 116  1.20878e-04
221293501991 122  1.18017e-04
221293501992 120  1.21117e-04
221293501995 123  1.17064e-04
221293502511 121  1.30892e-04
221293502512 124  1.16110e-04
221293502515 120  3.60012e-05
221293503161 135  1.20163e-04
221293503162 123  1.33276e-04
221293503165 124  1.25170e-04
221293503981 129  1.20163e-04
221293503982 125  1.22309e-04
221293503985 134  1.25885e-04
221294201001 114  1.16348e-04
221294201002 115  1.18971e-04
221294201251 118  1.18017e-04
221294201252 118  1.22070e-04
221294201255 113  1.18017e-04
221294201581 115  3.62396e-05
221294201582 125  1.29938e-04
221294201585 126  1.16825e-04
221294201991 126  1.18017e-04
221294201992 125  1.14202e-04
221294201995 125  1.22070e-04
221294202511 122  3.48091e-05
221294202512 125  1.19209e-04
221294202515 124  1.21117e-04
221294203161 130  1.23978e-04
221294203162 129  1.20163e-04
221294203165 129  1.21832e-04
221294203981 135  1.10149e-04
221294203982 131  1.25170e-04
221294203985 129  1.20878e-04
221295001001 116  1.18971e-04
221295001002 119  1.18971e-04
221295001251 118  1.15156e-04
221295001252 122  1.20878e-04
221295001255 118  1.15871e-04
221295001581 125  1.21832e-04
221295001582 123  1.13964e-04
221295001585 126  1.15156e-04
221295001991 127  1.15871e-04
221295001992 124  1.22070e-04
221295001995 128  1.09911e-04
221295002511 129  1.14918e-04
221295002512 131  1.12772e-04
221295002515 131  1.14918e-04
221295003161 134  1.15395e-04
221295003162 128  1.19925e-04
221295003165 126  1.27077e-04
221295003981 138  1.17064e-04
221295003982 134  1.12772e-04
221295003985 130  1.18017e-04
221296001001 122  1.08957e-04
221296001002 121  1.11103e-04
221296001251 124  1.14918e-04
221296001252 123  1.17302e-04
221296001255 125  1.22786e-04
221296001581 129  1.18017e-04
221296001582 126  1.08719e-04
221296001585 128  7.77960e-04
221296001991 131  1.52826e-04
221296001992 125  1.25170e-04
221296001995 133  1.14918e-04
221296002511 128  1.19925e-04
221296002512 131  1.14918e-04
221296002515 132  1.25170e-04
221296003161 136  1.08957e-04
221296003162 131  1.15871e-04
221296003165 135  1.07765e-04
221296003981 138  1.06096e-04
221296003982 137  1.10865e-04
221296003985 134  1.09673e-04
221297201001 125  1.12772e-04
221297201002 125  1.08957e-04
221297201251 126  1.10149e-04
221297201252 130  1.00851e-04
221297201255 127  1.13010e-04
221297201581 130  1.03951e-04
221297201582 130  1.06096e-04
221297201585 128  1.07050e-04
221297201991 130  1.08004e-04
221297201992 130  1.05858e-04
221297201995 135  9.89437e-05
221297202511 135  1.02282e-04
221297202512 138  1.02997e-04
221297202515 135  1.03951e-04
221297203161 136  1.08004e-04
221297203162 134  1.03951e-04
221297203165 137  1.06096e-04
221297203981 139  1.01089e-04
221297203982 135  1.08004e-04
221297203985 137  1.08957e-04
221298701001 127  9.91821e-05
221298701002 125  9.91821e-05
221298701251 127  1.00851e-04
221298701252 130  1.02043e-04
221298701255 130  9.91821e-05
221298701581 132  9.89437e-05
221298701582 138  1.00851e-04
221298701585 132  9.79900e-05
221298701991 135  1.12057e-04
221298701992 136  9.67979e-05
221298701995 135  1.01089e-04
221298702511 138  1.01805e-04
221298702512 140  9.70364e-05
221298702515 138  9.70364e-05
221298703161 144  9.20296e-05
221298703162 139  1.02997e-04
221298703165 142  1.01805e-04
221298703981 140  9.70364e-05
221298703982 143  9.89437e-05
221298703985 140  1.01089e-04
2212100501001 131  9.79900e-05
2212100501002 128  4.10080e-05
2212100501251 135  9.79900e-05
2212100501252 133  9.51290e-05
2212100501255 135  8.91685e-05
2212100501581 135  8.98838e-05
2212100501582 137  1.44005e-04
2212100501585 133  1.20163e-04
2212100501991 134  1.05858e-04
2212100501992 140  1.02043e-04
2212100501995 139  1.03951e-04
2212100502511 142  1.07050e-04
2212100502512 140  1.00136e-04
2212100502515 145  1.00851e-04
2212100503161 141  9.91821e-05
2212100503162 142  9.58443e-05
2212100503165 139  1.03235e-04
2212100503981 141  1.07050e-04
2212100503982 148  9.51290e-05
2212100503985 139  1.03951e-04
2212102601001 136  9.39369e-05
2212102601002 130  1.01089e-04
2212102601251 135  1.02758e-04
2212102601252 137  1.00851e-04
2212102601255 137  9.39369e-05
2212102601581 140  1.01089e-04
2212102601582 138  9.60827e-05
2212102601585 142  1.03235e-04
2212102601991 143  9.39369e-05
2212102601992 139  9.79900e-05
2212102601995 138  9.79900e-05
2212102602511 141  9.89437e-05
2212102602512 144  9.29832e-05
2212102602515 143  9.58443e-05
2212102603161 141  9.60827e-05
2212102603162 141  9.89437e-05
2212102603165 143  9.58443e-05
2212102603981 142  1.02758e-04
2212102603982 144  9.70364e-05
2212102603985 146  1.04189e-04
2212105201001 136  9.70364e-05
2212105201002 137  9.60827e-05
2212105201251 145  9.27448e-05
2212105201252 137  9.70364e-05
2212105201255 138  9.60827e-05
2212105201581 142  9.39369e-05
2212105201582 140  9.32217e-05
2212105201585 143  8.79765e-05
2212105201991 140  9.60827e-05
2212105201992 141  9.48906e-05
2212105201995 143  9.01222e-05
2212105202511 144  9.10759e-05
2212105202512 146  9.22680e-05
2212105202515 149  8.89301e-05
2212105203161 149  9.70364e-05
2212105203162 150  9.17912e-05
2212105203165 147  9.48906e-05
2212105203981 145  9.60827e-05
2212105203982 148  1.53780e-04
2212105203985 147  1.01805e-04
2212105222571  10  3.69549e-05
2212105222572  23  3.36170e-05
2212105227071  11  3.40939e-05
2212108301001 139  8.77380e-05
2212108301002 139  8.51154e-05
2212108301251 138  9.39369e-05
2212108301252 141  8.89301e-05
2212108301255 145  8.39233e-05
2212108301581 145  8.27312e-05
2212108301582 142  8.39233e-05
2212108301585 142  8.51154e-05
2212108301991 143  9.58443e-05
2212108301992 146  8.29697e-05
2212108301995 143  8.79765e-05
2212108302511 145  9.39369e-05
2212108302512 153  9.27448e-05
2212108302515 151  9.39369e-05
2212108303161 150  9.01222e-05
2212108303162 150  8.77380e-05
2212108303165 149  8.89301e-05
2212108303981 156  8.79765e-05
2212108303982 150  8.58307e-05
2212108303985 152  8.70228e-05
2212108318062  22  3.71933e-05
2212108318071  54  3.60012e-05
2212108318072  51  3.40939e-05
2212108322571  70  9.20296e-05
2212108322572  52  9.39369e-05
2212108327071  53  8.91685e-05
2212108327072  51  3.50475e-05
2212108331571  41  3.36170e-05
2212108331572  37  3.81470e-05
2212112201001 143  8.51154e-05
2212112201002 141  8.10623e-05
2212112201251 146  8.60691e-05
2212112201252 145  8.51154e-05
2212112201255 142  8.51154e-05
2212112201581 151  8.48770e-05
2212112201582 145  8.70228e-05
2212112201585 149  7.79629e-05
2212112201991 151  8.10623e-05
2212112201992 152  8.60691e-05
2212112201995 152  8.32081e-05
2212112202511 154  8.10623e-05
2212112202512 150  8.01086e-05
2212112202515 148  8.22544e-05
2212112203161 149  8.51154e-05
2212112203162 151  8.77380e-05
2212112203165 150  7.82013e-05
2212112203981 152  8.13007e-05
2212112203982 154  8.60691e-05
2212112203985 156  7.77245e-05
2212112218052   7  3.31402e-05
2212112218061  69  7.77245e-05
2212112218062  60  8.20160e-05
2212112218071  85  7.60555e-05
2212112218072  78  8.13007e-05
2212112222551  27  7.70092e-05
2212112222561  82  8.20160e-05
2212112222562  66  7.29561e-05
2212112222571  69  8.10623e-05
2212112222572  88  8.41618e-05
2212112227052  36  3.48091e-05
2212112227061  41  8.39233e-05
2212112227062  57  7.70092e-05
2212112227071  83  8.51154e-05
2212112227072  65  3.50475e-05
2212112231561  11  3.19481e-05
2212112231571  67  7.91550e-05
2212112231572  67  3.48091e-05
2212117001001 146  7.20024e-05
2212117001002 147  7.29561e-05
2212117001251 149  7.79629e-05
2212117001252 160  8.01086e-05
2212117001581 153  7.77245e-05
2212117001582 149  7.79629e-05
2212117001585 154  7.29561e-05
2212117001991 150  8.39233e-05
2212117001992 154  7.10487e-05
2212117001995 155  8.08239e-05
2212117002511 152  7.77245e-05
2212117002512 151  7.91550e-05
2212117002515 151  7.70092e-05
2212117003161 158  7.60555e-05
2212117003162 155  7.51019e-05
2212117003165 154  7.70092e-05
2212117003981 160  7.51019e-05
2212117003982 159  7.89165e-05
2212117003985 158  7.79629e-05
2212117018032  13  6.91414e-05
2212117018051  44  3.38554e-05
2212117018052  21  3.19481e-05
2212117018061  90  7.67708e-05
2212117018062 100  7.29561e-05
2212117018071 121  7.48634e-05
2212117018072 107  7.00951e-05
2212117022551  84  8.20160e-05
2212117022552  48  3.50475e-05
2212117022561  80  3.50475e-05
2212117022562  78  8.22544e-05
2212117022571 106  8.08239e-05
2212117022572  98  8.22544e-05
2212117027051  37  3.40939e-05
2212117027052  40  7.41482e-05
2212117027061  72  8.20160e-05
2212117027062  74  7.89165e-05
2212117027071 118  8.20160e-05
2212117027072 107  7.91550e-05
2212117031561  63  7.91550e-05
2212117031562  79  7.70092e-05
2212117031571  81  7.89165e-05
2212117031572  84  6.77109e-05
2212123001001 150  8.51154e-05
2212123001002 149  8.41618e-05
2212123001251 155  6.79493e-05
2212123001252 150  9.89437e-05
2212123001581 151  8.53539e-05
2212123001582 154  9.01222e-05
2212123001585 157  7.12872e-05
2212123001991 160  1.31130e-04
2212123001992 159  1.08957e-04
2212123001995 153  8.29697e-05
2212123002511 155  8.91685e-05
2212123002512 158  8.20160e-05
2212123002515 162  8.10623e-05
2212123003161 164  7.60555e-05
2212123003162 165  7.29561e-05
2212123003165 161  7.60555e-05
2212123003981 165  1.31845e-04
2212123003982 165  7.89165e-05
2212123003985 163  7.82013e-05
2212123018051  76  3.98159e-05
2212123018052  94  8.08239e-05
2212123018061  99  7.60555e-05
2212123018062 109  8.10623e-05
2212123018071 123  7.39098e-05
2212123018072 124  6.60419e-05
2212123022531  38  3.69549e-05
2212123022532  69  7.60555e-05
2212123022551  80  3.79086e-05
2212123022552 101  8.51154e-05
2212123022561 108  7.08103e-05
2212123022562  96  7.91550e-05
2212123022571 130  7.39098e-05
2212123022572 113  7.70092e-05
2212123027031  29  3.60012e-05
2212123027032  69  7.48634e-05
2212123027051  76  7.51019e-05
2212123027052  69  7.20024e-05
2212123027061 100  7.00951e-05
2212123027062  97  8.60691e-05
2212123027071 125  7.60555e-05
2212123027072 124  7.70092e-05
2212123031551  23  7.10487e-05
2212123031552  35  7.48634e-05
2212123031561  84  1.07050e-04
2212123031562  78  3.57628e-05
2212123031571  92  7.79629e-05
2212123031572  86  8.89301e-05
2212130801001 162  8.10623e-05
2212130801002 150  6.81877e-05
2212130801251 156  7.34329e-05
2212130801252 157  7.39098e-05
2212130801581 157  6.79493e-05
2212130801582 160  7.10487e-05
2212130801585 164  7.10487e-05
2212130801991 161  7.08103e-05
2212130801992 163  7.60555e-05
2212130801995 164  7.10487e-05
2212130802511 166  6.50883e-05
2212130802512 167  7.20024e-05
2212130802515 169  7.10487e-05
2212130803161 170  6.69956e-05
2212130803162 164  7.03335e-05
2212130803165 167  6.10352e-05
2212130803981 168  6.60419e-05
2212130803982 169  8.29697e-05
2212130803985 167  7.60555e-05
2212130818021  32  3.40939e-05
2212130818051  97  6.60419e-05
2212130818052 121  7.29561e-05
2212130818061 126  6.81877e-05
2212130818062 125  6.98566e-05
2212130818071 133  6.81877e-05
2212130818072 134  8.51154e-05
2212130822551 101  8.70228e-05
2212130822552 103  7.60555e-05
2212130822561 117  6.60419e-05
2212130822562 121  6.69956e-05
2212130822571 132  6.58035e-05
2212130822572 131  8.08239e-05
2212130827032  44  6.41346e-05
2212130827051 100  6.58035e-05
2212130827052  88  7.70092e-05
2212130827061 110  7.39098e-05
2212130827062 121  7.39098e-05
2212130827071 138  6.50883e-05
2212130827072 132  8.01086e-05
2212130831551  62  8.29697e-05
2212130831552  30  8.72612e-05
2212130831561  88  6.91414e-05
2212130831562  82  6.91414e-05
2212130831571 111  7.00951e-05
2212130831572 107  8.29697e-05
2212141701001 176  9.58443e-05
2212141701002 162  7.51019e-05
2212141701251 173  8.89301e-05
2212141701252 162  8.91685e-05
2212141701581 163  6.77109e-05
2212141701582 161  6.29425e-05
2212141701585 163  6.69956e-05
2212141701991 170  8.98838e-05
2212141701992 165  8.17776e-05
2212141701995 172  8.60691e-05
2212141702511 170  6.58035e-05
2212141702512 172  7.03335e-05
2212141702515 176  6.29425e-05
2212141703161 175  6.89030e-05
2212141703162 176  8.48770e-05
2212141703165 176  6.79493e-05
2212141703981 176  8.60691e-05
2212141703982 176  8.29697e-05
2212141703985 176  6.60419e-05
2212141718021  17  6.48499e-05
2212141718022  40  7.72476e-05
2212141718051 143  6.81877e-05
2212141718052 130  6.48499e-05
2212141718061 131  5.88894e-05
2212141718062 153  7.98702e-05
2212141718071 139  6.81877e-05
2212141718072 132  6.41346e-05
2212141722521  45  3.40939e-05
2212141722551 130  6.72340e-05
2212141722552 132  6.19888e-05
2212141722561 134  6.77109e-05
2212141722562 140  8.79765e-05
2212141722571 139  6.79493e-05
2212141722572 139  6.22272e-05
2212141727051 123  9.01222e-05
2212141727052 117  6.50883e-05
2212141727061 133  7.00951e-05
2212141727062 131  6.89030e-05
2212141727071 136  7.17640e-05
2212141727072 142  6.72340e-05
2212141731551  20  3.31402e-05
2212141731552  47  7.29561e-05
2212141731561  79  6.60419e-05
2212141731562 107  1.19925e-04
2212141731571 113  7.29561e-05
2212141731572 122  6.50883e-05
2212929180501  46  3.38554e-05
2212929180502  39  1.18017e-04
2212929180631  49  1.36137e-04
2212929180632  67  1.18017e-04
2212929180791  80  1.15871e-04
2212929180792  79  1.18971e-04
2212929225392  17  3.31402e-05
2212929225501  17  1.06812e-04
2212929225502  34  3.29018e-05
2212929225631  59  1.18017e-04
2212929225632  57  1.19925e-04
2212929225791  65  1.19925e-04
2212929225792  79  1.24216e-04
2212929270391  28  1.18971e-04
2212929270392   8  3.19481e-05
2212929270501  40  1.35183e-04
2212929270502   9  1.03951e-04
2212929270631  62  1.34706e-04
2212929270632  66  1.12772e-04
2212929270791  78  1.20878e-04
2212929270792  76  3.50475e-05
2212929315391   7  1.02043e-04
2212929315392   8  9.13143e-05
2212929315501  43  3.40939e-05
2212929315502  39  3.19481e-05
2212929315631  64  3.29018e-05
2212929315632  68  1.26123e-04
2212929315791  70  1.25885e-04
2212929315792  71  1.28031e-04
2212935180392  14  9.89437e-05
2212935180501  44  1.15871e-04
2212935180502  50  1.19686e-04
2212935180631  74  3.48091e-05
2212935180632  76  1.23978e-04
2212935180791 103  1.23739e-04
2212935180792  88  1.18017e-04
2212935225392  10  3.29018e-05
2212935225501  49  1.10865e-04
2212935225502  59  1.14202e-04
2212935225631  67  1.27077e-04
2212935225632  70  1.22309e-04
2212935225791  86  1.18017e-04
2212935225792  79  3.50475e-05
2212935270391  10  3.19481e-05
2212935270392  20  3.19481e-05
2212935270501  39  3.19481e-05
2212935270502  51  1.14202e-04
2212935270631  88  1.17064e-04
2212935270632  70  1.22786e-04
2212935270791  95  1.18017e-04
2212935270792  87  1.14202e-04
2212935315312   8  9.89437e-05
2212935315391  50  1.23024e-04
2212935315392  24  3.29018e-05
2212935315501  41  1.25885e-04
2212935315502  59  1.18971e-04
2212935315631  76  1.30177e-04
2212935315632  67  1.25170e-04
2212935315791  97  1.30653e-04
2212935315792 111  1.19925e-04
2212942180311  24  3.31402e-05
2212942180312  20  1.06096e-04
2212942180391  18  3.38554e-05
2212942180392  45  1.13249e-04
2212942180501  69  1.32084e-04
2212942180502  69  1.20163e-04
2212942180631  93  1.17064e-04
2212942180632  94  1.26839e-04
2212942180791 115  1.19925e-04
2212942180792  97  1.15156e-04
2212942225311   7  1.05858e-04
2212942225312   7  3.52859e-05
2212942225391  41  1.21832e-04
2212942225392  49  1.13964e-04
2212942225501  66  3.40939e-05
2212942225502  70  1.18971e-04
2212942225631  84  1.20878e-04
2212942225632  83  1.30892e-04
2212942225791 112  1.33038e-04
2212942225792  99  1.15871e-04
2212942270252   6  3.31402e-05
2212942270311  23  3.29018e-05
2212942270312   7  3.31402e-05
2212942270391  58  3.40939e-05
2212942270392  72  1.22309e-04
2212942270501  73  1.20163e-04
2212942270502  63  1.14918e-04
2212942270631  88  1.21832e-04
2212942270632  98  1.34945e-04
2212942270791 113  1.16110e-04
2212942270792  97  1.32799e-04
2212942315391  59  1.23024e-04
2212942315392  46  1.08004e-04
2212942315501  72  1.16825e-04
2212942315502  71  1.14918e-04
2212942315631  80  1.17064e-04
2212942315632  86  1.34945e-04
2212942315791  91  1.18017e-04
2212942315792 102  1.14918e-04
2212950180251   9  1.01089e-04
2212950180252   7  3.57628e-05
2212950180311  33  1.10865e-04
2212950180312  47  3.50475e-05
2212950180391  63  1.14918e-04
2212950180392  72  1.20878e-04
2212950180501  77  1.19209e-04
2212950180502  85  1.16825e-04
2212950180631 102  1.28031e-04
2212950180632 112  1.10149e-04
2212950180791 116  1.07050e-04
2212950180792 116  1.19925e-04
2212950225311  40  1.09911e-04
2212950225312  39  1.15871e-04
2212950225391  72  3.40939e-05
2212950225392  76  1.17779e-04
2212950225501  78  1.17779e-04
2212950225502  77  1.23024e-04
2212950225631  95  1.18971e-04
2212950225632  86  1.18017e-04
2212950225791 117  1.13964e-04
2212950225792 111  3.62396e-05
2212950270251   7  3.19481e-05
2212950270311  38  1.07050e-04
2212950270312  47  3.40939e-05
2212950270391  66  1.09911e-04
2212950270392  67  1.05858e-04
2212950270501 102  1.07050e-04
2212950270502  89  1.16825e-04
2212950270631 114  1.12057e-04
2212950270632  89  1.12057e-04
2212950270791 105  3.57628e-05
2212950270792 114  1.10865e-04
2212950315252   8  3.19481e-05
2212950315311  20  3.31402e-05
2212950315312  43  1.11818e-04
2212950315391  72  1.13726e-04
2212950315392  72  1.16110e-04
2212950315501  78  1.13249e-04
2212950315502  85  1.81913e-04
2212950315631 105  1.51634e-04
2212950315632 106  2.19822e-04
2212950315791 117  1.32799e-04
2212950315792 110  1.26123e-04
2212960180192   6  4.10080e-05
2212960180251  20  3.88622e-05
2212960180252  45  1.09196e-04
2212960180311  65  1.10149e-04
2212960180312  73  1.05143e-04
2212960180391  88  9.89437e-05
2212960180392  94  1.09196e-04
2212960180501  92  1.05858e-04
2212960180502  96  1.12057e-04
2212960180631 120  1.03951e-04
2212960180632 112  4.00543e-05
2212960180791 117  1.20163e-04
2212960180792 113  1.18732e-04
2212960225251  10  3.81470e-05
2212960225252  39  3.71933e-05
2212960225311  72  1.10149e-04
2212960225312  78  1.08957e-04
2212960225391  56  1.08242e-04
2212960225392  81  1.16825e-04
2212960225501  95  1.11103e-04
2212960225502  87  1.17064e-04
2212960225631 115  1.09196e-04
2212960225632 102  1.08957e-04
2212960225791 117  1.13964e-04
2212960225792 119  1.05858e-04
2212960270191  13  3.50475e-05
2212960270251  20  3.79086e-05
2212960270252  27  3.50475e-05
2212960270311  72  3.48091e-05
2212960270312  69  3.60012e-05
2212960270391  69  3.50475e-05
2212960270392  96  1.09196e-04
2212960270501 114  1.11103e-04
2212960270502  96  1.23978e-04
2212960270631 113  1.09196e-04
2212960270632 109  1.11818e-04
2212960270791 115  3.69549e-05
2212960270792 121  1.17779e-04
2212960315251  72  1.05858e-04
2212960315252  22  3.57628e-05
2212960315311  49  1.09911e-04
2212960315312  59  1.06096e-04
2212960315391  81  1.10865e-04
2212960315392  85  1.01089e-04
2212960315501  96  1.11103e-04
2212960315502  91  1.09196e-04
2212960315631 117  1.08957e-04
2212960315632 116  1.08004e-04
2212960315791 118  1.08957e-04
2212960315792 119  1.08242e-04
2212972180191  34  3.60012e-05
2212972180192  19  3.60012e-05
2212972180251  69  3.60012e-05
2212972180252  73  1.10149e-04
2212972180311  80  9.79900e-05
2212972180312  72  1.90020e-04
2212972180391 104  1.32084e-04
2212972180392  93  1.52111e-04
2212972180501 113  5.10216e-05
2212972180502 108  1.10149e-04
2212972180631 121  1.12057e-04
2212972180632 122  1.05143e-04
2212972180791 119  1.09911e-04
2212972180792 119  1.06096e-04
2212972225151   9  1.15871e-04
2212972225191  46  1.07050e-04
2212972225192  41  1.15871e-04
2212972225251  47  3.69549e-05
2212972225252  76  1.11103e-04
2212972225311  75  1.14918e-04
2212972225312  85  1.00136e-04
2212972225391 111  1.10865e-04
2212972225392 116  1.11103e-04
2212972225501 120  1.05858e-04
2212972225502 113  1.94073e-04
2212972225631 119  1.28031e-04
2212972225632 119  1.16110e-04
2212972225791 118  2.41995e-04
2212972225792 117  1.69039e-04
2212972270191  21  1.15156e-04
2212972270192  30  7.22408e-05
2212972270251  48  1.69992e-04
2212972270252  59  1.29938e-04
2212972270311  79  1.25885e-04
2212972270312  92  3.18050e-04
2212972270391  90  1.23978e-04
2212972270392  99  2.36988e-04
2212972270501 118  1.65939e-04
2212972270502 121  1.62125e-04
2212972270631 122  1.38998e-04
2212972270632 118  1.25885e-04
2212972270791 125  1.35183e-04
2212972270792 122  1.13964e-04
2212972315191  24  4.31538e-05
2212972315192  27  4.00543e-05
2212972315251  60  3.69549e-05
2212972315252  57  1.29938e-04
2212972315311  79  1.09911e-04
2212972315312  82  1.06096e-04
2212972315391  98  2.11954e-04
2212972315392  94  1.31130e-04
2212972315501 111  1.59025e-04
2212972315502 118  1.31130e-04
2212972315631 119  1.22309e-04
2212972315632 121  1.54972e-04
2212972315791 123  1.19925e-04
2212972315792 119  1.17064e-04
2212987180151  32  1.10149e-04
2212987180152  28  4.19617e-05
2212987180191  61  1.03951e-04
2212987180192  71  1.08004e-04
2212987180251  94  9.89437e-05
2212987180252  92  9.98974e-05
2212987180311 111  1.03951e-04
2212987180312  87  1.04904e-04
2212987180391 119  1.00136e-04
2212987180392 100  9.39369e-05
2212987180501 115  3.81470e-05
2212987180502 117  1.08004e-04
2212987180631 117  1.02997e-04
2212987180632 116  3.88622e-05
2212987180791 124  1.06096e-04
2212987180792 125  1.01805e-04
2212987225122  10  3.88622e-05
2212987225151  27  3.50475e-05
2212987225152  42  3.50475e-05
2212987225191  56  9.89437e-05
2212987225192  72  1.00851e-04
2212987225251  77  1.01089e-04
2212987225252  82  9.77516e-05
2212987225311  91  3.62396e-05
2212987225312  98  3.57628e-05
2212987225391 119  9.89437e-05
2212987225392  98  1.03951e-04
2212987225501 119  1.03951e-04
2212987225502 120  1.09196e-04
2212987225631 121  1.03951e-04
2212987225632 125  9.60827e-05
2212987225791 127  1.03951e-04
2212987225792 125  1.00136e-04
2212987270151  33  3.48091e-05
2212987270152  50  1.19925e-04
2212987270191  69  1.59979e-04
2212987270192  53  9.91821e-05
2212987270251  80  1.04904e-04
2212987270252  86  1.00136e-04
2212987270311  96  1.00851e-04
2212987270312 107  9.77516e-05
2212987270391 115  1.11103e-04
2212987270392 117  1.02282e-04
2212987270501 119  1.00851e-04
2212987270502 124  9.10759e-05
2212987270631 120  9.79900e-05
2212987270632 128  2.29836e-04
2212987270791 129  1.19925e-04
2212987270792 126  1.13726e-04
2212987315152  53  1.18971e-04
2212987315191  60  1.08242e-04
2212987315192  66  1.42097e-04
2212987315251 100  1.09911e-04
2212987315252  68  1.06096e-04
2212987315311  94  9.79900e-05
2212987315312  95  1.16825e-04
2212987315391 118  1.11818e-04
2212987315392 118  1.13010e-04
2212987315501 119  1.07050e-04
2212987315502 119  1.10865e-04
2212987315631 118  4.31538e-05
2212987315632 122  1.13964e-04
2212987315791 126  1.11103e-04
2212987315792 121  1.54972e-04
22121005180121  18  5.19753e-05
22121005180122   8  4.60148e-05
22121005180151  68  4.10080e-05
22121005180152  67  3.79086e-05
22121005180191  75  1.07050e-04
22121005180192  93  1.07050e-04
22121005180251 103  1.28031e-04
22121005180252  94  1.12057e-04
22121005180311 113  1.03235e-04
22121005180312 120  1.07050e-04
22121005180391 121  1.08719e-04
22121005180392 119  1.04189e-04
22121005180501 128  9.17912e-05
22121005180502 123  1.03951e-04
22121005180631 123  1.03951e-04
22121005180632 129  1.00851e-04
22121005180791 126  1.17064e-04
22121005180792 130  1.02758e-04
22121005225121  23  4.29153e-05
22121005225122  59  9.70364e-05
22121005225151  57  1.15871e-04
22121005225152  70  9.89437e-05
22121005225191  88  9.96590e-05
22121005225192  84  1.13249e-04
22121005225251  96  1.05858e-04
22121005225252 104  1.00136e-04
22121005225311 118  1.07050e-04
22121005225312 117  1.02758e-04
22121005225391 118  1.02043e-04
22121005225392 123  9.70364e-05
22121005225501 126  1.02282e-04
22121005225502 123  1.00136e-04
22121005225631 126  9.17912e-05
22121005225632 126  9.79900e-05
22121005225791 130  9.89437e-05
22121005225792 131  9.91821e-05
22121005270121  23  3.38554e-05
22121005270151  44  1.35899e-04
22121005270152  64  1.04904e-04
22121005270191  76  9.13143e-05
22121005270192  92  3.60012e-05
22121005270251 102  1.02997e-04
22121005270252  92  3.81470e-05
22121005270311 118  9.70364e-05
22121005270312 118  9.48906e-05
22121005270391 116  3.71933e-05
22121005270392 120  1.02043e-04
22121005270501 124  1.16110e-04
22121005270502 118  1.11103e-04
22121005270631 128  1.06812e-04
22121005270632 129  1.04904e-04
22121005270791 126  1.10865e-04
22121005270792 128  9.70364e-05
22121005315122   8  3.71933e-05
22121005315151  58  1.16110e-04
22121005315152  54  3.57628e-05
22121005315191  95  9.87053e-05
22121005315192  80  1.01328e-04
22121005315251 102  1.11103e-04
22121005315252 116  1.00851e-04
22121005315311 116  3.60012e-05
22121005315312 104  3.62396e-05
22121005315391 117  1.02282e-04
22121005315392  99  9.98974e-05
22121005315501 128  1.00136e-04
22121005315502 128  1.01089e-04
22121005315631 127  9.91821e-05
22121005315632 128  1.00851e-04
22121005315791 130  9.22680e-05
22121005315792 129  1.04904e-04
22121026180101  17  9.41753e-05
22121026180102   9  3.71933e-05
22121026180121  61  3.48091e-05
22121026180122  51  3.48091e-05
22121026180151  93  1.01089e-04
22121026180152  82  1.07765e-04
22121026180191 119  9.91821e-05
22121026180192 107  9.77516e-05
22121026180251 121  9.10759e-05
22121026180252 113  3.69549e-05
22121026180311 122  9.39369e-05
22121026180312 120  9.79900e-05
22121026180391 125  9.39369e-05
22121026180392 125  9.98974e-05
22121026180501 131  9.58443e-05
22121026180502 123  3.69549e-05
22121026180631 133  8.86917e-05
22121026180632 133  9.22680e-05
22121026180791 131  9.87053e-05
22121026180792 131  9.79900e-05
22121026225102  10  7.00951e-05
22121026225121  55  9.91821e-05
22121026225122  56  3.50475e-05
22121026225151  82  3.50475e-05
22121026225152  86  9.27448e-05
22121026225191 102  9.79900e-05
22121026225192  96  9.70364e-05
22121026225251 118  9.70364e-05
22121026225252 121  8.82149e-05
22121026225311 119  9.79900e-05
22121026225312 117  9.77516e-05
22121026225391 122  9.82285e-05
22121026225392 126  9.60827e-05
22121026225501 126  1.61886e-04
22121026225502 131  9.39369e-05
22121026225631 130  1.01089e-04
22121026225632 130  9.91821e-05
22121026225791 133  9.60827e-05
22121026225792 130  9.29832e-05
22121026270101  53  3.60012e-05
22121026270121  54  1.44005e-04
22121026270122  61  9.91821e-05
22121026270151  94  1.04189e-04
22121026270152  81  1.27077e-04
22121026270191  96  6.41346e-05
22121026270192 118  1.08004e-04
22121026270251 117  1.06812e-04
22121026270252 118  1.05381e-04
22121026270311 121  1.13964e-04
22121026270312 117  9.82285e-05
22121026270391 125  9.08375e-05
22121026270392 121  9.79900e-05
22121026270501 126  9.98974e-05
22121026270502 120  9.10759e-05
22121026270631 132  1.03235e-04
22121026270632 130  9.60827e-05
22121026270791 133  9.48906e-05
22121026270792 134  8.91685e-05
22121026315121  45  8.91685e-05
22121026315122  45  1.00851e-04
22121026315151  86  9.79900e-05
22121026315152  79  1.12772e-04
22121026315191 110  9.41753e-05
22121026315192  93  1.12057e-04
22121026315251 107  9.79900e-05
22121026315252 118  9.20296e-05
22121026315311 119  1.05143e-04
22121026315312 116  3.67165e-05
22121026315391 123  1.03951e-04
22121026315392 121  9.79900e-05
22121026315501 128  9.29832e-05
22121026315502 127  9.89437e-05
22121026315631 128  9.48906e-05
22121026315632 129  1.03951e-04
22121026315791 131  9.29832e-05
22121026315792 133  9.48906e-05
22121052180101  56  8.98838e-05
22121052180102  65  8.70228e-05
22121052180121  74  1.06335e-04
22121052180122  84  8.89301e-05
22121052180151 107  8.82149e-05
22121052180152 119  8.51154e-05
22121052180191 117  1.00136e-04
22121052180192 114  1.11818e-04
22121052180251 124  9.29832e-05
22121052180252 121  9.29832e-05
22121052180311 125  9.70364e-05
22121052180312 127  8.79765e-05
22121052180391 128  9.82285e-05
22121052180392 123  8.79765e-05
22121052180501 131  9.60827e-05
22121052180502 134  9.10759e-05
22121052180631 134  8.82149e-05
22121052180632 131  8.79765e-05
22121052180791 138  9.01222e-05
22121052180792 136  9.79900e-05
22121052225101  56  9.39369e-05
22121052225102  52  9.10759e-05
22121052225121  82  9.96590e-05
22121052225122  87  8.29697e-05
22121052225151 103  9.48906e-05
22121052225152 115  9.58443e-05
22121052225191 123  9.22680e-05
22121052225192 116  8.70228e-05
22121052225251 120  3.69549e-05
22121052225252 121  9.48906e-05
22121052225311 123  1.05858e-04
22121052225312 124  8.51154e-05
22121052225391 127  9.17912e-05
22121052225392 129  9.48906e-05
22121052225501 130  9.79900e-05
22121052225502 131  9.20296e-05
22121052225631 134  9.48906e-05
22121052225632 135  9.08375e-05
22121052225791 134  9.70364e-05
22121052225792 138  9.01222e-05
22121052270101  58  3.40939e-05
22121052270102  59  3.40939e-05
22121052270121  86  3.50475e-05
22121052270122  83  9.39369e-05
22121052270151  98  8.17776e-05
22121052270152 114  1.04904e-04
22121052270191 120  9.39369e-05
22121052270192 119  8.70228e-05
22121052270251 118  1.18732e-04
22121052270252 126  9.13143e-05
22121052270311 123  8.51154e-05
22121052270312 127  9.29832e-05
22121052270391 128  9.10759e-05
22121052270392 127  9.39369e-05
22121052270501 136  9.01222e-05
22121052270502 131  1.04904e-04
22121052270631 134  8.01086e-05
22121052270632 137  8.17776e-05
22121052270791 133  9.70364e-05
22121052270792 134  9.32217e-05
22121052315101  51  1.02043e-04
22121052315102  35  4.36306e-05
22121052315121  73  9.22680e-05
22121052315122  83  9.20296e-05
22121052315151 118  9.41753e-05
22121052315152 104  3.81470e-05
22121052315191 116  8.91685e-05
22121052315192 115  8.98838e-05
22121052315251 127  9.20296e-05
22121052315252 120  9.58443e-05
22121052315311 128  8.67844e-05
22121052315312 120  3.60012e-05
22121052315391 128  8.98838e-05
22121052315392 127  8.77380e-05
22121052315501 125  9.48906e-05
22121052315502 129  9.20296e-05
22121052315631 131  8.51154e-05
22121052315632 132  1.01089e-04
22121052315791 132  1.58310e-04
22121052315792 134  9.29832e-05
22121083180101  94  9.20296e-05
22121083180102  74  8.70228e-05
22121083180121 105  9.39369e-05
22121083180122 109  9.20296e-05
22121083180151 118  9.10759e-05
22121083180152 121  9.98974e-05
22121083180191 124  8.60691e-05
22121083180192 123  8.22544e-05
22121083180251 127  8.89301e-05
22121083180252 129  9.10759e-05
22121083180311 133  8.10623e-05
22121083180312 130  1.30177e-04
22121083180391 134  1.10149e-04
22121083180392 136  8.79765e-05
22121083180501 131  8.22544e-05
22121083180502 138  7.60555e-05
22121083180631 138  8.08239e-05
22121083180632 140  8.39233e-05
22121083180791 140  8.48770e-05
22121083180792 143  8.51154e-05
22121083225101  96  8.48770e-05
22121083225102  86  9.10759e-05
22121083225121 117  8.48770e-05
22121083225122 106  8.41618e-05
22121083225151 118  3.71933e-05
22121083225152 121  9.08375e-05
22121083225191 125  9.01222e-05
22121083225192 123  8.41618e-05
22121083225251 128  8.20160e-05
22121083225252 128  9.48906e-05
22121083225311 130  1.07050e-04
22121083225312 129  8.48770e-05
22121083225391 132  8.70228e-05
22121083225392 132  8.70228e-05
22121083225501 135  8.70228e-05
22121083225502 130  8.91685e-05
22121083225631 136  8.51154e-05
22121083225632 135  8.70228e-05
22121083225791 140  8.98838e-05
22121083225792 141  8.79765e-05
22121083270101  85  8.27312e-05
22121083270102  83  8.39233e-05
22121083270121 116  8.29697e-05
22121083270122 106  8.70228e-05
22121083270151 121  8.20160e-05
22121083270152 121  8.98838e-05
22121083270191 121  8.48770e-05
22121083270192 123  9.77516e-05
22121083270251 128  9.70364e-05
22121083270252 124  1.22786e-04
22121083270311 132  1.02282e-04
22121083270312 129  9.60827e-05
22121083270391 133  9.20296e-05
22121083270392 130  9.08375e-05
22121083270501 133  8.79765e-05
22121083270502 136  8.98838e-05
22121083270631 141  9.01222e-05
22121083270632 136  9.41753e-05
22121083270791 142  9.10759e-05
22121083270792 141  8.89301e-05
22121083315101  69  8.86917e-05
22121083315102  69  9.48906e-05
22121083315121  96  8.70228e-05
22121083315122  83  8.20160e-05
22121083315151 119  8.13007e-05
22121083315152 120  9.08375e-05
22121083315191 125  8.77380e-05
22121083315192 123  8.48770e-05
22121083315251 124  8.10623e-05
22121083315252 129  9.17912e-05
22121083315311 127  8.86917e-05
22121083315312 128  8.70228e-05
22121083315391 134  8.60691e-05
22121083315392 137  8.60691e-05
22121083315501 135  8.51154e-05
22121083315502 133  8.79765e-05
22121083315631 135  8.58307e-05
22121083315632 140  9.01222e-05
22121083315791 137  8.82149e-05
22121083315792 140  8.91685e-05
22121122180101 116  8.29697e-05
22121122180102 118  8.29697e-05
22121122180121 118  8.20160e-05
22121122180122 114  3.98159e-05
22121122180151 126  8.17776e-05
22121122180152 123  8.01086e-05
22121122180191 130  8.72612e-05
22121122180192 134  7.60555e-05
22121122180251 132  8.44002e-05
22121122180252 131  8.60691e-05
22121122180311 133  8.29697e-05
22121122180312 132  8.08239e-05
22121122180391 141  7.79629e-05
22121122180392 137  8.29697e-05
22121122180501 141  8.32081e-05
22121122180502 130  8.29697e-05
22121122180631 141  8.58307e-05
22121122180632 138  8.79765e-05
22121122180791 142  8.29697e-05
22121122180792 141  8.79765e-05
22121122225101 106  7.89165e-05
22121122225102  94  8.79765e-05
22121122225121 121  9.13143e-05
22121122225122 116  8.77380e-05
22121122225151 122  8.70228e-05
22121122225152 126  7.89165e-05
22121122225191 128  1.02997e-04
22121122225192 129  1.01089e-04
22121122225251 130  8.91685e-05
22121122225252 132  8.60691e-05
22121122225311 135  8.39233e-05
22121122225312 138  1.42813e-04
22121122225391 142  8.51154e-05
22121122225392 137  8.10623e-05
22121122225501 141  8.60691e-05
22121122225502 143  8.08239e-05
22121122225631 140  2.07901e-04
22121122225632 141  9.70364e-05
22121122225791 142  9.29832e-05
22121122225792 143  8.10623e-05
22121122270101 102  1.00136e-04
22121122270102 106  7.98702e-05
22121122270121 118  8.20160e-05
22121122270122 123  8.10623e-05
22121122270151 123  8.58307e-05
22121122270152 123  7.91550e-05
22121122270191 127  8.58307e-05
22121122270192 133  8.10623e-05
22121122270251 128  8.01086e-05
22121122270252 130  7.98702e-05
22121122270311 134  7.77245e-05
22121122270312 132  8.29697e-05
22121122270391 136  8.27312e-05
22121122270392 135  8.32081e-05
22121122270501 138  9.01222e-05
22121122270502 142  7.91550e-05
22121122270631 144  7.51019e-05
22121122270632 141  7.79629e-05
22121122270791 141  7.91550e-05
22121122270792 140  8.20160e-05
22121122315101  85  7.89165e-05
22121122315102  98  7.20024e-05
22121122315121 116  8.41618e-05
22121122315122 116  7.72476e-05
22121122315151 126  8.22544e-05
22121122315152 124  7.82013e-05
22121122315191 124  8.01086e-05
22121122315192 126  8.22544e-05
22121122315251 132  7.60555e-05
22121122315252 123  3.79086e-05
22121122315311 131  8.70228e-05
22121122315312 135  7.79629e-05
22121122315391 130  8.70228e-05
22121122315392 137  7.29561e-05
22121122315501 141  7.77245e-05
22121122315502 135  8.22544e-05
22121122315631 140  7.70092e-05
22121122315632 140  8.01086e-05
22121122315791 140  1.39952e-04
22121122315792 140  8.91685e-05
22121170180101 118  9.58443e-05
22121170180102 123  8.39233e-05
22121170180121 125  8.96454e-05
22121170180122 126  8.20160e-05
22121170180151 129  8.51154e-05
22121170180152 123  4.31538e-05
22121170180191 133  8.20160e-05
22121170180192 134  8.86917e-05
22121170180251 136  1.44243e-04
22121170180252 134  1.04189e-04
22121170180311 143  8.58307e-05
22121170180312 143  8.08239e-05
22121170180391 139  9.01222e-05
22121170180392 137  8.60691e-05
22121170180501 144  7.60555e-05
22121170180502 142  8.10623e-05
22121170180631 150  8.10623e-05
22121170180632 142  7.72476e-05
22121170180791 146  7.89165e-05
22121170180792 147  8.98838e-05
22121170225101 118  7.98702e-05
22121170225102 125  7.60555e-05
22121170225121 122  9.60827e-05
22121170225122 123  7.20024e-05
22121170225151 127  7.91550e-05
22121170225152 131  7.48634e-05
22121170225191 129  8.82149e-05
22121170225192 132  1.05858e-04
22121170225251 138  7.31945e-05
22121170225252 140  7.51019e-05
22121170225311 141  7.48634e-05
22121170225312 142  8.82149e-05
22121170225391 148  7.67708e-05
22121170225392 138  8.27312e-05
22121170225501 143  8.01086e-05
22121170225502 142  7.51019e-05
22121170225631 151  7.77245e-05
22121170225632 142  7.82013e-05
22121170225791 154  8.08239e-05
22121170225792 152  8.08239e-05
22121170270101 116  7.60555e-05
22121170270102 118  3.76701e-05
22121170270121 125  7.39098e-05
22121170270122 125  8.39233e-05
22121170270151 133  7.60555e-05
22121170270152 130  8.51154e-05
22121170270191 135  8.13007e-05
22121170270192 131  8.17776e-05
22121170270251 135  7.67708e-05
22121170270252 130  1.33038e-04
22121170270311 138  1.15871e-04
22121170270312 137  1.14918e-04
22121170270391 141  8.08239e-05
22121170270392 138  8.98838e-05
22121170270501 147  7.82013e-05
22121170270502 144  7.39098e-05
22121170270631 144  7.08103e-05
22121170270632 146  6.81877e-05
22121170270791 154  7.48634e-05
22121170270792 151  6.98566e-05
22121170315101  96  3.91006e-05
22121170315102  98  3.52859e-05
22121170315121 119  8.60691e-05
22121170315122 123  1.48296e-04
22121170315151 126  1.04904e-04
22121170315152 127  7.89165e-05
22121170315191 131  8.51154e-05
22121170315192 130  1.45912e-04
22121170315251 132  8.70228e-05
22121170315252 128  4.00543e-05
22121170315311 133  7.70092e-05
22121170315312 132  7.29561e-05
22121170315391 140  8.51154e-05
22121170315392 142  7.79629e-05
22121170315501 141  7.29561e-05
22121170315502 144  7.60555e-05
22121170315631 142  7.89165e-05
22121170315632 141  8.17776e-05
22121170315791 147  7.60555e-05
22121170315792 144  7.60555e-05
22121230180101 128  7.39098e-05
22121230180102 123  7.67708e-05
22121230180121 130  7.39098e-05
22121230180122 133  6.38962e-05
22121230180151 134  6.50883e-05
22121230180152 138  6.98566e-05
22121230180191 145  7.31945e-05
22121230180192 142  6.81877e-05
22121230180251 141  7.29561e-05
22121230180252 145  7.41482e-05
22121230180311 147  7.00951e-05
22121230180312 147  6.77109e-05
22121230180391 140  7.48634e-05
22121230180392 148  7.58171e-05
22121230180501 147  7.29561e-05
22121230180502 153  7.48634e-05
22121230180631 151  7.77245e-05
22121230180632 154  7.41482e-05
22121230180791 148  7.08103e-05
22121230180792 157  6.10352e-05
22121230225101 131  8.86917e-05
22121230225102 129  7.60555e-05
22121230225121 131  7.29561e-05
22121230225122 136  7.10487e-05
22121230225151 132  7.12872e-05
22121230225152 143  7.51019e-05
22121230225191 139  7.98702e-05
22121230225192 141  7.31945e-05
22121230225251 142  7.79629e-05
22121230225252 139  7.67708e-05
22121230225311 144  7.39098e-05
22121230225312 145  8.08239e-05
22121230225391 145  7.39098e-05
22121230225392 154  7.08103e-05
22121230225501 153  7.20024e-05
22121230225502 151  7.10487e-05
22121230225631 151  7.60555e-05
22121230225632 152  6.98566e-05
22121230225791 158  6.60419e-05
22121230225792 152  6.79493e-05
22121230270101 123  7.29561e-05
22121230270102 126  7.29561e-05
22121230270121 133  8.70228e-05
22121230270122 131  6.81877e-05
22121230270151 133  6.69956e-05
22121230270152 136  6.89030e-05
22121230270191 134  7.29561e-05
22121230270192 143  7.12872e-05
22121230270251 138  7.29561e-05
22121230270252 141  1.38044e-04
22121230270311 137  1.39952e-04
22121230270312 145  8.79765e-05
22121230270391 142  7.91550e-05
22121230270392 147  7.79629e-05
22121230270501 151  7.51019e-05
22121230270502 154  8.79765e-05
22121230270631 147  8.27312e-05
22121230270632 152  7.08103e-05
22121230270791 152  8.29697e-05
22121230270792 152  7.79629e-05
22121230315101 123  1.07765e-04
22121230315102 121  9.48906e-05
22121230315121 120  4.88758e-05
22121230315122 128  8.89301e-05
22121230315151 130  8.13007e-05
22121230315152 130  7.98702e-05
22121230315191 132  7.51019e-05
22121230315192 131  7.89165e-05
22121230315251 142  7.79629e-05
22121230315252 142  7.17640e-05
22121230315311 140  7.89165e-05
22121230315312 140  7.98702e-05
22121230315391 140  9.39369e-05
22121230315392 145  7.20024e-05
22121230315501 142  7.70092e-05
22121230315502 149  7.41482e-05
22121230315631 152  6.98566e-05
22121230315632 151  6.86646e-05
22121230315791 150  7.17640e-05
22121230315792 155  7.58171e-05
22121308180101 142  7.60555e-05
22121308180102 131  7.29561e-05
22121308180121 141  7.29561e-05
22121308180122 141  7.41482e-05
22121308180151 142  6.81877e-05
22121308180152 142  6.81877e-05
22121308180191 142  6.89030e-05
22121308180192 144  7.41482e-05
22121308180251 148  7.17640e-05
22121308180252 151  6.91414e-05
22121308180311 152  6.89030e-05
22121308180312 152  6.79493e-05
22121308180391 156  6.69956e-05
22121308180392 153  6.89030e-05
22121308180501 156  6.89030e-05
22121308180502 155  8.89301e-05
22121308180631 156  8.51154e-05
22121308180632 163  6.81877e-05
22121308180791 157  7.70092e-05
22121308180792 164  7.39098e-05
22121308225101 138  1.40905e-04
22121308225102 139  8.79765e-05
22121308225121 142  7.91550e-05
22121308225122 136  6.81877e-05
22121308225151 139  8.51154e-05
22121308225152 142  7.10487e-05
22121308225191 145  7.79629e-05
22121308225192 142  7.39098e-05
22121308225251 154  6.91414e-05
22121308225252 152  8.01086e-05
22121308225311 150  8.29697e-05
22121308225312 151  9.39369e-05
22121308225391 154  6.79493e-05
22121308225392 155  7.79629e-05
22121308225501 166  6.79493e-05
22121308225502 154  8.70228e-05
22121308225631 159  6.69956e-05
22121308225632 160  7.20024e-05
22121308225791 160  6.98566e-05
22121308225792 166  7.10487e-05
22121308270101 141  7.10487e-05
22121308270102 132  7.08103e-05
22121308270121 137  7.29561e-05
22121308270122 132  6.69956e-05
22121308270151 150  6.79493e-05
22121308270152 143  6.69956e-05
22121308270191 144  6.81877e-05
22121308270192 141  7.48634e-05
22121308270251 153  8.91685e-05
22121308270252 151  8.51154e-05
22121308270311 152  7.60555e-05
22121308270312 154  7.41482e-05
22121308270391 151  7.20024e-05
22121308270392 153  6.72340e-05
22121308270501 154  6.67572e-05
22121308270502 149  7.29561e-05
22121308270631 151  9.13143e-05
22121308270632 152  6.67572e-05
22121308270791 155  6.79493e-05
22121308270792 161  6.81877e-05
22121308315101 132  6.50883e-05
22121308315102 125  6.98566e-05
22121308315121 132  6.77109e-05
22121308315122 122  6.50883e-05
22121308315151 132  6.81877e-05
22121308315152 142  9.32217e-05
22121308315191 141  8.48770e-05
22121308315192 139  7.08103e-05
22121308315251 141  8.22544e-05
22121308315252 139  6.98566e-05
22121308315311 149  6.60419e-05
22121308315312 139  7.08103e-05
22121308315391 151  6.91414e-05
22121308315392 152  8.77380e-05
22121308315501 151  7.29561e-05
22121308315502 150  7.08103e-05
22121308315631 165  6.72340e-05
22121308315632 160  7.10487e-05
22121308315791 153  6.77109e-05
22121308315792 151  6.50883e-05
22121417180101 144  9.27448e-05
22121417180102 144  7.51019e-05
22121417180121 154  6.50883e-05
22121417180122 151  8.20160e-05
22121417180151 153  6.79493e-05
22121417180152 150  6.86646e-05
22121417180191 152  6.89030e-05
22121417180192 159  6.81877e-05
22121417180251 154  6.69956e-05
22121417180252 155  8.29697e-05
22121417180311 176  9.48906e-05
22121417180312 167  8.39233e-05
22121417180391 164  7.00951e-05
22121417180392 160  9.60827e-05
22121417180501 172  8.39233e-05
22121417180502 166  9.08375e-05
22121417180631 165  8.60691e-05
22121417180632 166  6.60419e-05
22121417180791 176  6.69956e-05
22121417180792 176  7.67708e-05
22121417225101 140  9.60827e-05
22121417225102 141  6.89030e-05
22121417225121 151  8.60691e-05
22121417225122 143  6.29425e-05
22121417225151 153  6.58035e-05
22121417225152 151  6.29425e-05
22121417225191 150  6.29425e-05
22121417225192 159  6.50883e-05
22121417225251 164  6.50883e-05
22121417225252 158  9.17912e-05
22121417225311 158  6.77109e-05
22121417225312 168  7.20024e-05
22121417225391 163  6.29425e-05
22121417225392 158  6.77109e-05
22121417225501 164  6.07967e-05
22121417225502 169  6.91414e-05
22121417225631 167  8.32081e-05
22121417225632 169  8.08239e-05
22121417225791 167  7.10487e-05
22121417225792 176  9.10759e-05
22121417270101 139  6.60419e-05
22121417270102 146  1.05143e-04
22121417270121 147  9.39369e-05
22121417270122 140  6.79493e-05
22121417270151 147  6.50883e-05
22121417270152 152  6.50883e-05
22121417270191 165  8.60691e-05
22121417270192 154  8.60691e-05
22121417270251 154  6.55651e-05
22121417270252 157  9.01222e-05
22121417270311 152  8.51154e-05
22121417270312 161  1.20640e-04
22121417270391 166  8.91685e-05
22121417270392 167  7.00951e-05
22121417270501 165  6.60419e-05
22121417270502 162  7.39098e-05
22121417270631 166  6.58035e-05
22121417270632 168  6.60419e-05
22121417270791 167  6.60419e-05
22121417270792 166  6.50883e-05
22121417315101 133  6.79493e-05
22121417315102 133  6.60419e-05
22121417315121 139  8.39233e-05
22121417315122 148  6.29425e-05
22121417315151 147  6.29425e-05
22121417315152 134  8.08239e-05
22121417315191 155  6.81877e-05
22121417315192 141  6.72340e-05
22121417315251 153  6.48499e-05
22121417315252 149  7.10487e-05
22121417315311 150  6.79493e-05
22121417315312 152  9.27448e-05
22121417315391 154  6.79493e-05
22121417315392 161  6.69956e-05
22121417315501 157  8.29697e-05
22121417315502 157  6.50883e-05
22121417315631 162  6.98566e-05
22121417315632 166  9.01222e-05
22121417315791 176  8.41618e-05
22121417315792 166  6.48499e-05
22129291801001  96  1.27316e-04
22129291801002  85  1.26123e-04
22129291801251  97  1.35899e-04
22129291801252 115  1.27792e-04
22129291801255 107  1.22786e-04
22129291801581 116  1.30177e-04
22129291801582 116  1.33276e-04
22129291801585 113  1.27077e-04
22129291801991 112  3.98159e-05
22129291801992 121  1.25885e-04
22129291801995 113  3.60012e-05
22129291802511 122  1.19925e-04
22129291802512 125  1.25885e-04
22129291802515 123  1.31130e-04
22129291803161 123  1.21832e-04
22129291803162 124  1.32084e-04
22129291803165 122  1.22070e-04
22129291803981 124  1.16825e-04
22129291803982 124  1.18017e-04
22129291803985 128  1.19686e-04
22129292251001  89  1.17064e-04
22129292251002  86  1.34230e-04
22129292251251 101  1.22070e-04
22129292251252 112  1.36852e-04
22129292251255 110  1.25170e-04
22129292251581 118  1.21832e-04
22129292251582 115  1.31845e-04
22129292251585 110  1.44005e-04
22129292251991 117  1.23024e-04
22129292251992 120  1.21117e-04
22129292251995 119  1.28984e-04
22129292252511 119  1.27077e-04
22129292252512 120  1.20878e-04
22129292252515 118  1.21832e-04
22129292253161 126  1.28031e-04
22129292253162 127  1.23978e-04
22129292253165 128  1.18971e-04
22129292253981 126  1.23024e-04
22129292253982 126  1.36852e-04
22129292253985 125  1.32799e-04
22129292701001  93  1.21117e-04
22129292701002  88  1.15871e-04
22129292701251 106  1.41859e-04
22129292701252 112  1.37091e-04
22129292701255 103  3.62396e-05
22129292701581 113  1.26839e-04
22129292701582 114  1.20878e-04
22129292701585 111  3.57628e-05
22129292701991 120  1.31130e-04
22129292701992 118  1.23978e-04
22129292701995 123  1.28984e-04
22129292702511 123  1.30177e-04
22129292702512 120  1.17064e-04
22129292702515 118  1.27077e-04
22129292703161 122  1.18971e-04
22129292703162 127  1.22070e-04
22129292703165 124  1.28984e-04
22129292703981 124  1.21117e-04
22129292703982 123  1.30177e-04
22129292703985 125  1.20163e-04
22129293151001  95  1.28984e-04
22129293151002  98  1.19209e-04
22129293151251 105  1.18017e-04
22129293151252  95  3.50475e-05
22129293151255 110  1.23978e-04
22129293151581 110  3.50475e-05
22129293151582 114  1.23978e-04
22129293151585 110  1.20878e-04
22129293151991 122  1.21117e-04
22129293151992 120  1.18017e-04
22129293151995 117  1.23978e-04
22129293152511 120  1.21832e-04
22129293152512 121  1.32799e-04
22129293152515 117  1.24931e-04
22129293153161 126  1.19209e-04
22129293153162 127  1.20878e-04
22129293153165 124  1.33038e-04
22129293153981 127  1.24216e-04
22129293153982 125  1.23978e-04
22129293153985 126  1.28984e-04
22129351801001 113  1.18971e-04
22129351801002  97  1.23024e-04
22129351801251 117  1.23024e-04
22129351801252 113  1.31130e-04
22129351801255 113  1.26123e-04
22129351801581 116  1.26839e-04
22129351801582 118  3.88622e-05
22129351801585 122  1.29938e-04
22129351801991 122  1.27077e-04
22129351801992 120  1.88112e-04
22129351801995 121  1.23024e-04
22129351802511 122  1.28984e-04
22129351802512 124  1.16110e-04
22129351802515 123  1.28031e-04
22129351803161 122  1.32084e-04
22129351803162 130  1.26123e-04
22129351803165 128  1.17064e-04
22129351803981 127  1.16110e-04
22129351803982 129  1.18017e-04
22129351803985 130  1.18017e-04
22129352251001 101  1.18971e-04
22129352251002 106  1.25885e-04
22129352251251 112  1.18971e-04
22129352251252  90  1.25885e-04
22129352251255 114  1.19925e-04
22129352251581 117  1.30177e-04
22129352251582 120  1.22786e-04
22129352251585 119  1.27077e-04
22129352251991 125  1.13726e-04
22129352251992 119  1.23739e-04
22129352251995 119  1.24931e-04
22129352252511 122  1.17064e-04
22129352252512 130  1.19925e-04
22129352252515 121  1.17064e-04
22129352253161 123  1.20163e-04
22129352253162 127  1.26839e-04
22129352253165 124  1.17064e-04
22129352253981 128  1.22070e-04
22129352253982 131  1.21832e-04
22129352253985 134  1.22070e-04
22129352701001 100  3.57628e-05
22129352701002 111  1.13964e-04
22129352701251 114  1.18732e-04
22129352701252 115  1.21117e-04
22129352701255 115  1.22070e-04
22129352701581 122  1.13964e-04
22129352701582 118  1.14202e-04
22129352701585 119  1.28031e-04
22129352701991 125  1.30892e-04
22129352701992 124  1.19925e-04
22129352701995 121  1.28031e-04
22129352702511 126  1.24931e-04
22129352702512 120  1.20163e-04
22129352702515 124  1.23024e-04
22129352703161 126  1.15871e-04
22129352703162 126  1.24931e-04
22129352703165 127  1.15871e-04
22129352703981 126  1.23978e-04
22129352703982 126  1.25885e-04
22129352703985 130  1.33753e-04
22129353151001 112  1.32084e-04
22129353151002 113  1.22070e-04
22129353151251 115  1.17302e-04
22129353151252 112  1.20878e-04
22129353151255 114  1.13964e-04
22129353151581 116  1.17064e-04
22129353151582 122  1.21832e-04
22129353151585 117  1.24216e-04
22129353151991 118  1.23978e-04
22129353151992 121  1.19686e-04
22129353151995 119  1.30892e-04
22129353152511 126  1.21117e-04
22129353152512 122  3.62396e-05
22129353152515 126  1.19925e-04
22129353153161 125  1.18732e-04
22129353153162 129  1.17064e-04
22129353153165 124  1.20163e-04
22129353153981 127  1.14202e-04
22129353153982 128  1.22070e-04
22129353153985 127  1.28031e-04
22129421801001 115  1.23262e-04
22129421801002 113  1.22786e-04
22129421801251 115  3.62396e-05
22129421801252 118  1.22070e-04
22129421801255 120  1.12057e-04
22129421801581 125  1.13249e-04
22129421801582 123  1.20163e-04
22129421801585 125  1.18017e-04
22129421801991 121  1.24216e-04
22129421801992 122  1.19209e-04
22129421801995 121  1.28984e-04
22129421802511 128  1.15871e-04
22129421802512 124  1.17064e-04
22129421802515 126  1.13726e-04
22129421803161 128  1.25885e-04
22129421803162 129  1.17064e-04
22129421803165 127  1.17064e-04
22129421803981 135  1.20163e-04
22129421803982 131  1.27077e-04
22129421803985 131  1.17064e-04
22129422251001 114  1.23024e-04
22129422251002 114  1.10865e-04
22129422251251 122  1.19925e-04
22129422251252 117  1.22070e-04
22129422251255 118  1.11818e-04
22129422251581 121  1.15871e-04
22129422251582 122  1.15871e-04
22129422251585 123  1.15871e-04
22129422251991 124  1.23739e-04
22129422251992 127  1.15395e-04
22129422251995 123  1.15156e-04
22129422252511 124  1.21117e-04
22129422252512 125  1.13010e-04
22129422252515 126  1.19686e-04
22129422253161 127  1.13010e-04
22129422253162 130  1.14918e-04
22129422253165 127  1.21832e-04
22129422253981 131  1.26839e-04
22129422253982 133  1.18017e-04
22129422253985 132  1.13010e-04
22129422701001 112  1.19925e-04
22129422701002 113  1.18971e-04
22129422701251 115  1.16825e-04
22129422701252 121  1.19209e-04
22129422701255 116  1.23262e-04
22129422701581 121  1.19209e-04
22129422701582 122  1.22070e-04
22129422701585 118  1.25885e-04
22129422701991 122  1.14202e-04
22129422701992 126  1.19925e-04
22129422701995 121  1.16825e-04
22129422702511 125  1.19686e-04
22129422702512 127  1.20163e-04
22129422702515 129  1.15156e-04
22129422703161 132  1.17064e-04
22129422703162 126  1.25170e-04
22129422703165 128  1.21832e-04
22129422703981 131  1.25170e-04
22129422703982 132  1.13726e-04
22129422703985 130  1.23978e-04
22129423151001 110  1.18017e-04
22129423151002  98  1.11103e-04
22129423151251 117  1.22070e-04
22129423151252 120  1.26839e-04
22129423151255 117  1.18017e-04
22129423151581 118  1.21832e-04
22129423151582 120  1.28984e-04
22129423151585 122  1.28031e-04
22129423151991 125  1.20640e-04
22129423151992 121  1.16825e-04
22129423151995 127  1.23262e-04
22129423152511 127  1.18971e-04
22129423152512 130  1.14918e-04
22129423152515 123  1.36137e-04
22129423153161 127  1.17064e-04
22129423153162 126  1.19925e-04
22129423153165 126  1.36375e-04
22129423153981 135  1.22070e-04
22129423153982 131  1.15156e-04
22129423153985 130  1.19925e-04
22129501801001 120  1.12057e-04
22129501801002 120  1.20878e-04
22129501801251 120  1.23978e-04
22129501801252 123  1.14918e-04
22129501801255 122  1.15871e-04
22129501801581 126  1.19925e-04
22129501801582 128  1.13964e-04
22129501801585 124  1.15156e-04
22129501801991 129  1.18017e-04
22129501801992 126  1.17064e-04
22129501801995 129  1.16825e-04
22129501802511 127  1.22070e-04
22129501802512 128  1.11103e-04
22129501802515 129  1.04904e-04
22129501803161 130  1.25885e-04
22129501803162 131  1.22070e-04
22129501803165 134  1.18017e-04
22129501803981 134  1.18017e-04
22129501803982 137  1.15871e-04
22129501803985 128  1.19925e-04
22129502251001 120  1.13010e-04
22129502251002 116  1.09911e-04
22129502251251 119  1.23262e-04
22129502251252 118  1.21117e-04
22129502251255 117  1.17064e-04
22129502251581 123  1.12057e-04
22129502251582 126  1.18017e-04
22129502251585 123  1.08957e-04
22129502251991 128  1.13249e-04
22129502251992 127  1.20163e-04
22129502251995 125  1.19925e-04
22129502252511 133  1.21832e-04
22129502252512 128  1.15871e-04
22129502252515 127  1.21832e-04
22129502253161 131  1.21117e-04
22129502253162 132  1.15871e-04
22129502253165 136  1.14918e-04
22129502253981 130  1.28031e-04
22129502253982 131  1.22070e-04
22129502253985 135  1.12772e-04
22129502701001 114  1.21117e-04
22129502701002 118  1.17064e-04
22129502701251 118  1.14918e-04
22129502701252 122  1.14918e-04
22129502701255 122  1.24931e-04
22129502701581 121  1.18017e-04
22129502701582 124  1.15395e-04
22129502701585 126  1.18017e-04
22129502701991 129  1.11818e-04
22129502701992 131  1.21117e-04
22129502701995 126  1.15871e-04
22129502702511 128  1.17064e-04
22129502702512 126  1.18017e-04
22129502702515 127  1.22070e-04
22129502703161 135  1.41144e-04
22129502703162 129  1.42097e-04
22129502703165 131  1.26123e-04
22129502703981 133  1.74284e-04
22129502703982 134  1.33991e-04
22129502703985 135  1.32799e-04
22129503151001 120  1.34230e-04
22129503151002 116  1.17064e-04
22129503151251 123  1.31130e-04
22129503151252 121  1.37091e-04
22129503151255 118  4.60148e-05
22129503151581 122  1.28984e-04
22129503151582 121  1.31845e-04
22129503151585 126  1.20163e-04
22129503151991 124  1.18971e-04
22129503151992 130  1.13249e-04
22129503151995 125  1.33276e-04
22129503152511 127  1.25885e-04
22129503152512 130  1.14918e-04
22129503152515 130  1.26839e-04
22129503153161 132  1.84059e-04
22129503153162 133  1.28031e-04
22129503153165 133  1.18017e-04
22129503153981 134  1.26839e-04
22129503153982 132  1.26839e-04
22129503153985 132  1.69039e-04
22129601801001 121  1.28984e-04
22129601801002 117  1.17064e-04
22129601801251 121  1.11103e-04
22129601801252 124  1.26123e-04
22129601801255 125  1.08719e-04
22129601801581 126  1.11103e-04
22129601801582 128  1.12295e-04
22129601801585 126  1.06096e-04
22129601801991 129  1.13010e-04
22129601801992 127  1.24216e-04
22129601801995 130  1.18017e-04
22129601802511 133  1.07050e-04
22129601802512 132  1.08957e-04
22129601802515 132  1.07050e-04
22129601803161 134  1.13010e-04
22129601803162 141  1.05858e-04
22129601803165 136  1.09911e-04
22129601803981 134  1.18732e-04
22129601803982 135  1.07050e-04
22129601803985 134  1.18017e-04
22129602251001 119  1.03951e-04
22129602251002 121  1.07050e-04
22129602251251 127  1.04189e-04
22129602251252 127  1.05858e-04
22129602251255 123  1.08004e-04
22129602251581 127  1.08004e-04
22129602251582 129  1.65939e-04
22129602251585 127  1.68085e-04
22129602251991 126  1.28031e-04
22129602251992 132  1.12772e-04
22129602251995 129  1.11818e-04
22129602252511 133  1.18017e-04
22129602252512 130  1.16110e-04
22129602252515 129  1.32799e-04
22129602253161 134  1.24216e-04
22129602253162 134  1.23024e-04
22129602253165 134  1.18017e-04
22129602253981 135  1.07050e-04
22129602253982 134  1.19209e-04
22129602253985 138  1.15871e-04
22129602701001 121  1.08957e-04
22129602701002 118  1.10626e-04
22129602701251 126  1.18971e-04
22129602701252 125  1.16110e-04
22129602701255 127  1.13249e-04
22129602701581 126  1.23262e-04
22129602701582 128  1.07050e-04
22129602701585 127  1.02997e-04
22129602701991 126  1.13964e-04
22129602701992 130  1.13964e-04
22129602701995 129  1.10865e-04
22129602702511 132  1.13010e-04
22129602702512 134  1.11103e-04
22129602702515 135  1.10149e-04
22129602703161 136  1.04904e-04
22129602703162 134  1.14918e-04
22129602703165 131  1.07050e-04
22129602703981 134  1.06812e-04
22129602703982 136  1.29938e-04
22129602703985 135  1.12772e-04
22129603151001 121  1.15871e-04
22129603151002 123  1.18732e-04
22129603151251 123  1.18017e-04
22129603151252 123  1.11103e-04
22129603151255 125  1.15871e-04
22129603151581 124  1.24216e-04
22129603151582 127  1.22070e-04
22129603151585 122  1.21117e-04
22129603151991 133  1.11103e-04
22129603151992 132  1.11103e-04
22129603151995 130  1.08957e-04
22129603152511 133  1.14202e-04
22129603152512 133  1.52826e-04
22129603152515 132  1.33276e-04
22129603153161 137  1.13964e-04
22129603153162 133  1.28984e-04
22129603153165 135  1.21117e-04
22129603153981 139  1.59979e-04
22129603153982 140  1.56164e-04
22129603153985 138  1.23024e-04
22129721801001 129  1.11103e-04
22129721801002 127  1.16348e-04
22129721801251 130  1.11103e-04
22129721801252 128  1.13964e-04
22129721801255 126  1.08957e-04
22129721801581 131  1.02043e-04
22129721801582 132  1.14918e-04
22129721801585 129  1.15871e-04
22129721801991 131  1.20163e-04
22129721801992 132  1.09911e-04
22129721801995 131  1.02997e-04
22129721802511 134  1.14918e-04
22129721802512 136  1.08719e-04
22129721802515 133  1.09673e-04
22129721803161 135  1.15156e-04
22129721803162 135  1.08004e-04
22129721803165 137  1.10149e-04
22129721803981 141  1.15871e-04
22129721803982 134  1.05143e-04
22129721803985 140  1.09911e-04
22129722251001 124  1.08004e-04
22129722251002 131  1.00851e-04
22129722251251 127  1.02997e-04
22129722251252 127  1.03235e-04
22129722251255 124  4.29153e-05
22129722251581 126  1.10865e-04
22129722251582 133  1.83821e-04
22129722251585 131  1.04904e-04
22129722251991 130  1.14918e-04
22129722251992 129  1.06096e-04
22129722251995 135  1.06573e-04
22129722252511 136  1.03951e-04
22129722252512 135  1.15156e-04
22129722252515 136  1.02758e-04
22129722253161 137  1.12772e-04
22129722253162 134  1.12057e-04
22129722253165 137  1.08004e-04
22129722253981 135  9.60827e-05
22129722253982 138  1.09911e-04
22129722253985 142  1.09911e-04
22129722701001 123  1.08957e-04
22129722701002 131  9.70364e-05
22129722701251 127  1.03951e-04
22129722701252 128  1.27077e-04
22129722701255 128  1.10865e-04
22129722701581 127  1.12772e-04
22129722701582 129  1.11818e-04
22129722701585 129  1.13726e-04
22129722701991 134  1.07050e-04
22129722701992 133  1.09196e-04
22129722701995 132  1.09911e-04
22129722702511 133  1.09196e-04
22129722702512 132  1.10149e-04
22129722702515 137  1.02997e-04
22129722703161 136  1.09196e-04
22129722703162 137  1.10865e-04
22129722703165 140  1.03951e-04
22129722703981 138  1.09911e-04
22129722703982 137  1.04904e-04
22129722703985 136  1.13010e-04
22129723151001 123  1.09196e-04
22129723151002 125  1.09196e-04
22129723151251 126  1.11818e-04
22129723151252 128  1.08957e-04
22129723151255 127  1.09673e-04
22129723151581 133  1.07050e-04
22129723151582 130  1.02997e-04
22129723151585 131  1.11103e-04
22129723151991 131  1.08004e-04
22129723151992 125  1.18971e-04
22129723151995 130  1.17779e-04
22129723152511 138  1.08957e-04
22129723152512 136  1.09911e-04
22129723152515 134  1.02997e-04
22129723153161 136  1.10149e-04
22129723153162 138  1.07765e-04
22129723153165 140  1.04904e-04
22129723153981 139  1.06096e-04
22129723153982 138  1.07050e-04
22129723153985 139  1.24216e-04
22129871801001 126  1.00851e-04
22129871801002 128  1.01805e-04
22129871801251 128  1.02043e-04
22129871801252 131  1.07050e-04
22129871801255 129  1.04904e-04
22129871801581 131  1.09911e-04
22129871801582 135  1.06096e-04
22129871801585 131  1.09196e-04
22129871801991 135  9.39369e-05
22129871801992 136  1.03951e-04
22129871801995 135  1.02043e-04
22129871802511 138  1.01805e-04
22129871802512 133  1.03951e-04
22129871802515 139  1.03951e-04
22129871803161 139  1.09911e-04
22129871803162 142  1.02282e-04
22129871803165 137  1.16825e-04
22129871803981 140  1.00851e-04
22129871803982 143  1.08242e-04
22129871803985 146  1.02997e-04
22129872251001 131  1.00851e-04
22129872251002 128  1.02282e-04
22129872251251 127  1.26839e-04
22129872251252 131  9.79900e-05
22129872251255 133  1.00136e-04
22129872251581 140  1.06096e-04
22129872251582 135  1.07050e-04
22129872251585 133  1.07050e-04
22129872251991 140  1.06812e-04
22129872251992 139  1.01805e-04
22129872251995 133  1.02043e-04
22129872252511 134  1.23978e-04
22129872252512 138  1.03235e-04
22129872252515 139  1.07050e-04
22129872253161 142  9.91821e-05
22129872253162 141  1.03235e-04
22129872253165 137  1.04904e-04
22129872253981 145  1.05858e-04
22129872253982 138  1.17302e-04
22129872253985 142  1.00136e-04
22129872701001 131  1.00851e-04
22129872701002 129  9.29832e-05
22129872701251 134  9.70364e-05
22129872701252 129  1.04904e-04
22129872701255 129  1.06573e-04
22129872701581 134  1.08957e-04
22129872701582 135  1.01805e-04
22129872701585 135  9.39369e-05
22129872701991 134  1.09911e-04
22129872701992 135  1.02043e-04
22129872701995 132  1.06096e-04
22129872702511 138  1.02282e-04
22129872702512 136  9.98974e-05
22129872702515 141  1.07050e-04
22129872703161 141  1.05143e-04
22129872703162 135  1.05381e-04
22129872703165 138  9.70364e-05
22129872703981 142  1.61171e-04
22129872703982 140  1.07050e-04
22129872703985 137  1.10149e-04
22129873151001 129  9.91821e-05
22129873151002 127  1.02043e-04
22129873151251 129  1.11103e-04
22129873151252 128  9.98974e-05
22129873151255 130  1.05143e-04
22129873151581 132  1.06096e-04
22129873151582 133  1.11103e-04
22129873151585 133  1.07050e-04
22129873151991 136  1.05143e-04
22129873151992 136  1.01805e-04
22129873151995 137  1.03235e-04
22129873152511 136  1.11103e-04
22129873152512 138  1.08004e-04
22129873152515 139  1.10626e-04
22129873153161 138  1.05143e-04
22129873153162 141  1.02043e-04
22129873153165 140  1.06096e-04
22129873153981 142  1.02997e-04
22129873153982 139  1.08004e-04
22129873153985 141  1.02997e-04
221210051801001 132  9.60827e-05
221210051801002 126  1.08004e-04
221210051801251 132  9.58443e-05
221210051801252 131  1.02997e-04
221210051801255 134  1.02043e-04
221210051801581 137  9.67979e-05
221210051801582 138  9.48906e-05
221210051801585 133  1.04904e-04
221210051801991 140  1.06812e-04
221210051801992 142  9.70364e-05
221210051801995 140  9.70364e-05
221210051802511 142  1.07050e-04
221210051802512 139  1.00851e-04
221210051802515 146  9.89437e-05
221210051803161 139  1.01805e-04
221210051803162 140  1.01805e-04
221210051803165 144  1.04904e-04
221210051803981 142  9.70364e-05
221210051803982 142  9.29832e-05
221210051803985 147  9.79900e-05
221210052251001 134  1.02043e-04
221210052251002 132  1.02997e-04
221210052251251 134  1.01089e-04
221210052251252 135  9.58443e-05
221210052251255 136  9.77516e-05
221210052251581 137  9.48906e-05
221210052251582 136  1.06812e-04
221210052251585 138  9.77516e-05
221210052251991 139  1.04904e-04
221210052251992 136  9.98974e-05
221210052251995 145  9.51290e-05
221210052252511 140  9.91821e-05
221210052252512 141  1.12057e-04
221210052252515 140  9.98974e-05
221210052253161 144  1.01805e-04
221210052253162 141  9.98974e-05
221210052253165 142  1.03951e-04
221210052253981 140  9.48906e-05
221210052253982 141  1.06096e-04
221210052253985 146  1.05381e-04
221210052701001 134  1.04189e-04
221210052701002 133  1.06096e-04
221210052701251 133  9.77516e-05
221210052701252 136  9.91821e-05
221210052701255 135  9.89437e-05
221210052701581 136  1.02282e-04
221210052701582 135  9.98974e-05
221210052701585 138  1.02997e-04
221210052701991 136  1.01089e-04
221210052701992 136  1.00851e-04
221210052701995 141  1.02758e-04
221210052702511 140  9.48906e-05
221210052702512 141  1.01089e-04
221210052702515 143  9.70364e-05
221210052703161 143  1.05381e-04
221210052703162 143  9.39369e-05
221210052703165 140  9.41753e-05
221210052703981 149  9.39369e-05
221210052703982 145  1.01089e-04
221210052703985 144  9.70364e-05
221210053151001 131  1.01089e-04
221210053151002 131  9.91821e-05
221210053151251 135  9.48906e-05
221210053151252 134  1.07050e-04
221210053151255 134  9.41753e-05
221210053151581 139  9.91821e-05
221210053151582 137  9.48906e-05
221210053151585 137  1.00136e-04
221210053151991 136  9.60827e-05
221210053151992 141  9.39369e-05
221210053151995 143  1.06096e-04
221210053152511 138  1.13010e-04
221210053152512 138  9.91821e-05
221210053152515 139  1.02043e-04
221210053153161 145  9.41753e-05
221210053153162 145  9.39369e-05
221210053153165 141  1.01805e-04
221210053153981 149  1.04189e-04
221210053153982 138  1.00851e-04
221210053153985 143  9.79900e-05
221210261801001 139  9.48906e-05
221210261801002 138  9.01222e-05
221210261801251 136  9.79900e-05
221210261801252 134  9.60827e-05
221210261801255 135  9.91821e-05
221210261801581 141  9.70364e-05
221210261801582 142  9.79900e-05
221210261801585 140  9.91821e-05
221210261801991 141  1.54257e-04
221210261801992 141  9.48906e-05
221210261801995 142  9.48906e-05
221210261802511 139  9.39369e-05
221210261802512 142  9.29832e-05
221210261802515 147  9.70364e-05
221210261803161 142  1.00851e-04
221210261803162 147  9.70364e-05
221210261803165 145  9.51290e-05
221210261803981 147  9.77516e-05
221210261803982 149  9.29832e-05
221210261803985 145  9.53674e-05
221210262251001 136  9.39369e-05
221210262251002 134  1.01089e-04
221210262251251 141  9.48906e-05
221210262251252 138  9.82285e-05
221210262251255 143  1.01089e-04
221210262251581 139  9.67979e-05
221210262251582 141  9.29832e-05
221210262251585 138  1.07050e-04
221210262251991 142  9.51290e-05
221210262251992 143  9.91821e-05
221210262251995 142  9.39369e-05
221210262252511 141  9.70364e-05
221210262252512 143  1.06096e-04
221210262252515 143  9.79900e-05
221210262253161 148  9.51290e-05
221210262253162 144  9.79900e-05
221210262253165 147  1.06096e-04
221210262253981 146  9.89437e-05
221210262253982 141  9.70364e-05
221210262253985 146  1.00136e-04
221210262701001 134  9.91821e-05
221210262701002 133  9.39369e-05
221210262701251 138  9.17912e-05
221210262701252 143  9.48906e-05
221210262701255 134  9.29832e-05
221210262701581 137  9.60827e-05
221210262701582 143  9.22680e-05
221210262701585 141  8.70228e-05
221210262701991 143  9.60827e-05
221210262701992 143  9.48906e-05
221210262701995 141  9.79900e-05
221210262702511 145  9.60827e-05
221210262702512 144  9.39369e-05
221210262702515 150  9.10759e-05
221210262703161 146  9.96590e-05
221210262703162 146  9.79900e-05
221210262703165 147  9.44138e-05
221210262703981 150  9.89437e-05
221210262703982 148  9.39369e-05
221210262703985 145  9.70364e-05
221210263151001 135  9.51290e-05
221210263151002 137  9.22680e-05
221210263151251 136  9.17912e-05
221210263151252 136  9.60827e-05
221210263151255 141  9.17912e-05
221210263151581 140  9.91821e-05
221210263151582 140  1.02043e-04
221210263151585 141  9.60827e-05
221210263151991 141  9.48906e-05
221210263151992 140  8.79765e-05
221210263151995 144  9.10759e-05
221210263152511 144  9.10759e-05
221210263152512 147  9.10759e-05
221210263152515 144  8.89301e-05
221210263153161 141  9.89437e-05
221210263153162 142  9.41753e-05
221210263153165 143  9.60827e-05
221210263153981 145  9.17912e-05
221210263153982 145  9.70364e-05
221210263153985 146  9.20296e-05
221210521801001 144  9.29832e-05
221210521801002 139  9.48906e-05
221210521801251 142  9.01222e-05
221210521801252 145  9.32217e-05
221210521801255 140  9.01222e-05
221210521801581 142  9.17912e-05
221210521801582 142  8.39233e-05
221210521801585 141  9.32217e-05
221210521801991 147  8.70228e-05
221210521801992 144  9.51290e-05
221210521801995 145  8.86917e-05
221210521802511 146  8.98838e-05
221210521802512 146  8.91685e-05
221210521802515 141  9.51290e-05
221210521803161 148  9.51290e-05
221210521803162 150  8.86917e-05
221210521803165 147  9.17912e-05
221210521803981 153  9.20296e-05
221210521803982 152  8.70228e-05
221210521803985 153  8.48770e-05
221210522251001 146  1.08719e-04
221210522251002 142  8.98838e-05
221210522251251 145  8.96454e-05
221210522251252 141  8.70228e-05
221210522251255 143  8.70228e-05
221210522251581 144  9.20296e-05
221210522251582 141  8.89301e-05
221210522251585 143  7.98702e-05
221210522251991 153  9.58443e-05
221210522251992 143  9.29832e-05
221210522251995 141  8.98838e-05
221210522252511 144  8.91685e-05
221210522252512 144  9.20296e-05
221210522252515 144  8.39233e-05
221210522253161 149  8.20160e-05
221210522253162 147  9.10759e-05
221210522253165 151  9.39369e-05
221210522253981 152  8.60691e-05
221210522253982 152  9.29832e-05
221210522253985 150  1.42813e-04
221210522701001 142  9.10759e-05
221210522701002 142  9.39369e-05
221210522701251 142  8.48770e-05
221210522701252 145  8.82149e-05
221210522701255 140  9.08375e-05
221210522701581 142  9.08375e-05
221210522701582 135  1.01805e-04
221210522701585 141  9.22680e-05
221210522701991 140  9.29832e-05
221210522701992 140  9.39369e-05
221210522701995 142  9.91821e-05
221210522702511 150  8.39233e-05
221210522702512 145  8.82149e-05
221210522702515 148  9.89437e-05
221210522703161 150  9.08375e-05
221210522703162 152  9.32217e-05
221210522703165 149  9.51290e-05
221210522703981 148  9.17912e-05
221210522703982 155  9.08375e-05
221210522703985 149  9.01222e-05
221210523151001 142  9.39369e-05
221210523151002 140  9.39369e-05
221210523151251 143  9.70364e-05
221210523151252 140  8.98838e-05
221210523151255 142  8.91685e-05
221210523151581 142  8.89301e-05
221210523151582 141  9.79900e-05
221210523151585 142  8.70228e-05
221210523151991 145  8.48770e-05
221210523151992 146  9.20296e-05
221210523151995 143  1.02282e-04
221210523152511 142  8.70228e-05
221210523152512 145  9.10759e-05
221210523152515 145  8.89301e-05
221210523153161 150  8.70228e-05
221210523153162 154  9.01222e-05
221210523153165 148  8.70228e-05
221210523153981 149  9.91821e-05
221210523153982 152  9.29832e-05
221210523153985 152  8.51154e-05
221210831801001 140  8.91685e-05
221210831801002 141  8.58307e-05
221210831801251 143  8.39233e-05
221210831801252 149  1.00136e-04
221210831801255 146  8.82149e-05
221210831801581 148  8.29697e-05
221210831801582 147  8.29697e-05
221210831801585 151  7.98702e-05
221210831801991 146  8.51154e-05
221210831801992 145  8.32081e-05
221210831801995 152  8.60691e-05
221210831802511 151  8.79765e-05
221210831802512 152  8.29697e-05
221210831802515 149  8.82149e-05
221210831803161 150  9.29832e-05
221210831803162 152  8.39233e-05
221210831803165 150  8.58307e-05
221210831803981 153  8.20160e-05
221210831803982 151  8.48770e-05
221210831803985 153  8.72612e-05
221210832251001 141  8.70228e-05
221210832251002 142  8.48770e-05
221210832251251 145  9.20296e-05
221210832251252 143  8.20160e-05
221210832251255 141  1.18971e-04
221210832251581 145  8.72612e-05
221210832251582 146  8.91685e-05
221210832251585 147  8.98838e-05
221210832251991 152  8.70228e-05
221210832251992 152  8.29697e-05
221210832251995 152  8.39233e-05
221210832252511 152  8.51154e-05
221210832252512 154  8.51154e-05
221210832252515 154  8.39233e-05
221210832253161 155  8.29697e-05
221210832253162 149  8.79765e-05
221210832253165 153  8.79765e-05
221210832253981 153  9.10759e-05
221210832253982 149  8.51154e-05
221210832253985 148  9.58443e-05
221210832701001 143  8.77380e-05
221210832701002 141  8.82149e-05
221210832701251 144  8.67844e-05
221210832701252 143  8.91685e-05
221210832701255 139  7.89165e-05
221210832701581 146  8.51154e-05
221210832701582 142  8.48770e-05
221210832701585 142  8.70228e-05
221210832701991 147  8.48770e-05
221210832701992 155  8.60691e-05
221210832701995 146  8.51154e-05
221210832702511 151  9.20296e-05
221210832702512 153  9.29832e-05
221210832702515 152  8.98838e-05
221210832703161 152  8.29697e-05
221210832703162 152  9.01222e-05
221210832703165 154  8.17776e-05
221210832703981 153  9.08375e-05
221210832703982 154  8.29697e-05
221210832703985 151  8.98838e-05
221210833151001 142  8.48770e-05
221210833151002 145  8.51154e-05
221210833151251 142  8.98838e-05
221210833151252 142  8.48770e-05
221210833151255 139  8.91685e-05
221210833151581 142  8.91685e-05
221210833151582 142  8.70228e-05
221210833151585 142  1.03951e-04
221210833151991 154  8.29697e-05
221210833151992 146  8.98838e-05
221210833151995 147  1.44243e-04
221210833152511 152  8.48770e-05
221210833152512 148  9.10759e-05
221210833152515 147  8.48770e-05
221210833153161 152  8.29697e-05
221210833153162 151  8.60691e-05
221210833153165 152  8.39233e-05
221210833153981 152  8.82149e-05
221210833153982 153  9.01222e-05
221210833153985 144  8.51154e-05
221211221801001 147  8.08239e-05
221211221801002 148  7.60555e-05
221211221801251 150  8.08239e-05
221211221801252 155  8.10623e-05
221211221801255 153  7.39098e-05
221211221801581 150  8.01086e-05
221211221801582 152  8.89301e-05
221211221801585 153  8.08239e-05
221211221801991 152  8.32081e-05
221211221801992 151  7.70092e-05
221211221801995 151  8.48770e-05
221211221802511 151  8.70228e-05
221211221802512 154  7.98702e-05
221211221802515 152  7.91550e-05
221211221803161 153  7.70092e-05
221211221803162 154  7.98702e-05
221211221803165 151  7.70092e-05
221211221803981 155  8.08239e-05
221211221803982 154  8.13007e-05
221211221803985 158  8.22544e-05
221211222251001 149  7.70092e-05
221211222251002 147  8.79765e-05
221211222251251 153  7.79629e-05
221211222251252 145  8.89301e-05
221211222251255 153  8.27312e-05
221211222251581 148  8.67844e-05
221211222251582 149  8.67844e-05
221211222251585 152  1.01089e-04
221211222251991 152  8.32081e-05
221211222251992 151  8.82149e-05
221211222251995 151  8.22544e-05
221211222252511 153  7.82013e-05
221211222252512 154  9.22680e-05
221211222252515 151  8.89301e-05
221211222253161 152  8.67844e-05
221211222253162 155  8.22544e-05
221211222253165 153  7.79629e-05
221211222253981 154  8.58307e-05
221211222253982 152  8.27312e-05
221211222253985 159  9.01222e-05
221211222701001 144  8.17776e-05
221211222701002 140  8.51154e-05
221211222701251 147  8.39233e-05
221211222701252 148  7.98702e-05
221211222701255 146  8.01086e-05
221211222701581 153  7.89165e-05
221211222701582 151  8.20160e-05
221211222701585 152  8.79765e-05
221211222701991 154  8.13007e-05
221211222701992 152  9.01222e-05
221211222701995 150  8.08239e-05
221211222702511 154  8.01086e-05
221211222702512 157  8.32081e-05
221211222702515 153  7.98702e-05
221211222703161 151  7.67708e-05
221211222703162 151  8.22544e-05
221211222703165 153  8.17776e-05
221211222703981 151  8.08239e-05
221211222703982 158  8.29697e-05
221211222703985 155  7.98702e-05
221211223151001 148  7.79629e-05
221211223151002 144  8.01086e-05
221211223151251 147  7.89165e-05
221211223151252 140  9.08375e-05
221211223151255 144  8.48770e-05
221211223151581 150  8.48770e-05
221211223151582 147  7.72476e-05
221211223151585 151  7.70092e-05
221211223151991 150  8.70228e-05
221211223151992 150  8.51154e-05
221211223151995 151  8.13007e-05
221211223152511 152  7.89165e-05
221211223152512 153  8.48770e-05
221211223152515 151  8.20160e-05
221211223153161 152  7.60555e-05
221211223153162 152  8.91685e-05
221211223153165 156  1.11103e-04
221211223153981 156  8.39233e-05
221211223153982 158  8.79765e-05
221211223153985 158  8.60691e-05
221211701801001 153  8.10623e-05
221211701801002 150  8.01086e-05
221211701801251 150  8.10623e-05
221211701801252 152  7.70092e-05
221211701801581 152  9.39369e-05
221211701801582 154  7.41482e-05
221211701801585 156  7.10487e-05
221211701801991 154  9.39369e-05
221211701801992 155  7.29561e-05
221211701801995 159  7.89165e-05
221211701802511 159  7.72476e-05
221211701802512 157  8.08239e-05
221211701802515 157  8.29697e-05
221211701803161 163  7.89165e-05
221211701803162 159  7.48634e-05
221211701803165 161  8.01086e-05
221211701803981 167  7.60555e-05
221211701803982 165  8.39233e-05
221211701803985 161  8.13007e-05
221211702251001 155  7.39098e-05
221211702251002 150  7.31945e-05
221211702251251 152  1.35183e-04
221211702251252 154  7.70092e-05
221211702251581 148  8.13007e-05
221211702251582 152  8.10623e-05
221211702251585 156  7.12872e-05
221211702251991 154  7.39098e-05
221211702251992 152  7.39098e-05
221211702251995 158  7.12872e-05
221211702252511 157  7.82013e-05
221211702252512 157  8.22544e-05
221211702252515 165  7.17640e-05
221211702253161 164  7.91550e-05
221211702253162 161  7.91550e-05
221211702253165 163  8.39233e-05
221211702253981 165  7.91550e-05
221211702253982 167  7.51019e-05
221211702253985 165  7.89165e-05
221211702701001 152  7.29561e-05
221211702701002 150  7.51019e-05
221211702701251 152  7.79629e-05
221211702701252 148  9.10759e-05
221211702701581 152  8.10623e-05
221211702701582 151  8.32081e-05
221211702701585 154  8.89301e-05
221211702701991 148  7.58171e-05
221211702701992 154  7.48634e-05
221211702701995 156  7.79629e-05
221211702702511 159  7.51019e-05
221211702702512 156  8.91685e-05
221211702702515 165  8.01086e-05
221211702703161 161  8.01086e-05
221211702703162 161  7.89165e-05
221211702703165 165  7.89165e-05
221211702703981 159  7.79629e-05
221211702703982 163  7.91550e-05
221211702703985 161  7.98702e-05
221211703151001 152  8.29697e-05
221211703151002 153  8.20160e-05
221211703151251 151  7.82013e-05
221211703151252 146  7.79629e-05
221211703151581 153  8.08239e-05
221211703151582 150  8.10623e-05
221211703151585 151  7.98702e-05
221211703151991 155  7.79629e-05
221211703151992 152  7.89165e-05
221211703151995 154  7.70092e-05
221211703152511 158  7.82013e-05
221211703152512 153  8.70228e-05
221211703152515 151  8.22544e-05
221211703153161 157  9.60827e-05
221211703153162 153  7.58171e-05
221211703153165 161  8.10623e-05
221211703153981 161  7.60555e-05
221211703153982 165  8.70228e-05
221211703153985 157  7.77245e-05
221212301801001 153  7.60555e-05
221212301801002 153  7.08103e-05
221212301801251 162  7.29561e-05
221212301801252 157  7.29561e-05
221212301801581 164  7.39098e-05
221212301801582 165  7.29561e-05
221212301801585 158  8.01086e-05
221212301801991 163  9.29832e-05
221212301801992 160  7.39098e-05
221212301801995 165  7.48634e-05
221212301802511 163  8.22544e-05
221212301802512 166  7.10487e-05
221212301802515 163  6.77109e-05
221212301803161 163  7.51019e-05
221212301803162 166  7.10487e-05
221212301803165 164  7.00951e-05
221212301803981 171  7.39098e-05
221212301803982 164  7.29561e-05
221212301803985 165  7.39098e-05
221212302251001 162  8.10623e-05
221212302251002 154  7.29561e-05
221212302251251 158  6.81877e-05
221212302251252 161  7.41482e-05
221212302251581 166  6.81877e-05
221212302251582 158  7.82013e-05
221212302251585 158  6.98566e-05
221212302251991 163  7.10487e-05
221212302251992 163  7.17640e-05
221212302251995 166  7.29561e-05
221212302252511 166  7.29561e-05
221212302252512 165  7.31945e-05
221212302252515 163  7.29561e-05
221212302253161 167  7.29561e-05
221212302253162 168  7.20024e-05
221212302253165 166  7.51019e-05
221212302253981 167  7.29561e-05
221212302253982 168  7.29561e-05
221212302253985 166  8.08239e-05
221212302701001 155  7.17640e-05
221212302701002 152  7.29561e-05
221212302701251 161  8.51154e-05
221212302701252 163  8.91685e-05
221212302701581 158  6.48499e-05
221212302701582 167  7.12872e-05
221212302701585 165  7.08103e-05
221212302701991 163  7.51019e-05
221212302701992 165  7.29561e-05
221212302701995 163  7.03335e-05
221212302702511 166  8.58307e-05
221212302702512 163  7.51019e-05
221212302702515 165  7.00951e-05
221212302703161 166  6.98566e-05
221212302703162 167  7.48634e-05
221212302703165 166  7.12872e-05
221212302703981 166  7.00951e-05
221212302703982 163  7.48634e-05
221212302703985 166  1.28984e-04
221212303151001 153  7.58171e-05
221212303151002 158  8.82149e-05
221212303151251 154  7.29561e-05
221212303151252 157  6.91414e-05
221212303151581 152  7.77245e-05
221212303151582 158  7.60555e-05
221212303151585 156  8.29697e-05
221212303151991 161  7.00951e-05
221212303151992 156  9.58443e-05
221212303151995 154  7.98702e-05
221212303152511 160  7.51019e-05
221212303152512 161  7.60555e-05
221212303152515 160  7.31945e-05
221212303153161 166  7.41482e-05
221212303153162 166  7.17640e-05
221212303153165 162  7.41482e-05
221212303153981 168  7.29561e-05
221212303153982 164  8.01086e-05
221212303153985 167  8.86917e-05
221213081801001 176  6.81877e-05
221213081801002 165  7.10487e-05
221213081801251 165  7.08103e-05
221213081801252 165  6.60419e-05
221213081801581 170  8.91685e-05
221213081801582 169  8.67844e-05
221213081801585 172  6.60419e-05
221213081801991 167  7.08103e-05
221213081801992 168  6.98566e-05
221213081801995 166  7.41482e-05
221213081802511 172  6.60419e-05
221213081802512 176  6.89030e-05
221213081802515 172  7.41482e-05
221213081803161 172  7.10487e-05
221213081803162 176  8.32081e-05
221213081803165 174  7.20024e-05
221213081803981 176  6.58035e-05
221213081803982 176  6.60419e-05
221213081803985 176  6.89030e-05
221213082251001 172  6.31809e-05
221213082251002 165  6.98566e-05
221213082251251 164  7.10487e-05
221213082251252 165  7.70092e-05
221213082251581 167  8.39233e-05
221213082251582 173  7.41482e-05
221213082251585 165  8.10623e-05
221213082251991 165  8.60691e-05
221213082251992 170  6.89030e-05
221213082251995 176  7.39098e-05
221213082252511 172  6.41346e-05
221213082252512 171  6.86646e-05
221213082252515 176  7.60555e-05
221213082253161 176  6.98566e-05
221213082253162 176  6.50883e-05
221213082253165 173  6.81877e-05
221213082253981 176  6.60419e-05
221213082253982 176  7.10487e-05
221213082253985 176  6.48499e-05
221213082701001 159  7.22408e-05
221213082701002 165  7.29561e-05
221213082701251 164  6.98566e-05
221213082701252 166  7.82013e-05
221213082701581 167  7.00951e-05
221213082701582 166  6.81877e-05
221213082701585 172  7.08103e-05
221213082701991 170  8.29697e-05
221213082701992 169  6.79493e-05
221213082701995 163  7.29561e-05
221213082702511 172  7.51019e-05
221213082702512 176  6.77109e-05
221213082702515 168  6.48499e-05
221213082703161 173  7.60555e-05
221213082703162 169  7.51019e-05
221213082703165 173  6.98566e-05
221213082703981 176  8.32081e-05
221213082703982 176  7.31945e-05
221213082703985 176  6.50883e-05
221213083151001 163  7.00951e-05
221213083151002 157  6.81877e-05
221213083151251 167  6.81877e-05
221213083151252 161  6.60419e-05
221213083151581 168  8.70228e-05
221213083151582 163  6.50883e-05
221213083151585 167  7.29561e-05
221213083151991 165  6.72340e-05
221213083151992 165  6.81877e-05
221213083151995 165  7.10487e-05
221213083152511 167  6.89030e-05
221213083152512 168  7.10487e-05
221213083152515 166  6.60419e-05
221213083153161 174  8.58307e-05
221213083153162 176  9.39369e-05
221213083153165 171  6.31809e-05
221213083153981 176  7.29561e-05
221213083153982 176  6.91414e-05
221213083153985 175  7.10487e-05
221214171801001 176  9.08375e-05
221214171801002 171  6.60419e-05
221214171801251 176  7.41482e-05
221214171801252 176  6.60419e-05
221214171801581 176  6.72340e-05
221214171801582 176  9.01222e-05
221214171801585 176  8.51154e-05
221214171801991 176  6.50883e-05
221214171801992 176  6.29425e-05
221214171801995 176  6.79493e-05
221214171802511 176  8.29697e-05
221214171802512 176  8.41618e-05
221214171802515 176  9.08375e-05
221214171803161 176  6.50883e-05
221214171803162 176  6.60419e-05
221214171803165 176  1.19925e-04
221214171803981 176  6.60419e-05
221214171803982 176  7.08103e-05
221214171803985 176  7.20024e-05
221214172251001 172  6.69956e-05
221214172251002 176  6.60419e-05
221214172251251 174  6.50883e-05
221214172251252 176  6.50883e-05
221214172251581 176  6.50883e-05
221214172251582 176  6.58035e-05
221214172251585 176  6.77109e-05
221214172251991 176  8.08239e-05
221214172251992 176  6.60419e-05
221214172251995 176  8.48770e-05
221214172252511 176  7.00951e-05
221214172252512 176  8.60691e-05
221214172252515 176  9.08375e-05
221214172253161 176  6.79493e-05
221214172253162 176  8.48770e-05
221214172253165 176  8.58307e-05
221214172253981 176  8.58307e-05
221214172253982 176  9.29832e-05
221214172253985 176  6.29425e-05
221214172701001 171  6.60419e-05
221214172701002 168  8.41618e-05
221214172701251 176  6.69956e-05
221214172701252 171  6.60419e-05
221214172701581 176  8.29697e-05
221214172701582 176  6.69956e-05
221214172701585 176  9.17912e-05
221214172701991 176  8.41618e-05
221214172701992 176  6.60419e-05
221214172701995 176  6.60419e-05
221214172702511 176  6.50883e-05
221214172702512 176  8.08239e-05
221214172702515 176  6.48499e-05
221214172703161 176  7.10487e-05
221214172703162 176  7.00951e-05
221214172703165 176  6.50883e-05
221214172703981 176  9.67979e-05
221214172703982 176  7.91550e-05
221214172703985 176  8.60691e-05
221214173151001 167  6.67572e-05
221214173151002 168  7.91550e-05
221214173151251 176  6.58035e-05
221214173151252 166  6.29425e-05
221214173151581 176  8.82149e-05
221214173151582 176  9.20296e-05
221214173151585 168  8.91685e-05
221214173151991 176  6.69956e-05
221214173151992 168  7.55787e-05
221214173151995 171  8.08239e-05
221214173152511 176  6.60419e-05
221214173152512 176  6.81877e-05
221214173152515 176  6.60419e-05
221214173153161 176  6.58035e-05
221214173153162 176  6.60419e-05
221214173153165 176  6.50883e-05
221214173153981 176  9.13143e-05
221214173153982 176  6.50883e-05
221214173153985 176  6.29425e-05
