0  13  7.07953e+01          nan  2.60995e+02          nan  3.92810e+04          nan  1.55000e+00  1.41716e+05 
1  11  7.00734e+01          nan  2.61221e+02          nan  9.58354e+04          nan  9.70026e-01  2.79043e+06 
2  10  7.18211e+01          nan  2.61281e+02          nan  6.34748e+04          nan  1.60915e+00  2.70377e+06 
3  10  7.14054e+01          nan  2.61262e+02          nan  7.58203e+04          nan  1.55000e+00  2.40183e+06 
4  11  6.95499e+01          nan  2.61463e+02          nan  8.49256e+04          nan  1.38927e+00  3.64389e+06 
5  11  7.06654e+01          nan  2.61253e+02          nan  8.83495e+04          nan  1.63030e+00  2.09232e+06 
6  10  6.37473e+01          nan  2.60306e+02          nan  6.56020e+04          nan  1.55183e+00  2.81678e+06 
7  11  6.20759e+01          nan  2.61180e+02          nan  4.45881e+04          nan  2.64202e-01  6.18051e+06 
8  10  7.01158e+01          nan  2.58845e+02          nan  2.76618e+04          nan  1.02900e-01  7.49961e+06 
9  11  7.09386e+01          nan  2.58726e+02          nan  7.93361e+04          nan  2.92352e+00  2.76784e+06 
10  10  7.11462e+01          nan  2.61341e+02          nan  8.89160e+04          nan  1.59852e+00  2.06681e+06 
11  11  6.99678e+01          nan  2.58816e+02          nan  8.18521e+04          nan  1.55064e+00  2.52413e+06 
12  12  7.00305e+01          nan  2.61193e+02          nan  6.25685e+04          nan  6.54778e-01  3.05037e+06 
13   9  7.19612e+01          nan  2.60750e+02          nan  7.02948e+04          nan  4.30215e-01  3.25704e+06 
14  11  6.99968e+01          nan  2.61188e+02          nan  8.01761e+04          nan  1.53374e+00  2.41713e+06 
