0  13  1.11985e+00
1  11  2.69175e-03
2  10  1.85800e-03
3  10  2.54583e-03
4  11  2.83885e-03
5  11  2.50101e-03
6  10  2.35987e-03
7  11  2.20585e-03
8  10  2.54011e-03
9  11  2.91610e-03
10  10  2.48289e-03
11  11  3.31998e-03
12  12  2.70081e-03
13   9  2.26688e-03
14  11  2.57087e-03
15   9  2.60091e-03
16  10  2.14601e-03
17   7  1.80507e-03
18  12  2.40803e-03
19  11  2.47288e-03
20  11  2.59495e-03
21   8  2.02394e-03
22  12  2.61688e-03
23   9  2.02990e-03
24  10  2.49076e-03
25  11  2.79999e-03
26  10  2.27690e-03
27  11  2.31910e-03
28  10  2.15673e-03
29  11  2.39205e-03
30  13  3.64208e-03
31  11  2.87223e-03
32   8  2.00987e-03
33  12  2.43807e-03
34  12  3.26085e-03
35   9  2.30002e-03
36  10  2.81620e-03
37  13  3.74079e-03
38  10  2.75874e-03
39   9  2.69699e-03
40  11  2.73585e-03
41  12  3.04985e-03
42  12  2.94089e-03
43  11  3.24607e-03
44  11  2.31695e-03
45  10  2.20394e-03
46  13  3.24607e-03
47  10  2.73705e-03
48  11  3.08895e-03
49   9  2.87485e-03
50  10  2.97022e-03
51  13  3.31998e-03
52  13  2.99692e-03
53   9  2.03395e-03
54  10  2.69532e-03
55  12  3.20101e-03
56  10  2.81096e-03
57  11  4.01807e-03
58  12  3.24297e-03
59   9  2.33507e-03
60  11  2.96617e-03
61  12  2.87390e-03
62  10  2.33889e-03
63   9  2.60186e-03
64  10  2.65193e-03
65   9  2.47598e-03
66  12  2.73490e-03
67  12  3.10874e-03
68  11  2.98285e-03
69  10  2.73585e-03
70  10  1.98507e-03
71  11  2.96092e-03
72  12  3.16215e-03
73  11  2.51484e-03
74  13  3.64685e-03
75   9  2.38109e-03
76  10  1.78695e-03
77  11  2.98810e-03
78  11  2.90895e-03
79   8  2.43020e-03
80  12  3.14689e-03
81   7  2.35891e-03
82  11  3.51501e-03
83  13  2.65384e-03
84  10  3.00813e-03
85  11  2.98905e-03
86  11  3.14498e-03
87   9  2.06375e-03
88   9  2.38490e-03
89  10  2.41470e-03
90   9  2.96974e-03
91  11  3.19600e-03
92  11  3.10612e-03
93   7  2.28786e-03
94  12  3.52788e-03
95  11  2.71297e-03
96  12  3.48783e-03
97  11  2.76685e-03
98  10  2.79307e-03
99  10  2.34389e-03
100  11  2.87628e-03
101  11  2.53916e-03
102  12  2.84004e-03
103  12  2.72202e-03
104  10  2.57206e-03
105  10  2.39897e-03
106  12  2.99501e-03
107  11  2.91300e-03
108  11  2.91896e-03
109  10  2.02179e-03
110  12  3.08585e-03
111  12  3.34001e-03
112  12  2.90298e-03
113  11  2.52390e-03
114   9  1.93262e-03
115  11  2.43521e-03
116  11  2.86007e-03
117  12  3.13401e-03
118  11  2.94399e-03
119  11  2.57993e-03
120  10  2.71678e-03
121  10  2.82598e-03
122  10  2.98190e-03
123  13  3.19600e-03
124  12  2.60687e-03
125  10  2.40731e-03
126  12  3.49283e-03
127   8  2.15912e-03
128  10  3.05080e-03
129   8  2.37179e-03
130  10  2.72799e-03
131  11  3.04794e-03
132  13  2.96187e-03
133  11  2.74801e-03
134  12  3.28708e-03
135  10  2.62094e-03
136  13  2.56681e-03
137  11  2.94709e-03
138  11  2.85530e-03
139   9  2.15006e-03
140   9  2.81119e-03
141  10  2.97689e-03
142  10  2.76184e-03
143  13  2.87390e-03
144   9  2.75588e-03
145  12  3.16906e-03
146  14  3.98016e-03
147  11  3.01385e-03
148  11  2.93994e-03
149  13  3.24416e-03
150  10  2.92397e-03
151  11  3.14331e-03
152   9  2.27308e-03
153   9  2.53105e-03
154  11  2.16389e-03
155  11  2.69318e-03
156  12  3.42178e-03
157   9  2.04587e-03
158   9  2.20990e-03
159  13  2.50578e-03
160  11  3.33786e-03
161  12  2.88796e-03
162  15  4.28891e-03
163  12  2.99907e-03
164  11  3.05223e-03
165  10  2.74301e-03
166  10  2.63906e-03
167  12  2.74301e-03
168  12  3.13807e-03
169   8  2.79093e-03
170  11  2.96402e-03
171   9  2.17104e-03
172  11  3.15285e-03
173  10  2.25091e-03
174  11  2.66218e-03
175  12  2.96426e-03
176   8  2.58899e-03
177  10  2.88677e-03
178  10  2.16293e-03
179  13  3.42298e-03
180  10  3.38626e-03
181  11  2.74801e-03
182   9  2.88796e-03
183  12  3.72100e-03
184  13  3.31187e-03
185  10  2.39420e-03
186  11  3.38697e-03
187  12  3.47900e-03
188  11  3.08609e-03
189  11  3.06010e-03
190  11  3.10087e-03
191  12  3.22580e-03
192  13  4.48513e-03
193  12  3.87216e-03
194   9  2.99978e-03
195  10  2.99001e-03
196  11  2.83217e-03
197  11  2.78807e-03
198  11  2.64311e-03
199  12  3.31593e-03
200  11  2.10214e-03
201   9  2.74515e-03
202   7  2.04301e-03
203  11  2.83098e-03
204  10  2.50602e-03
205  11  3.15785e-03
206  11  2.71583e-03
207   9  2.46406e-03
208  10  2.90108e-03
209  10  2.50173e-03
210   8  2.29287e-03
211  12  3.17717e-03
212  11  2.79593e-03
213  12  3.16000e-03
214  11  3.04008e-03
215  12  3.10612e-03
216  12  3.12877e-03
217   9  2.95806e-03
218  13  3.30687e-03
219   9  2.29812e-03
220  11  2.88892e-03
221  12  3.01576e-03
222  13  2.66886e-03
223  11  2.63977e-03
224  13  3.46327e-03
225  13  3.37195e-03
226  12  2.93398e-03
227  11  3.19815e-03
228  11  3.58915e-03
229  13  3.20220e-03
230  11  2.97880e-03
231  12  2.80190e-03
232  11  3.03388e-03
233  11  2.25496e-03
234  11  2.79498e-03
235  10  3.27015e-03
236  10  3.00312e-03
237  12  3.70193e-03
238  13  2.44284e-03
239  10  2.47431e-03
240  13  3.55482e-03
241  10  2.51007e-03
242  10  2.55895e-03
243  13  3.04794e-03
244  11  2.42209e-03
245  10  2.67816e-03
246  10  2.90394e-03
247  10  3.06296e-03
248  12  3.14188e-03
249  10  4.11797e-03
250  11  3.14808e-03
251  12  3.95179e-03
252  10  3.61609e-03
253  11  3.36885e-03
254   9  2.29502e-03
255  13  3.64113e-03
256   8  2.80809e-03
257  12  3.33095e-03
258  11  3.04365e-03
259  10  3.18599e-03
260  10  3.22413e-03
261  11  3.12400e-03
262  12  3.19505e-03
263  11  3.02505e-03
264  13  3.61919e-03
265  11  3.04008e-03
266  10  2.41208e-03
267  12  2.70391e-03
268   9  2.54893e-03
269  10  3.20363e-03
270  10  2.85602e-03
271  12  3.46279e-03
272  10  2.61402e-03
273   9  2.70104e-03
274  12  2.91991e-03
275  12  2.91991e-03
276  12  3.19290e-03
277   9  2.58899e-03
278  10  2.85506e-03
279  12  3.10493e-03
280  11  2.76685e-03
281  12  2.66600e-03
282  11  2.75087e-03
283   7  2.16293e-03
284  10  2.57707e-03
285  11  2.98786e-03
286   9  2.40993e-03
287  12  3.05200e-03
288  10  3.08204e-03
289   9  3.01313e-03
290  12  3.08299e-03
291   9  2.28405e-03
292  10  2.78711e-03
293   9  2.46239e-03
294   9  2.29096e-03
295  10  2.86889e-03
296  11  2.80881e-03
297  10  2.80499e-03
298  10  2.72703e-03
299  11  2.93612e-03
300  11  3.07894e-03
301  12  3.18503e-03
302  11  3.26800e-03
303  10  3.02482e-03
304   7  2.43402e-03
305  11  2.93183e-03
306  11  2.88606e-03
307  10  3.43776e-03
308  12  2.73800e-03
309  11  3.39103e-03
310  13  3.14689e-03
311  11  2.32601e-03
312  10  3.02196e-03
313  11  3.00193e-03
314  11  2.82001e-03
315  11  2.81906e-03
316  10  2.71797e-03
317   9  2.16985e-03
318  10  2.58589e-03
319  11  3.29399e-03
320  11  2.73395e-03
321  10  2.43402e-03
322  11  2.91300e-03
323  10  2.77400e-03
324   9  2.05326e-03
325  10  2.49505e-03
326  10  2.73585e-03
327  11  2.85387e-03
328  10  2.52986e-03
329  10  2.71320e-03
330  12  3.10183e-03
331  10  2.83289e-03
332  13  3.46494e-03
333   8  2.25711e-03
334  10  2.50316e-03
335  12  2.85888e-03
336  10  2.16293e-03
337  10  2.51293e-03
338  12  3.01909e-03
339  10  2.97689e-03
340   9  2.87795e-03
341  10  2.63715e-03
342  10  2.86698e-03
343  12  2.49171e-03
344  13  3.64423e-03
345  10  2.53892e-03
346   9  2.53296e-03
347  12  3.11303e-03
348  10  2.81906e-03
349  12  3.33595e-03
350  10  3.24106e-03
351  10  2.89416e-03
352  11  2.65098e-03
353  11  2.63715e-03
354  10  2.66790e-03
355  10  2.60019e-03
356  11  2.82979e-03
357  12  2.90418e-03
358  11  4.05502e-03
359  12  3.51906e-03
360  10  3.20196e-03
361   9  2.19488e-03
362  12  3.00121e-03
363  10  2.81906e-03
364   9  2.74396e-03
365   9  2.60472e-03
366  12  2.93088e-03
367  10  2.61140e-03
368  13  3.26228e-03
369  10  2.79021e-03
370   9  2.75898e-03
371  11  2.82097e-03
372  11  3.03698e-03
0  13  1.14491e+00
1  11  2.78711e-03
2  10  1.86014e-03
3  10  2.56991e-03
4  11  2.85172e-03
5  11  2.77400e-03
6  10  2.37584e-03
7  11  2.28190e-03
8  10  2.51079e-03
9  11  3.05486e-03
10  10  2.52604e-03
11  11  3.48210e-03
12  12  2.57921e-03
13   9  2.11596e-03
14  11  2.91586e-03
15   9  2.80976e-03
16  10  2.29788e-03
17   7  1.92213e-03
18  12  2.48909e-03
19  11  2.56801e-03
20  11  2.66504e-03
21   8  2.01035e-03
22  12  2.76685e-03
23   9  2.15697e-03
24  10  2.50697e-03
25  11  2.54416e-03
26  10  2.19417e-03
27  11  2.29502e-03
28  10  2.34222e-03
29  11  2.38013e-03
30  13  3.67618e-03
31  11  2.91920e-03
32   8  2.04897e-03
33  12  2.50316e-03
34  12  3.28684e-03
35   9  2.28095e-03
36  10  2.82693e-03
37  13  3.56197e-03
38  10  2.78664e-03
39   9  2.71702e-03
40  11  2.71511e-03
41  12  3.02505e-03
42  12  3.11017e-03
43  11  3.40199e-03
44  11  2.32387e-03
45  10  2.21896e-03
46  13  3.19505e-03
47  10  2.79284e-03
48  11  3.19386e-03
49   9  3.15499e-03
50  10  3.29494e-03
51  13  3.48282e-03
52  13  2.98595e-03
53   9  2.15125e-03
54  10  2.90895e-03
55  12  3.27086e-03
56  10  2.75493e-03
57  11  3.73125e-03
58  12  3.02792e-03
59   9  2.53916e-03
60  11  2.66695e-03
61  12  2.82478e-03
62  10  2.40922e-03
63   9  2.68602e-03
64  10  2.60186e-03
65   9  2.65193e-03
66  12  2.84910e-03
67  12  3.19099e-03
68  11  3.08299e-03
69  10  2.80213e-03
70  10  2.06089e-03
71  11  3.15309e-03
72  12  3.38602e-03
73  11  2.48599e-03
74  13  3.82400e-03
75   9  2.09308e-03
76  10  1.79100e-03
77  11  3.06702e-03
78  11  2.73013e-03
79   8  2.38514e-03
80  12  3.20196e-03
81   7  2.33388e-03
82  11  3.49641e-03
83  13  3.60131e-03
84  10  3.29185e-03
85  11  3.10397e-03
86  11  3.39293e-03
87   9  2.27308e-03
88   9  2.74515e-03
89  10  2.79117e-03
90   9  2.79403e-03
91  11  3.42917e-03
92  11  3.60775e-03
93   7  2.45714e-03
94  12  3.46017e-03
95  11  2.64311e-03
96  12  3.33190e-03
97  11  2.85816e-03
98  10  2.95782e-03
99  10  2.40183e-03
100  11  3.20911e-03
101  11  2.82788e-03
102  12  2.93612e-03
103  12  2.64597e-03
104  10  2.49600e-03
105  10  2.30289e-03
106  12  2.94709e-03
107  11  3.14999e-03
108  11  2.90728e-03
109  10  2.14005e-03
110  12  3.27516e-03
111  12  3.20387e-03
112  12  2.90298e-03
113  11  2.59304e-03
114   9  2.12693e-03
115  11  2.55799e-03
116  11  2.88987e-03
117  12  3.30710e-03
118  11  2.83694e-03
119  11  2.56300e-03
120  10  2.85387e-03
121  10  2.96307e-03
122  10  3.01600e-03
123  13  3.17478e-03
124  12  2.61617e-03
125  10  2.52795e-03
126  12  3.66974e-03
127   8  2.27404e-03
128  10  2.91705e-03
129   8  2.17509e-03
130  10  2.66814e-03
131  11  3.12018e-03
132  13  2.96783e-03
133  11  2.54297e-03
134  12  3.01290e-03
135  10  2.59089e-03
136  13  2.62308e-03
137  11  3.01600e-03
138  11  2.77090e-03
139   9  2.09904e-03
140   9  2.66004e-03
141  10  2.86388e-03
142  10  2.85316e-03
143  13  2.89273e-03
144   9  2.72274e-03
145  12  3.08800e-03
146  14  3.84998e-03
147  11  2.97427e-03
148  11  3.10493e-03
149  13  3.39293e-03
150  10  2.81501e-03
151  11  3.03125e-03
152   9  2.45094e-03
153   9  2.70891e-03
154  11  2.40922e-03
155  11  2.91586e-03
156  12  3.25394e-03
157   9  1.98603e-03
158   9  2.41613e-03
159  13  2.69580e-03
160  11  3.35717e-03
161  12  3.10397e-03
162  15  4.27389e-03
163  12  3.10278e-03
164  11  3.18694e-03
165  10  2.75588e-03
166  10  2.60496e-03
167  12  2.88367e-03
168  12  3.30806e-03
169   8  2.80404e-03
170  11  2.89106e-03
171   9  2.11215e-03
172  11  3.05915e-03
173  10  2.13790e-03
174  11  2.75588e-03
175  12  3.09300e-03
176   8  2.42186e-03
177  10  2.97403e-03
178  10  2.29096e-03
179  13  3.47304e-03
180  10  3.33595e-03
181  11  2.75588e-03
182   9  2.78974e-03
183  12  3.64184e-03
184  13  3.34263e-03
185  10  2.42591e-03
186  11  3.36218e-03
187  12  3.56197e-03
188  11  3.22700e-03
189  11  2.96807e-03
190  11  3.10874e-03
191  12  3.01099e-03
192  13  4.23694e-03
193  12  3.70908e-03
194   9  2.95496e-03
195  10  2.95401e-03
196  11  3.01814e-03
197  11  2.89106e-03
198  11  2.43688e-03
199  12  3.45397e-03
200  11  2.21705e-03
201   9  2.57206e-03
202   7  2.11310e-03
203  11  3.19481e-03
204  10  2.56610e-03
205  11  2.71177e-03
206  11  2.73895e-03
207   9  2.59209e-03
208  10  2.84481e-03
209  10  2.41613e-03
210   8  2.25687e-03
211  12  3.40009e-03
212  11  2.61688e-03
213  12  3.18408e-03
214  11  3.21698e-03
215  12  3.29399e-03
216  12  3.26180e-03
217   9  2.78902e-03
218  13  3.43227e-03
219   9  2.21801e-03
220  11  2.90298e-03
221  12  2.78282e-03
222  13  2.53701e-03
223  11  2.54488e-03
224  13  3.38387e-03
225  13  3.23510e-03
226  12  2.86317e-03
227  11  3.05629e-03
228  11  3.55029e-03
229  13  3.37911e-03
230  11  3.04103e-03
231  12  3.04103e-03
232  11  2.86508e-03
233  11  2.46716e-03
234  11  3.00288e-03
235  10  3.05605e-03
236  10  2.86508e-03
237  12  3.62611e-03
238  13  2.22492e-03
239  10  2.33603e-03
240  13  3.78013e-03
241  10  2.73395e-03
242  10  2.34509e-03
243  13  3.06797e-03
244  11  2.43998e-03
245  10  2.92683e-03
246  10  2.76494e-03
247  10  3.13711e-03
248  12  2.89893e-03
249  10  2.84791e-03
250  11  2.91300e-03
251  12  3.26800e-03
252  10  2.70009e-03
253  11  3.21198e-03
254   9  2.35581e-03
255  13  3.90911e-03
256   8  2.87008e-03
257  12  3.64804e-03
258  11  3.17717e-03
259  10  3.11399e-03
260  10  3.21198e-03
261  11  5.91016e-03
262  12  3.67808e-03
263  11  3.45087e-03
264  13  4.91691e-03
265  11  5.34487e-03
266  10  3.18313e-03
267  12  4.80986e-03
268   9  2.70176e-03
269  10  3.26920e-03
270  10  2.97189e-03
271  12  4.04525e-03
272  10  2.93088e-03
273   9  4.48203e-03
274  12  3.78108e-03
275  12  3.48091e-03
276  12  4.23813e-03
277   9  3.59511e-03
278  10  3.19004e-03
279  12  3.31998e-03
280  11  2.98977e-03
281  12  2.92087e-03
282  11  3.02005e-03
283   7  3.74222e-03
284  10  4.04882e-03
285  11  3.18193e-03
286   9  2.57993e-03
287  12  3.18003e-03
288  10  3.21794e-03
289   9  3.36909e-03
290  12  3.29614e-03
291   9  2.58183e-03
292  10  3.03411e-03
293   9  2.69485e-03
294   9  2.30384e-03
295  10  2.79188e-03
296  11  3.20673e-03
297  10  2.76685e-03
298  10  2.82288e-03
299  11  3.02982e-03
300  11  2.83599e-03
301  12  3.03984e-03
302  11  3.26681e-03
303  10  3.04413e-03
304   7  2.27404e-03
305  11  2.70414e-03
306  11  2.87390e-03
307  10  3.36385e-03
308  12  2.61927e-03
309  11  3.44110e-03
310  13  3.48401e-03
311  11  2.36297e-03
312  10  3.21889e-03
313  11  2.63619e-03
314  11  2.69794e-03
315  11  2.96998e-03
316  10  2.85411e-03
317   9  2.41208e-03
318  10  2.49815e-03
319  11  3.17979e-03
320  11  2.74086e-03
321  10  2.36797e-03
322  11  2.59590e-03
323  10  3.01409e-03
324   9  2.02870e-03
325  10  2.69294e-03
326  10  2.87890e-03
327  11  2.84791e-03
328  10  2.53963e-03
329  10  2.77781e-03
330  12  3.11518e-03
331  10  3.04508e-03
332  13  3.75295e-03
333   8  2.44188e-03
334  10  2.71821e-03
335  12  3.16024e-03
336  10  2.19607e-03
337  10  3.11971e-03
338  12  3.10683e-03
339  10  2.90084e-03
340   9  3.23033e-03
341  10  2.72107e-03
342  10  3.04675e-03
343  12  2.67696e-03
344  13  3.75986e-03
345  10  2.75612e-03
346   9  2.62499e-03
347  12  3.03507e-03
348  10  2.96974e-03
349  12  3.27396e-03
350  10  3.35097e-03
351  10  2.95496e-03
352  11  2.59185e-03
353  11  2.60711e-03
354  10  2.67696e-03
355  10  2.75612e-03
356  11  3.05486e-03
357  12  2.77090e-03
358  11  3.86786e-03
359  12  3.12805e-03
360  10  3.26777e-03
361   9  2.37107e-03
362  12  3.21221e-03
363  10  3.05200e-03
364   9  2.75803e-03
365   9  2.60496e-03
366  12  3.02005e-03
367  10  2.75183e-03
368  13  3.19409e-03
369  10  2.69485e-03
370   9  2.50816e-03
371  11  2.68912e-03
372  11  3.04532e-03
0  13  1.06639e+00
1  11  2.55084e-03
2  10  1.91188e-03
3  10  2.51818e-03
4  11  2.75803e-03
5  11  2.58708e-03
6  10  2.53677e-03
7  11  2.26808e-03
8  10  2.39396e-03
9  11  2.99215e-03
10  10  2.55728e-03
11  11  3.36003e-03
12  12  2.76518e-03
13   9  2.13385e-03
14  11  2.50912e-03
15   9  2.55489e-03
16  10  2.18606e-03
17   7  1.92714e-03
18  12  2.40922e-03
19  11  2.43902e-03
20  11  2.67911e-03
21   8  1.99819e-03
22  12  2.77305e-03
23   9  2.05374e-03
24  10  2.58398e-03
25  11  2.63786e-03
26  10  2.28691e-03
27  11  2.45976e-03
28  10  2.29907e-03
29  11  2.48885e-03
30  13  3.77393e-03
31  11  3.08084e-03
32   8  2.08879e-03
33  12  2.63286e-03
34  12  3.34477e-03
35   9  2.32601e-03
36  10  2.68102e-03
37  13  3.66116e-03
38  10  2.94995e-03
39   9  2.81310e-03
40  11  2.92301e-03
41  12  2.96760e-03
42  12  2.85912e-03
43  11  3.32594e-03
44  11  2.44498e-03
45  10  2.42281e-03
46  13  3.54314e-03
47  10  2.85697e-03
48  11  3.43204e-03
49   9  3.11399e-03
50  10  3.04914e-03
51  13  3.52407e-03
52  13  3.01290e-03
53   9  2.03300e-03
54  10  2.86222e-03
55  12  3.48496e-03
56  10  2.78878e-03
57  11  3.67522e-03
58  12  3.21889e-03
59   9  2.50912e-03
60  11  2.73585e-03
61  12  2.88630e-03
62  10  2.51389e-03
63   9  2.62809e-03
64  10  2.76113e-03
65   9  2.50006e-03
66  12  2.85101e-03
67  12  3.38507e-03
68  11  2.88820e-03
69  10  2.63906e-03
70  10  2.02131e-03
71  11  3.16191e-03
72  12  3.33309e-03
73  11  2.64692e-03
74  13  3.67308e-03
75   9  2.33603e-03
76  10  1.77097e-03
77  11  2.76709e-03
78  11  2.61903e-03
79   8  2.52008e-03
80  12  3.17693e-03
81   7  2.21491e-03
82  11  3.52001e-03
83  13  2.53487e-03
84  10  2.97880e-03
85  11  3.01576e-03
86  11  2.95281e-03
87   9  2.11525e-03
88   9  2.32911e-03
89  10  2.36797e-03
90   9  2.90012e-03
91  11  3.36528e-03
92  11  3.20411e-03
93   7  2.27380e-03
94  12  3.24202e-03
95  11  2.54512e-03
96  12  3.58796e-03
97  11  2.72012e-03
98  10  3.14093e-03
99  10  2.49195e-03
100  11  3.03411e-03
101  11  2.71916e-03
102  12  3.15809e-03
103  12  2.46215e-03
104  10  2.56634e-03
105  10  2.29192e-03
106  12  2.81382e-03
107  11  2.85220e-03
108  11  3.07083e-03
109  10  2.17319e-03
110  12  3.35312e-03
111  12  3.07989e-03
112  12  2.93493e-03
113  11  2.54893e-03
114   9  1.93286e-03
115  11  2.57897e-03
116  11  2.88081e-03
117  12  2.84195e-03
118  11  2.69604e-03
119  11  2.81882e-03
120  10  2.71893e-03
121  10  3.10993e-03
122  10  2.99096e-03
123  13  3.13759e-03
124  12  2.70176e-03
125  10  2.58470e-03
126  12  3.54981e-03
127   8  2.36511e-03
128  10  2.73705e-03
129   8  2.24495e-03
130  10  2.93517e-03
131  11  3.32904e-03
132  13  3.02792e-03
133  11  2.64788e-03
134  12  2.90632e-03
135  10  2.46024e-03
136  13  2.69914e-03
137  11  2.86412e-03
138  11  2.83027e-03
139   9  2.22015e-03
140   9  2.82717e-03
141  10  3.22986e-03
142  10  2.97904e-03
143  13  2.81310e-03
144   9  3.03817e-03
145  12  3.14188e-03
146  14  3.81088e-03
147  11  2.80213e-03
148  11  2.91681e-03
149  13  3.14116e-03
150  10  3.04317e-03
151  11  3.42894e-03
152   9  2.39682e-03
153   9  2.47073e-03
154  11  2.48337e-03
155  11  2.93398e-03
156  12  3.02505e-03
157   9  2.24209e-03
158   9  2.27690e-03
159  13  2.78306e-03
160  11  3.79586e-03
161  12  3.08609e-03
162  15  4.33683e-03
163  12  3.39484e-03
164  11  4.23408e-03
165  10  3.41892e-03
166  10  2.84123e-03
167  12  2.85172e-03
168  12  3.44110e-03
169   8  2.96187e-03
170  11  3.30091e-03
171   9  2.32720e-03
172  11  3.43919e-03
173  10  2.33006e-03
174  11  2.70891e-03
175  12  3.21102e-03
176   8  2.55680e-03
177  10  2.83909e-03
178  10  2.11501e-03
179  13  3.43204e-03
180  10  3.20005e-03
181  11  2.50506e-03
182   9  2.72584e-03
183  12  3.75223e-03
184  13  3.24917e-03
185  10  2.39301e-03
186  11  3.41392e-03
187  12  3.50213e-03
188  11  3.21102e-03
189  11  2.90036e-03
190  11  2.98977e-03
191  12  2.97189e-03
192  13  4.51016e-03
193  12  3.76916e-03
194   9  2.94995e-03
195  10  2.91896e-03
196  11  2.81501e-03
197  11  2.79593e-03
198  11  2.50602e-03
199  12  3.30210e-03
200  11  2.24376e-03
201   9  2.68507e-03
202   7  2.09475e-03
203  11  2.84791e-03
204  10  2.58827e-03
205  11  2.99311e-03
206  11  2.43878e-03
207   9  2.48408e-03
208  10  2.94185e-03
209  10  2.59972e-03
210   8  2.51698e-03
211  12  3.36623e-03
212  11  2.71797e-03
213  12  3.15785e-03
214  11  2.94113e-03
215  12  3.15428e-03
216  12  3.17502e-03
217   9  2.80905e-03
218  13  3.50904e-03
219   9  2.31194e-03
220  11  2.81191e-03
221  12  2.80213e-03
222  13  2.70104e-03
223  11  2.77519e-03
224  13  3.33595e-03
225  13  3.21317e-03
226  12  2.90728e-03
227  11  3.12901e-03
228  11  3.53169e-03
229  13  3.36385e-03
230  11  3.22676e-03
231  12  3.06106e-03
232  11  3.04317e-03
233  11  2.36678e-03
234  11  2.97213e-03
235  10  3.09300e-03
236  10  2.81787e-03
237  12  3.54576e-03
238  13  2.23994e-03
239  10  2.52104e-03
240  13  3.76177e-03
241  10  2.65193e-03
242  10  2.39277e-03
243  13  3.04890e-03
244  11  2.68102e-03
245  10  2.79498e-03
246  10  2.75493e-03
247  10  3.20792e-03
248  12  3.09396e-03
249  10  2.95997e-03
250  11  3.00384e-03
251  12  3.21007e-03
252  10  2.89297e-03
253  11  3.50595e-03
254   9  2.36583e-03
255  13  3.67475e-03
256   8  2.43092e-03
257  12  3.28779e-03
258  11  2.92110e-03
259  10  2.69699e-03
260  10  2.83718e-03
261  11  3.10564e-03
262  12  2.99001e-03
263  11  3.17311e-03
264  13  3.68118e-03
265  11  3.02696e-03
266  10  2.48790e-03
267  12  2.73776e-03
268   9  2.36607e-03
269  10  3.12805e-03
270  10  2.90298e-03
271  12  3.46208e-03
272  10  2.85006e-03
273   9  2.51293e-03
274  12  3.02386e-03
275  12  2.91419e-03
276  12  2.94805e-03
277   9  2.79689e-03
278  10  2.90895e-03
279  12  2.95091e-03
280  11  2.94495e-03
281  12  2.53677e-03
282  11  2.87294e-03
283   7  2.39682e-03
284  10  2.50912e-03
285  11  2.88987e-03
286   9  2.43616e-03
287  12  3.12400e-03
288  10  2.97117e-03
289   9  3.09920e-03
290  12  2.94018e-03
291   9  2.13313e-03
292  10  2.86412e-03
293   9  2.50697e-03
294   9  2.35701e-03
295  10  2.99096e-03
296  11  2.77615e-03
297  10  2.94113e-03
298  10  2.92301e-03
299  11  3.03698e-03
300  11  3.06582e-03
301  12  2.97594e-03
302  11  3.19099e-03
303  10  3.13187e-03
304   7  2.26974e-03
305  11  3.00407e-03
306  11  3.00193e-03
307  10  3.06988e-03
308  12  2.47025e-03
309  11  3.05104e-03
310  13  3.41415e-03
311  11  2.46716e-03
312  10  2.97904e-03
313  11  2.77710e-03
314  11  2.94495e-03
315  11  2.77710e-03
316  10  2.93708e-03
317   9  2.36797e-03
318  10  2.52509e-03
319  11  3.00407e-03
320  11  2.51102e-03
321  10  2.41780e-03
322  11  2.84529e-03
323  10  2.84290e-03
324   9  1.98412e-03
325  10  2.69723e-03
326  10  2.73180e-03
327  11  2.83217e-03
328  10  2.73108e-03
329  10  2.80881e-03
330  12  2.81906e-03
331  10  2.83504e-03
332  13  3.71099e-03
333   8  2.50793e-03
334  10  2.76566e-03
335  12  2.99382e-03
336  10  1.99294e-03
337  10  2.43807e-03
338  12  2.90108e-03
339  10  2.82097e-03
340   9  3.00908e-03
341  10  2.58827e-03
342  10  2.97904e-03
343  12  2.64287e-03
344  13  3.77703e-03
345  10  2.68602e-03
346   9  2.97594e-03
347  12  2.98595e-03
348  10  2.93207e-03
349  12  3.23606e-03
350  10  3.43132e-03
351  10  3.31402e-03
352  11  2.50912e-03
353  11  2.62809e-03
354  10  2.68102e-03
355  10  2.60520e-03
356  11  3.01123e-03
357  12  2.80595e-03
358  11  3.79896e-03
359  12  3.47304e-03
360  10  3.09110e-03
361   9  2.38013e-03
362  12  3.41082e-03
363  10  2.86698e-03
364   9  2.67196e-03
365   9  2.55823e-03
366  12  2.77615e-03
367  10  2.67911e-03
368  13  3.26395e-03
369  10  2.88701e-03
370   9  2.81906e-03
371  11  2.66886e-03
372  11  3.09181e-03
