0  13  7.71603e+01          nan -4.38331e+03 -4.39867e+03  1.23412e+03 -2.50761e+03  6.21158e+03  9.13664e+01  4.51002e+01
1  11  9.86912e+15          nan  1.61934e+04  1.17208e+04  4.57966e+02 -1.42768e-06  2.00000e+04  8.82005e+01  2.15897e+02
2  10  3.59188e+16          nan  1.60681e+04  1.18924e+04  4.62899e+02  0.00000e+00  2.00000e+04  8.82147e+01  2.16506e+02
3  10  8.08407e+16          nan  1.59519e+04  1.20481e+04  4.69173e+02 -3.99560e-06  2.00000e+04  8.82326e+01  2.17063e+02
4  11  1.58112e+17          nan  1.63128e+04  1.15543e+04  4.61157e+02 -1.53655e-09  2.00000e+04  8.82097e+01  2.15310e+02
5  11  2.47072e+17          nan  1.62009e+04  1.17106e+04  4.60413e+02 -2.44249e-11  2.00000e+04  8.82075e+01  2.15861e+02
6  10  3.23460e+17          nan  1.64052e+04  1.14215e+04  4.38303e+02 -3.20854e-09  2.00000e+04  8.81442e+01  2.14846e+02
7  11  4.84311e+17          nan  1.66164e+04  1.11120e+04  4.39259e+02  0.00000e+00  2.00000e+04  8.81469e+01  2.13772e+02
8  10  5.75078e+17          nan  1.60521e+04  1.19139e+04  4.61218e+02 -6.35048e-10  2.00000e+04  8.82098e+01  2.16583e+02
9  11  8.00638e+17          nan  1.62784e+04  1.16018e+04  4.43908e+02  0.00000e+00  2.00000e+04  8.81602e+01  2.15478e+02
10  10  8.98598e+17          nan  1.59519e+04  1.20481e+04  4.69168e+02 -6.30784e-08  2.00000e+04  8.82326e+01  2.17063e+02
11  11  1.19606e+18          nan  1.62863e+04  1.15911e+04  4.50564e+02 -9.54792e-11  2.00000e+04  8.81793e+01  2.15440e+02
12  12  1.55283e+18          nan  1.64001e+04  1.14295e+04  4.50909e+02 -3.82627e-08  2.00000e+04  8.81803e+01  2.14873e+02
13   9  1.36682e+18          nan  1.60587e+04  1.19057e+04  4.75384e+02 -2.66454e-11  2.00000e+04  8.82504e+01  2.16553e+02
14  11  1.93748e+18          nan  1.61934e+04  1.17209e+04  4.57964e+02 -1.15197e-08  2.00000e+04  8.82005e+01  2.15897e+02
15   9  1.81976e+18          nan  1.58018e+04  1.22450e+04  4.83189e+02 -1.28708e-07  2.00000e+04  8.82728e+01  2.17773e+02
16  10  2.30056e+18          nan  1.60880e+04  1.18659e+04  4.72324e+02  0.00000e+00  2.00000e+04  8.82417e+01  2.16411e+02
17   7  1.81799e+18          nan  1.62962e+04  1.15781e+04  4.67650e+02 -2.22045e-12  2.00000e+04  8.82283e+01  2.15393e+02
18  12  3.49403e+18          nan  1.64001e+04  1.14295e+04  4.50866e+02 -6.01097e-08  2.00000e+04  8.81802e+01  2.14873e+02
19  11  3.56863e+18          nan  1.63128e+04  1.15543e+04  4.61109e+02 -5.77316e-11  2.00000e+04  8.82095e+01  2.15310e+02
20  11  3.95418e+18          nan  1.64159e+04  1.14071e+04  4.56461e+02 -5.01821e-10  2.00000e+04  8.81962e+01  2.14795e+02
21   8  3.17054e+18          nan  1.58909e+04  1.21295e+04  4.91062e+02 -2.19824e-09  2.00000e+04  8.82954e+01  2.17355e+02
22  12  5.21956e+18          nan  1.64001e+04  1.14295e+04  4.50940e+02 -4.75175e-10  2.00000e+04  8.81804e+01  2.14873e+02
23   9  4.27865e+18          nan  1.61674e+04  1.17567e+04  4.56904e+02 -2.15872e-08  2.00000e+04  8.81975e+01  2.16024e+02
24  10  5.17645e+18          nan  1.59519e+04  1.20481e+04  4.69198e+02 -1.90735e-02  2.00000e+04  8.82327e+01  2.17063e+02
25  11  6.17852e+18          nan  1.62964e+04  1.15769e+04  4.51731e+02 -4.37428e-10  2.00000e+04  8.81826e+01  2.15390e+02
26  10  6.07519e+18          nan  1.65166e+04  1.12597e+04  4.37304e+02 -1.90735e-02  2.00000e+04  8.81413e+01  2.14283e+02
27  11  7.20666e+18          nan  1.61847e+04  1.17326e+04  4.51510e+02 -2.30926e-10  2.00000e+04  8.81820e+01  2.15939e+02
28  10  7.04581e+18          nan  1.61604e+04  1.17660e+04  4.52012e+02 -1.42855e-07  2.00000e+04  8.81835e+01  2.16058e+02
29  11  8.31390e+18          nan  1.66164e+04  1.11120e+04  4.39218e+02 -8.19345e-10  2.00000e+04  8.81468e+01  2.13772e+02
30  13  1.05148e+19          nan  1.65645e+04  1.11891e+04  4.37180e+02  0.00000e+00  2.00000e+04  8.81409e+01  2.14039e+02
31  11  9.50021e+18          nan  1.61847e+04  1.17326e+04  4.51384e+02 -1.21902e-09  2.00000e+04  8.81817e+01  2.15939e+02
32   8  7.36221e+18          nan  1.65701e+04  1.11812e+04  4.44077e+02 -2.48690e-10  2.00000e+04  8.81607e+01  2.14011e+02
33  12  1.17443e+19          nan  1.64001e+04  1.14295e+04  4.50961e+02 -1.90735e-02  2.00000e+04  8.81804e+01  2.14873e+02
34  12  1.24669e+19          nan  1.63940e+04  1.14379e+04  4.44909e+02 -1.02918e-07  2.00000e+04  8.81631e+01  2.14903e+02
35   9  9.90830e+18          nan  1.65149e+04  1.12621e+04  4.35437e+02 -3.86358e-09  2.00000e+04  8.81359e+01  2.14291e+02
36  10  1.16473e+19          nan  1.62455e+04  1.16476e+04  4.39814e+02 -2.51972e-07  2.00000e+04  8.81485e+01  2.15640e+02
37  13  1.59944e+19          nan  1.65645e+04  1.11891e+04  4.37174e+02  0.00000e+00  2.00000e+04  8.81409e+01  2.14039e+02
38  10  1.29774e+19          nan  1.59519e+04  1.20481e+04  4.69158e+02 -9.38938e-08  2.00000e+04  8.82326e+01  2.17063e+02
39   9  1.23025e+19          nan  1.57702e+04  1.22852e+04  4.72606e+02  0.00000e+00  2.00000e+04  8.82425e+01  2.17919e+02
40  11  1.58174e+19          nan  1.66912e+04  1.09982e+04  4.19729e+02  0.00000e+00  2.00000e+04  8.80909e+01  2.13382e+02
41  12  1.81289e+19          nan  1.64956e+04  1.12909e+04  4.45819e+02  0.00000e+00  2.00000e+04  8.81657e+01  2.14391e+02
42  12  1.90241e+19          nan  1.64001e+04  1.14295e+04  4.50977e+02 -3.24185e-10  2.00000e+04  8.81805e+01  2.14873e+02
43  11  1.82791e+19          nan  1.62988e+04  1.15735e+04  4.52219e+02  0.00000e+00  2.00000e+04  8.81840e+01  2.15378e+02
44  11  1.91391e+19          nan  1.61847e+04  1.17326e+04  4.51389e+02 -1.36550e-06  2.00000e+04  8.81817e+01  2.15939e+02
45  10  1.81991e+19          nan  1.59519e+04  1.20481e+04  4.69238e+02 -1.75926e-08  2.00000e+04  8.82328e+01  2.17063e+02
46  13  2.47220e+19          nan  1.65645e+04  1.11892e+04  4.37054e+02 -7.81597e-09  2.00000e+04  8.81406e+01  2.14039e+02
47  10  1.98528e+19          nan  1.66206e+04  1.11058e+04  4.40665e+02 -1.34415e-07  2.00000e+04  8.81509e+01  2.13751e+02
48  11  2.27772e+19          nan  1.63054e+04  1.15645e+04  4.54759e+02 -5.62217e-09  2.00000e+04  8.81913e+01  2.15346e+02
49   9  1.94205e+19          nan  1.67953e+04  1.08396e+04  4.36539e+02 -6.12177e-09  2.00000e+04  8.81391e+01  2.12838e+02
50  10  2.24681e+19          nan  1.66157e+04  1.11128e+04  4.34311e+02  0.00000e+00  2.00000e+04  8.81327e+01  2.13775e+02
51  13  3.03886e+19          nan  1.65645e+04  1.11891e+04  4.37119e+02 -1.26121e-09  2.00000e+04  8.81408e+01  2.14039e+02
52  13  3.15920e+19          nan  1.69782e+04  1.05493e+04  4.14252e+02 -8.88178e-11  2.00000e+04  8.80752e+01  2.11855e+02
53   9  2.27207e+19          nan  1.58018e+04  1.22450e+04  4.83487e+02 -1.79856e-10  2.00000e+04  8.82737e+01  2.17773e+02
54  10  2.62069e+19          nan  1.66354e+04  1.10831e+04  4.31357e+02 -1.74971e-09  2.00000e+04  8.81243e+01  2.13673e+02
55  12  3.26238e+19          nan  1.64001e+04  1.14295e+04  4.50503e+02 -2.33777e-07  2.00000e+04  8.81791e+01  2.14873e+02
56  10  2.81841e+19          nan  1.64186e+04  1.14028e+04  4.48512e+02 -1.06803e-09  2.00000e+04  8.81734e+01  2.14780e+02
57  11  3.21197e+19          nan  1.61847e+04  1.17326e+04  4.51465e+02  0.00000e+00  2.00000e+04  8.81819e+01  2.15939e+02
58  12  3.62799e+19          nan  1.63940e+04  1.14379e+04  4.45030e+02  0.00000e+00  2.00000e+04  8.81634e+01  2.14903e+02
59   9  2.81563e+19          nan  1.71511e+04  1.02654e+04  4.05631e+02 -9.30145e-09  2.00000e+04  8.80505e+01  2.10902e+02
60  11  3.55897e+19          nan  1.63128e+04  1.15543e+04  4.61153e+02 -1.13243e-08  2.00000e+04  8.82097e+01  2.15310e+02
61  12  4.01301e+19          nan  1.64956e+04  1.12909e+04  4.45627e+02 -1.11022e-11  2.00000e+04  8.81652e+01  2.14391e+02
62  10  3.45472e+19          nan  1.63969e+04  1.14339e+04  4.46792e+02 -3.09974e-09  2.00000e+04  8.81685e+01  2.14889e+02
63   9  3.21036e+19          nan  1.63137e+04  1.15530e+04  4.60834e+02 -1.96168e-07  2.00000e+04  8.82087e+01  2.15305e+02
64  10  3.68120e+19          nan  1.61909e+04  1.17247e+04  4.63219e+02 -2.05003e-07  2.00000e+04  8.82156e+01  2.15910e+02
65   9  3.41743e+19          nan  1.57519e+04  1.23085e+04  4.71234e+02 -5.37415e-08  2.00000e+04  8.82385e+01  2.18004e+02
66  12  4.69785e+19          nan  1.63940e+04  1.14379e+04  4.44862e+02 -4.39164e-07  2.00000e+04  8.81630e+01  2.14903e+02
67  12  4.84129e+19          nan  1.63940e+04  1.14379e+04  4.44871e+02 -1.99840e-11  2.00000e+04  8.81630e+01  2.14903e+02
68  11  4.57132e+19          nan  1.66118e+04  1.11184e+04  4.32453e+02 -9.54792e-11  2.00000e+04  8.81274e+01  2.13795e+02
69  10  4.27887e+19          nan  1.60521e+04  1.19138e+04  4.61151e+02  0.00000e+00  2.00000e+04  8.82096e+01  2.16583e+02
70  10  4.40379e+19          nan  1.61909e+04  1.17246e+04  4.63204e+02 -7.60899e-04  2.00000e+04  8.82155e+01  2.15910e+02
71  11  4.98357e+19          nan  1.69193e+04  1.06444e+04  4.26946e+02  0.00000e+00  2.00000e+04  8.81116e+01  2.12175e+02
72  12  5.59084e+19          nan  1.63940e+04  1.14379e+04  4.44893e+02  0.00000e+00  2.00000e+04  8.81630e+01  2.14903e+02
73  11  5.26829e+19          nan  1.63923e+04  1.14404e+04  4.44709e+02 -1.90735e-02  2.00000e+04  8.81625e+01  2.14912e+02
74  13  6.39791e+19          nan  1.65645e+04  1.11891e+04  4.37114e+02 -5.66214e-10  2.00000e+04  8.81408e+01  2.14039e+02
75   9  4.54985e+19          nan  1.62937e+04  1.15806e+04  4.49472e+02 -1.90735e-02  2.00000e+04  8.81762e+01  2.15403e+02
76  10  5.19110e+19          nan  1.69466e+04  1.05991e+04  4.00112e+02 -1.06718e-03  2.00000e+04  8.80347e+01  2.12023e+02
77  11  5.86146e+19          nan  1.67078e+04  1.09742e+04  4.41435e+02 -2.17293e-08  2.00000e+04  8.81531e+01  2.13298e+02
78  11  6.01470e+19          nan  1.61847e+04  1.17326e+04  4.51443e+02 -6.57252e-10  2.00000e+04  8.81818e+01  2.15939e+02
79   8  4.48721e+19          nan  1.60195e+04  1.19586e+04  4.80803e+02 -6.75282e-08  2.00000e+04  8.82660e+01  2.16741e+02
80  12  6.90229e+19          nan  1.64001e+04  1.14295e+04  4.50966e+02 -1.33227e-11  2.00000e+04  8.81805e+01  2.14873e+02
81   7  4.12763e+19          nan  1.64006e+04  1.14287e+04  4.47930e+02 -1.06739e-06  2.00000e+04  8.81718e+01  2.14871e+02
82  11  6.64742e+19          nan  1.61934e+04  1.17209e+04  4.57946e+02  0.00000e+00  2.00000e+04  8.82005e+01  2.15897e+02
83  13  8.04882e+19          nan  1.65645e+04  1.11892e+04  4.37074e+02 -4.00715e-07  2.00000e+04  8.81406e+01  2.14039e+02
84  10  6.34149e+19          nan  1.59519e+04  1.20481e+04  4.69171e+02 -1.11022e-10  2.00000e+04  8.82326e+01  2.17063e+02
85  11  7.14272e+19          nan  1.61412e+04  1.17913e+04  4.31985e+02 -1.33227e-11  2.00000e+04  8.81261e+01  2.16149e+02
86  11  7.31177e+19          nan  1.64655e+04  1.13339e+04  4.30774e+02 -3.99680e-11  2.00000e+04  8.81226e+01  2.14541e+02
87   9  6.12229e+19          nan  1.63797e+04  1.14583e+04  4.43614e+02 -1.14753e-08  2.00000e+04  8.81594e+01  2.14974e+02
88   9  6.26384e+19          nan  1.63137e+04  1.15530e+04  4.60858e+02 -4.60934e-07  2.00000e+04  8.82088e+01  2.15305e+02
89  10  7.11891e+19          nan  1.64186e+04  1.14028e+04  4.48481e+02 -2.15068e-07  2.00000e+04  8.81733e+01  2.14780e+02
90   9  6.55180e+19          nan  1.66809e+04  1.10154e+04  4.46018e+02 -1.15463e-10  2.00000e+04  8.81663e+01  2.13439e+02
91  11  8.18670e+19          nan  1.62009e+04  1.17106e+04  4.60468e+02  0.00000e+00  2.00000e+04  8.82077e+01  2.15861e+02
92  11  8.36762e+19          nan  1.63054e+04  1.15644e+04  4.54693e+02 -1.95399e-10  2.00000e+04  8.81911e+01  2.15346e+02
93   7  5.44123e+19          nan  1.54739e+04  1.26574e+04  4.94901e+02 -3.10862e-10  2.00000e+04  8.83064e+01  2.19283e+02
94  12  9.52951e+19          nan  1.64001e+04  1.14295e+04  4.50956e+02 -3.28846e-07  2.00000e+04  8.81804e+01  2.14873e+02
95  11  8.92223e+19          nan  1.62009e+04  1.17106e+04  4.60358e+02 -1.33227e-11  2.00000e+04  8.82074e+01  2.15861e+02
96  12  9.93934e+19          nan  1.63998e+04  1.14299e+04  4.50659e+02 -5.96991e-05  2.00000e+04  8.81796e+01  2.14875e+02
97  11  9.30186e+19          nan  1.63128e+04  1.15543e+04  4.60953e+02  0.00000e+00  2.00000e+04  8.82091e+01  2.15310e+02
98  10  8.63149e+19          nan  1.59519e+04  1.20481e+04  4.69460e+02 -2.34739e-07  2.00000e+04  8.82335e+01  2.17063e+02
99  10  8.80855e+19          nan  1.67044e+04  1.09784e+04  4.24119e+02 -7.15237e-07  2.00000e+04  8.81035e+01  2.13313e+02
100  11  9.88614e+19          nan  1.62009e+04  1.17106e+04  4.60402e+02 -2.15383e-10  2.00000e+04  8.82075e+01  2.15861e+02
101  11  1.00849e+20          nan  1.65820e+04  1.11631e+04  4.34617e+02 -1.19993e-08  2.00000e+04  8.81336e+01  2.13949e+02
102  12  1.12206e+20          nan  1.63887e+04  1.14454e+04  4.42393e+02 -1.24345e-10  2.00000e+04  8.81559e+01  2.14929e+02
103  12  1.14417e+20          nan  1.63940e+04  1.14379e+04  4.44865e+02 -3.77076e-08  2.00000e+04  8.81630e+01  2.14903e+02
104  10  9.72078e+19          nan  1.60880e+04  1.18659e+04  4.72331e+02 -4.44089e-12  2.00000e+04  8.82417e+01  2.16411e+02
105  10  9.90862e+19          nan  1.64125e+04  1.14115e+04  4.45610e+02 -1.64535e-08  2.00000e+04  8.81651e+01  2.14811e+02
106  12  1.21179e+20          nan  1.67784e+04  1.08651e+04  4.25019e+02 -1.77636e-11  2.00000e+04  8.81061e+01  2.12926e+02
107  11  1.13187e+20          nan  1.66164e+04  1.11120e+04  4.38397e+02 -4.44089e-12  2.00000e+04  8.81444e+01  2.13772e+02
108  11  1.15312e+20          nan  1.65624e+04  1.11914e+04  4.22859e+02 -5.77316e-11  2.00000e+04  8.80999e+01  2.14047e+02
109  10  1.06779e+20          nan  1.60447e+04  1.19233e+04  4.52654e+02 -1.90735e-02  2.00000e+04  8.81853e+01  2.16617e+02
110  12  1.30497e+20          nan  1.66789e+04  1.10180e+04  4.39637e+02 -1.89093e-08  2.00000e+04  8.81480e+01  2.13448e+02
111  12  1.32881e+20          nan  1.64956e+04  1.12910e+04  4.45616e+02 -7.57061e-08  2.00000e+04  8.81651e+01  2.14391e+02
112  12  1.35286e+20          nan  1.66613e+04  1.10436e+04  4.23628e+02 -1.90735e-02  2.00000e+04  8.81021e+01  2.13538e+02
113  11  1.26236e+20          nan  1.66116e+04  1.11188e+04  4.32397e+02 -3.31157e-08  2.00000e+04  8.81272e+01  2.13796e+02
114   9  1.05120e+20          nan  1.61411e+04  1.17931e+04  4.62469e+02 -8.88178e-12  2.00000e+04  8.82134e+01  2.16153e+02
115  11  1.30744e+20          nan  1.62009e+04  1.17106e+04  4.60387e+02 -1.90735e-02  2.00000e+04  8.82075e+01  2.15861e+02
116  11  1.33028e+20          nan  1.65058e+04  1.12761e+04  4.48079e+02 -3.85070e-08  2.00000e+04  8.81722e+01  2.14339e+02
117  12  1.47635e+20          nan  1.63940e+04  1.14379e+04  4.44867e+02 -2.22045e-12  2.00000e+04  8.81630e+01  2.14903e+02
118  11  1.37655e+20          nan  1.67203e+04  1.09548e+04  4.33595e+02 -1.68310e-08  2.00000e+04  8.81307e+01  2.13232e+02
119  11  1.39998e+20          nan  1.65058e+04  1.12761e+04  4.48149e+02 -1.77636e-11  2.00000e+04  8.81724e+01  2.14339e+02
120  10  1.29419e+20          nan  1.61691e+04  1.17542e+04  4.54709e+02 -1.14131e-09  2.00000e+04  8.81912e+01  2.16015e+02
121  10  1.31585e+20          nan  1.60787e+04  1.18783e+04  4.69658e+02 -4.88498e-11  2.00000e+04  8.82340e+01  2.16456e+02
122  10  1.33769e+20          nan  1.60521e+04  1.19138e+04  4.61170e+02 -2.66454e-10  2.00000e+04  8.82097e+01  2.16583e+02
123  13  1.76762e+20          nan  1.65645e+04  1.11891e+04  4.37169e+02 -3.07494e-07  2.00000e+04  8.81409e+01  2.14039e+02
124  12  1.65829e+20          nan  1.63940e+04  1.14379e+04  4.44847e+02 -1.90735e-02  2.00000e+04  8.81629e+01  2.14903e+02
125  10  1.40429e+20          nan  1.63787e+04  1.14598e+04  4.43628e+02 -7.63450e-04  2.00000e+04  8.81594e+01  2.14980e+02
126  12  1.71221e+20          nan  1.65886e+04  1.11536e+04  4.42558e+02 -1.24345e-10  2.00000e+04  8.81564e+01  2.13916e+02
127   8  1.15967e+20          nan  1.63720e+04  1.14687e+04  4.32498e+02  0.00000e+00  2.00000e+04  8.81275e+01  2.15012e+02
128  10  1.47250e+20          nan  1.63969e+04  1.14339e+04  4.46765e+02 -1.50324e-08  2.00000e+04  8.81684e+01  2.14889e+02
129   8  1.19648e+20          nan  1.61459e+04  1.17864e+04  4.61705e+02 -1.69620e-08  2.00000e+04  8.82112e+01  2.16129e+02
130  10  1.51888e+20          nan  1.59519e+04  1.20481e+04  4.69133e+02 -3.81473e-09  2.00000e+04  8.82325e+01  2.17063e+02
131  11  1.69657e+20          nan  1.63054e+04  1.15644e+04  4.54755e+02 -1.33227e-11  2.00000e+04  8.81913e+01  2.15346e+02
132  13  2.03576e+20          nan  1.65645e+04  1.11891e+04  4.37232e+02 -8.21121e-08  2.00000e+04  8.81411e+01  2.14039e+02
133  11  1.74877e+20          nan  1.63126e+04  1.15546e+04  4.61046e+02 -1.34763e-07  2.00000e+04  8.82093e+01  2.15311e+02
134  12  1.93654e+20          nan  1.67784e+04  1.08651e+04  4.25051e+02 -2.93099e-10  2.00000e+04  8.81062e+01  2.12926e+02
135  10  1.63796e+20          nan  1.64102e+04  1.14153e+04  4.56680e+02 -3.18190e-09  2.00000e+04  8.81968e+01  2.14823e+02
136  13  2.16101e+20          nan  1.64629e+04  1.13376e+04  4.29259e+02 -1.74492e-07  2.00000e+04  8.81182e+01  2.14554e+02
137  11  1.85554e+20          nan  1.67202e+04  1.09548e+04  4.33334e+02  0.00000e+00  2.00000e+04  8.81299e+01  2.13232e+02
138  11  1.88273e+20          nan  1.62988e+04  1.15735e+04  4.52221e+02 -2.73097e-07  2.00000e+04  8.81841e+01  2.15378e+02
139   9  1.56282e+20          nan  1.63137e+04  1.15529e+04  4.60712e+02 -7.70273e-09  2.00000e+04  8.82084e+01  2.15305e+02
140   9  1.58538e+20          nan  1.58018e+04  1.22450e+04  4.83051e+02 -1.19904e-08  2.00000e+04  8.82724e+01  2.17773e+02
141  10  1.78679e+20          nan  1.60681e+04  1.18924e+04  4.62938e+02 -5.26632e-07  2.00000e+04  8.82148e+01  2.16506e+02
142  10  1.81223e+20          nan  1.64102e+04  1.14153e+04  4.56650e+02 -1.66889e-07  2.00000e+04  8.81967e+01  2.14823e+02
143  13  2.38920e+20          nan  1.65645e+04  1.11891e+04  4.37066e+02 -1.93712e-08  2.00000e+04  8.81406e+01  2.14039e+02
144   9  1.67727e+20          nan  1.67762e+04  1.08680e+04  4.18785e+02 -8.45990e-10  2.00000e+04  8.80882e+01  2.12936e+02
145  12  2.26753e+20          nan  1.63940e+04  1.14379e+04  4.44905e+02 -4.44089e-12  2.00000e+04  8.81631e+01  2.14903e+02
146  14  2.68207e+20          nan  1.68728e+04  1.07178e+04  4.25823e+02 -7.02236e-07  2.00000e+04  8.81084e+01  2.12424e+02
147  11  2.13631e+20          nan  1.62988e+04  1.15735e+04  4.52082e+02 -6.43929e-11  2.00000e+04  8.81837e+01  2.15378e+02
148  11  2.16547e+20          nan  1.62887e+04  1.15873e+04  4.45316e+02 -6.43929e-10  2.00000e+04  8.81643e+01  2.15427e+02
149  13  2.59390e+20          nan  1.66500e+04  1.10611e+04  4.30797e+02 -7.58418e-04  2.00000e+04  8.81226e+01  2.13597e+02
150  10  2.02218e+20          nan  1.66073e+04  1.11253e+04  4.33497e+02 -4.21885e-11  2.00000e+04  8.81304e+01  2.13818e+02
151  11  2.25415e+20          nan  1.70137e+04  1.04924e+04  4.19578e+02 -7.99361e-11  2.00000e+04  8.80905e+01  2.11662e+02
152   9  1.86882e+20          nan  1.61411e+04  1.17931e+04  4.62761e+02 -2.49800e-09  2.00000e+04  8.82143e+01  2.16153e+02
153   9  1.89349e+20          nan  1.66710e+04  1.10302e+04  4.43363e+02 -4.89386e-08  2.00000e+04  8.81587e+01  2.13490e+02
154  11  2.34461e+20          nan  1.61848e+04  1.17325e+04  4.51458e+02 -1.07678e-07  2.00000e+04  8.81819e+01  2.15939e+02
155  11  2.37516e+20          nan  1.66080e+04  1.11240e+04  4.29468e+02 -2.11764e-07  2.00000e+04  8.81188e+01  2.13814e+02
156  12  2.62462e+20          nan  1.63940e+04  1.14379e+04  4.44920e+02 -3.77476e-11  2.00000e+04  8.81631e+01  2.14903e+02
157   9  1.99379e+20          nan  1.61411e+04  1.17931e+04  4.62568e+02 -4.56324e-07  2.00000e+04  8.82137e+01  2.16153e+02
158   9  2.01927e+20          nan  1.59004e+04  1.21158e+04  4.65462e+02 -1.40010e-07  2.00000e+04  8.82220e+01  2.17307e+02
159  13  2.95376e+20          nan  1.67393e+04  1.09254e+04  4.29270e+02 -1.90735e-02  2.00000e+04  8.81183e+01  2.13132e+02
160  11  2.53087e+20          nan  1.66164e+04  1.11120e+04  4.39125e+02 -1.33227e-11  2.00000e+04  8.81465e+01  2.13772e+02
161  12  2.79557e+20          nan  1.63709e+04  1.14700e+04  4.28611e+02 -1.46549e-10  2.00000e+04  8.81164e+01  2.15016e+02
162  15  3.53800e+20          nan  1.70612e+04  1.04147e+04  4.16358e+02 -4.44089e-12  2.00000e+04  8.80813e+01  2.11401e+02
163  12  2.86545e+20          nan  1.63940e+04  1.14379e+04  4.44873e+02 -1.99840e-10  2.00000e+04  8.81630e+01  2.14903e+02
164  11  2.65899e+20          nan  1.63054e+04  1.15644e+04  4.54724e+02 -2.22045e-12  2.00000e+04  8.81912e+01  2.15346e+02
165  10  2.44684e+20          nan  1.63862e+04  1.14495e+04  4.50875e+02 -4.79616e-10  2.00000e+04  8.81802e+01  2.14943e+02
166  10  2.47659e+20          nan  1.65333e+04  1.12355e+04  4.42301e+02 -6.86118e-09  2.00000e+04  8.81556e+01  2.14199e+02
167  12  3.00782e+20          nan  1.64001e+04  1.14295e+04  4.50793e+02 -2.35367e-10  2.00000e+04  8.81800e+01  2.14873e+02
168  12  3.04395e+20          nan  1.64956e+04  1.12910e+04  4.46490e+02 -7.41629e-10  2.00000e+04  8.81676e+01  2.14391e+02
169   8  2.05353e+20          nan  1.55808e+04  1.25253e+04  4.88777e+02 -4.44089e-12  2.00000e+04  8.82888e+01  2.18796e+02
170  11  2.85712e+20          nan  1.60649e+04  1.18959e+04  4.49131e+02 -2.34790e-08  2.00000e+04  8.81752e+01  2.16520e+02
171   9  2.36522e+20          nan  1.64172e+04  1.14046e+04  4.45860e+02 -3.91465e-09  2.00000e+04  8.81658e+01  2.14787e+02
172  11  2.92474e+20          nan  1.61847e+04  1.17326e+04  4.51414e+02 -3.33067e-10  2.00000e+04  8.81817e+01  2.15939e+02
173  10  2.68986e+20          nan  1.60422e+04  1.19270e+04  4.58516e+02 -4.27307e-07  2.00000e+04  8.82021e+01  2.16630e+02
174  11  2.99315e+20          nan  1.64705e+04  1.13269e+04  4.33791e+02 -2.32703e-09  2.00000e+04  8.81312e+01  2.14517e+02
175  12  3.30289e+20          nan  1.64001e+04  1.14295e+04  4.50894e+02 -4.79616e-10  2.00000e+04  8.81803e+01  2.14873e+02
176   8  2.22717e+20          nan  1.60212e+04  1.19559e+04  4.71569e+02 -1.11022e-11  2.00000e+04  8.82395e+01  2.16732e+02
177  10  2.81568e+20          nan  1.60880e+04  1.18659e+04  4.72258e+02 -4.32987e-10  2.00000e+04  8.82415e+01  2.16411e+02
178  10  2.84759e+20          nan  1.60681e+04  1.18924e+04  4.62762e+02 -4.46443e-08  2.00000e+04  8.82143e+01  2.16506e+02
179  13  3.74358e+20          nan  1.66451e+04  1.10683e+04  4.27021e+02 -1.27472e-06  2.00000e+04  8.81118e+01  2.13622e+02
180  10  2.91194e+20          nan  1.60681e+04  1.18924e+04  4.62855e+02 -2.66454e-11  2.00000e+04  8.82145e+01  2.16506e+02
181  11  3.23882e+20          nan  1.63054e+04  1.15644e+04  4.54610e+02 -1.90735e-02  2.00000e+04  8.81909e+01  2.15346e+02
182   9  2.67931e+20          nan  1.66301e+04  1.10914e+04  4.37798e+02 -5.41789e-10  2.00000e+04  8.81427e+01  2.13701e+02
183  12  3.61178e+20          nan  1.65803e+04  1.11657e+04  4.36586e+02 -6.19016e-08  2.00000e+04  8.81392e+01  2.13958e+02
184  13  3.95564e+20          nan  1.65577e+04  1.11987e+04  4.30049e+02 -3.55271e-11  2.00000e+04  8.81205e+01  2.14072e+02
185  10  3.07596e+20          nan  1.61691e+04  1.17542e+04  4.54442e+02 -1.43801e-07  2.00000e+04  8.81904e+01  2.16015e+02
186  11  3.42024e+20          nan  1.61847e+04  1.17325e+04  4.51429e+02 -4.44089e-12  2.00000e+04  8.81818e+01  2.15939e+02
187  12  3.77140e+20          nan  1.69698e+04  1.05633e+04  4.21868e+02 -1.75794e-06  2.00000e+04  8.80971e+01  2.11901e+02
188  11  3.49419e+20          nan  1.61847e+04  1.17326e+04  4.51339e+02 -9.32587e-11  2.00000e+04  8.81815e+01  2.15939e+02
189  11  3.53146e+20          nan  1.62988e+04  1.15735e+04  4.52156e+02  0.00000e+00  2.00000e+04  8.81839e+01  2.15378e+02
190  11  3.56893e+20          nan  1.67202e+04  1.09548e+04  4.33485e+02 -4.65139e-08  2.00000e+04  8.81303e+01  2.13232e+02
191  12  3.93446e+20          nan  1.64956e+04  1.12909e+04  4.45601e+02  0.00000e+00  2.00000e+04  8.81651e+01  2.14391e+02
192  13  4.30709e+20          nan  1.65645e+04  1.11891e+04  4.36980e+02 -6.94333e-08  2.00000e+04  8.81404e+01  2.14039e+02
193  12  4.01729e+20          nan  1.69602e+04  1.05796e+04  4.35018e+02  0.00000e+00  2.00000e+04  8.81347e+01  2.11955e+02
194   9  3.04427e+20          nan  1.66620e+04  1.10430e+04  4.31928e+02 -7.10543e-11  2.00000e+04  8.81259e+01  2.13535e+02
195  10  3.41749e+20          nan  1.68575e+04  1.07420e+04  4.26269e+02 -3.99680e-11  2.00000e+04  8.81097e+01  2.12506e+02
196  11  3.79789e+20          nan  1.63054e+04  1.15644e+04  4.54453e+02 -9.76996e-11  2.00000e+04  8.81904e+01  2.15346e+02
197  11  3.83674e+20          nan  1.62009e+04  1.17106e+04  4.60486e+02 -6.21725e-11  2.00000e+04  8.82077e+01  2.15861e+02
198  11  3.87580e+20          nan  1.65110e+04  1.12684e+04  4.45581e+02 -2.66085e-07  2.00000e+04  8.81650e+01  2.14313e+02
199  12  4.27096e+20          nan  1.63940e+04  1.14379e+04  4.44804e+02 -1.23679e-09  2.00000e+04  8.81628e+01  2.14903e+02
200  11  3.95449e+20          nan  1.66118e+04  1.11184e+04  4.32378e+02 -1.96954e-09  2.00000e+04  8.81272e+01  2.13795e+02
201   9  3.26793e+20          nan  1.62628e+04  1.16233e+04  4.36316e+02 -5.72875e-10  2.00000e+04  8.81385e+01  2.15554e+02
202   7  2.56708e+20          nan  1.54469e+04  1.26902e+04  4.93131e+02 -1.05382e-08  2.00000e+04  8.83013e+01  2.19404e+02
203  11  4.07402e+20          nan  1.61847e+04  1.17326e+04  4.51669e+02 -4.44089e-12  2.00000e+04  8.81825e+01  2.15939e+02
204  10  3.74023e+20          nan  1.62756e+04  1.16058e+04  4.45154e+02 -2.39808e-10  2.00000e+04  8.81638e+01  2.15492e+02
205  11  4.15469e+20          nan  1.62861e+04  1.15914e+04  4.50679e+02 -4.29132e-07  2.00000e+04  8.81796e+01  2.15441e+02
206  11  4.19532e+20          nan  1.62784e+04  1.16018e+04  4.43795e+02 -4.44089e-12  2.00000e+04  8.81599e+01  2.15478e+02
207   9  3.46594e+20          nan  1.63137e+04  1.15530e+04  4.60888e+02 -8.09575e-09  2.00000e+04  8.82089e+01  2.15305e+02
208  10  3.88834e+20          nan  1.64186e+04  1.14028e+04  4.48426e+02 -4.44089e-12  2.00000e+04  8.81732e+01  2.14780e+02
209  10  3.92582e+20          nan  1.60681e+04  1.18924e+04  4.62794e+02 -5.39058e-07  2.00000e+04  8.82144e+01  2.16506e+02
210   8  3.17078e+20          nan  1.57348e+04  1.23312e+04  4.87749e+02 -6.16840e-09  2.00000e+04  8.82859e+01  2.18085e+02
211  12  4.80158e+20          nan  1.64956e+04  1.12909e+04  4.45634e+02 -5.32907e-10  2.00000e+04  8.81652e+01  2.14391e+02
212  11  4.44327e+20          nan  1.63054e+04  1.15644e+04  4.54297e+02 -4.67382e-07  2.00000e+04  8.81900e+01  2.15346e+02
213  12  4.89304e+20          nan  1.65412e+04  1.12223e+04  4.16895e+02 -8.31282e-07  2.00000e+04  8.80828e+01  2.14155e+02
214  11  4.52750e+20          nan  1.64767e+04  1.13182e+04  4.40422e+02 -7.37188e-10  2.00000e+04  8.81502e+01  2.14486e+02
215  12  4.98536e+20          nan  1.63940e+04  1.14379e+04  4.44808e+02 -8.88178e-12  2.00000e+04  8.81628e+01  2.14903e+02
216  12  5.03184e+20          nan  1.66811e+04  1.10146e+04  4.37020e+02 -2.52687e-09  2.00000e+04  8.81405e+01  2.13437e+02
217   9  3.80890e+20          nan  1.61614e+04  1.17649e+04  4.57522e+02 -7.99361e-11  2.00000e+04  8.81992e+01  2.16053e+02
218  13  5.55258e+20          nan  1.65645e+04  1.11891e+04  4.37045e+02 -1.13465e-09  2.00000e+04  8.81406e+01  2.14039e+02
219   9  3.87944e+20          nan  1.57522e+04  1.23081e+04  4.71296e+02 -7.66143e-08  2.00000e+04  8.82387e+01  2.18003e+02
220  11  4.78494e+20          nan  1.61847e+04  1.17325e+04  4.51352e+02 -2.15672e-08  2.00000e+04  8.81816e+01  2.15939e+02
221  12  5.26749e+20          nan  1.64956e+04  1.12909e+04  4.45680e+02 -6.78568e-09  2.00000e+04  8.81653e+01  2.14391e+02
222  13  5.75821e+20          nan  1.65645e+04  1.11891e+04  4.37268e+02 -7.94920e-10  2.00000e+04  8.81412e+01  2.14039e+02
223  11  4.91633e+20          nan  1.66012e+04  1.11348e+04  4.40205e+02 -2.00260e-07  2.00000e+04  8.81496e+01  2.13851e+02
224  13  5.86243e+20          nan  1.65645e+04  1.11891e+04  4.37066e+02 -6.88338e-11  2.00000e+04  8.81406e+01  2.14039e+02
225  13  5.91489e+20          nan  1.66501e+04  1.10610e+04  4.30545e+02 -6.21725e-11  2.00000e+04  8.81219e+01  2.13597e+02
226  12  5.50854e+20          nan  1.65803e+04  1.11657e+04  4.36642e+02 -1.34352e-06  2.00000e+04  8.81394e+01  2.13958e+02
227  11  5.09428e+20          nan  1.66118e+04  1.11184e+04  4.32305e+02  0.00000e+00  2.00000e+04  8.81270e+01  2.13795e+02
228  11  5.13926e+20          nan  1.68953e+04  1.06815e+04  4.11312e+02 -1.13243e-10  2.00000e+04  8.80668e+01  2.12302e+02
229  13  6.12707e+20          nan  1.65577e+04  1.11987e+04  4.30240e+02 -1.60782e-07  2.00000e+04  8.81210e+01  2.14072e+02
230  11  5.22982e+20          nan  1.62819e+04  1.15968e+04  4.42508e+02  0.00000e+00  2.00000e+04  8.81562e+01  2.15460e+02
231  12  5.75498e+20          nan  1.63940e+04  1.14379e+04  4.44573e+02 -8.88178e-12  2.00000e+04  8.81621e+01  2.14903e+02
232  11  5.32117e+20          nan  1.63054e+04  1.15644e+04  4.54705e+02 -2.05933e-06  2.00000e+04  8.81912e+01  2.15346e+02
233  11  5.36714e+20          nan  1.61934e+04  1.17208e+04  4.57866e+02 -6.62421e-07  2.00000e+04  8.82002e+01  2.15897e+02
234  11  5.41331e+20          nan  1.66118e+04  1.11184e+04  4.32398e+02 -1.48326e-09  2.00000e+04  8.81272e+01  2.13795e+02
235  10  4.96334e+20          nan  1.69713e+04  1.05614e+04  4.27843e+02 -1.48681e-08  2.00000e+04  8.81142e+01  2.11894e+02
236  10  5.00567e+20          nan  1.60681e+04  1.18923e+04  4.62415e+02 -1.15694e-07  2.00000e+04  8.82133e+01  2.16506e+02
237  12  6.05782e+20          nan  1.64001e+04  1.14295e+04  4.50869e+02 -1.33227e-10  2.00000e+04  8.81802e+01  2.14873e+02
238  13  6.61814e+20          nan  1.65642e+04  1.11894e+04  4.36647e+02 -1.90735e-02  2.00000e+04  8.81394e+01  2.14040e+02
239  10  5.13374e+20          nan  1.60681e+04  1.18924e+04  4.62874e+02 -1.15463e-10  2.00000e+04  8.82146e+01  2.16506e+02
240  13  6.72983e+20          nan  1.65645e+04  1.11891e+04  4.37039e+02 -1.57652e-10  2.00000e+04  8.81405e+01  2.14039e+02
241  10  5.22003e+20          nan  1.64051e+04  1.14216e+04  4.37732e+02 -4.33977e-07  2.00000e+04  8.81425e+01  2.14846e+02
242  10  5.26343e+20          nan  1.60880e+04  1.18659e+04  4.72341e+02 -6.27831e-08  2.00000e+04  8.82417e+01  2.16411e+02
243  13  6.89913e+20          nan  1.65645e+04  1.11891e+04  4.37335e+02 -1.92069e-09  2.00000e+04  8.81414e+01  2.14039e+02
244  11  5.88587e+20          nan  1.67078e+04  1.09742e+04  4.41251e+02  0.00000e+00  2.00000e+04  8.81526e+01  2.13298e+02
245  10  5.39474e+20          nan  1.64052e+04  1.14215e+04  4.38237e+02  0.00000e+00  2.00000e+04  8.81440e+01  2.14846e+02
246  10  5.43887e+20          nan  1.60308e+04  1.19420e+04  4.51160e+02 -6.05835e-07  2.00000e+04  8.81810e+01  2.16684e+02
247  10  5.48318e+20          nan  1.60655e+04  1.18958e+04  4.62317e+02 -5.77316e-11  2.00000e+04  8.82130e+01  2.16518e+02
248  12  6.63320e+20          nan  1.64001e+04  1.14295e+04  4.50612e+02 -1.34084e-07  2.00000e+04  8.81794e+01  2.14873e+02
249  10  5.57234e+20          nan  1.61765e+04  1.17442e+04  4.56954e+02 -1.54188e-08  2.00000e+04  8.81976e+01  2.15980e+02
250  11  6.17890e+20          nan  1.63128e+04  1.15543e+04  4.61323e+02 -6.19007e-07  2.00000e+04  8.82101e+01  2.15310e+02
251  12  6.79465e+20          nan  1.64001e+04  1.14295e+04  4.50905e+02 -4.86100e-08  2.00000e+04  8.81803e+01  2.14873e+02
252  10  5.70742e+20          nan  1.59519e+04  1.20481e+04  4.68997e+02 -1.99840e-11  2.00000e+04  8.82321e+01  2.17063e+02
253  11  6.32809e+20          nan  1.66164e+04  1.11120e+04  4.39235e+02 -8.17124e-10  2.00000e+04  8.81468e+01  2.13772e+02
254   9  5.21854e+20          nan  1.65036e+04  1.12792e+04  4.44784e+02 -1.28551e-06  2.00000e+04  8.81627e+01  2.14350e+02
255  13  7.59736e+20          nan  1.64629e+04  1.13377e+04  4.29133e+02 -3.47872e-06  2.00000e+04  8.81179e+01  2.14554e+02
256   8  4.71204e+20          nan  1.61387e+04  1.17966e+04  4.68010e+02 -2.15126e-06  2.00000e+04  8.82293e+01  2.16165e+02
257  12  7.12338e+20          nan  1.63887e+04  1.14454e+04  4.42441e+02 -2.83820e-07  2.00000e+04  8.81560e+01  2.14929e+02
258  11  6.58068e+20          nan  1.66080e+04  1.11240e+04  4.29550e+02 -2.66454e-09  2.00000e+04  8.81191e+01  2.13814e+02
259  10  6.02890e+20          nan  1.60880e+04  1.18659e+04  4.72203e+02 -1.52463e-06  2.00000e+04  8.82413e+01  2.16411e+02
260  10  6.07555e+20          nan  1.64052e+04  1.14215e+04  4.38209e+02 -5.43343e-09  2.00000e+04  8.81439e+01  2.14846e+02
261  11  6.73461e+20          nan  1.63128e+04  1.15543e+04  4.61089e+02 -2.22045e-11  2.00000e+04  8.82095e+01  2.15310e+02
262  12  7.40325e+20          nan  1.71342e+04  1.02932e+04  4.00859e+02 -2.64233e-08  2.00000e+04  8.80368e+01  2.10995e+02
263  11  6.83822e+20          nan  1.61851e+04  1.17320e+04  4.51471e+02 -6.59872e-08  2.00000e+04  8.81819e+01  2.15937e+02
264  13  8.14310e+20          nan  1.67414e+04  1.09224e+04  4.31142e+02 -2.22045e-12  2.00000e+04  8.81236e+01  2.13121e+02
265  11  6.94262e+20          nan  1.64767e+04  1.13182e+04  4.40418e+02 -1.38741e-06  2.00000e+04  8.81502e+01  2.14486e+02
266  10  6.35919e+20          nan  1.60681e+04  1.18924e+04  4.62906e+02 -6.69020e-09  2.00000e+04  8.82147e+01  2.16506e+02
267  12  7.68852e+20          nan  1.64956e+04  1.12910e+04  4.45634e+02 -1.54987e-09  2.00000e+04  8.81652e+01  2.14391e+02
268   9  5.80966e+20          nan  1.59004e+04  1.21158e+04  4.65530e+02 -1.22935e-06  2.00000e+04  8.82222e+01  2.17307e+02
269  10  6.50344e+20          nan  1.64186e+04  1.14028e+04  4.48500e+02  0.00000e+00  2.00000e+04  8.81734e+01  2.14780e+02
270  10  6.55189e+20          nan  1.60681e+04  1.18924e+04  4.62703e+02 -1.99840e-11  2.00000e+04  8.82141e+01  2.16506e+02
271  12  7.92061e+20          nan  1.69668e+04  1.05680e+04  4.19218e+02 -7.54952e-11  2.00000e+04  8.80895e+01  2.11917e+02
272  10  6.64931e+20          nan  1.60521e+04  1.19138e+04  4.61010e+02 -3.06422e-10  2.00000e+04  8.82092e+01  2.16583e+02
273   9  6.02846e+20          nan  1.70337e+04  1.04602e+04  4.26118e+02 -8.88178e-12  2.00000e+04  8.81092e+01  2.11554e+02
274  12  8.09695e+20          nan  1.64001e+04  1.14295e+04  4.51037e+02 -2.29106e-08  2.00000e+04  8.81807e+01  2.14873e+02
275  12  8.15616e+20          nan  1.63887e+04  1.14454e+04  4.42660e+02 -4.37295e-08  2.00000e+04  8.81566e+01  2.14929e+02
276  12  8.21558e+20          nan  1.63940e+04  1.14379e+04  4.44839e+02  0.00000e+00  2.00000e+04  8.81629e+01  2.14903e+02
277   9  6.20642e+20          nan  1.60261e+04  1.19491e+04  4.65882e+02  0.00000e+00  2.00000e+04  8.82232e+01  2.16708e+02
278  10  6.94590e+20          nan  1.67531e+04  1.09045e+04  4.34972e+02  0.00000e+00  2.00000e+04  8.81346e+01  2.13060e+02
279  12  8.39515e+20          nan  1.65886e+04  1.11536e+04  4.42639e+02 -5.10703e-11  2.00000e+04  8.81566e+01  2.13916e+02
280  11  7.75082e+20          nan  1.62988e+04  1.15735e+04  4.52134e+02 -8.43769e-11  2.00000e+04  8.81838e+01  2.15378e+02
281  12  8.51595e+20          nan  1.68737e+04  1.07161e+04  4.20594e+02 -5.28999e-08  2.00000e+04  8.80934e+01  2.12419e+02
282  11  7.86194e+20          nan  1.62992e+04  1.15731e+04  4.52138e+02 -4.80638e-08  2.00000e+04  8.81838e+01  2.15376e+02
283   7  5.03860e+20          nan  1.62676e+04  1.16175e+04  4.54837e+02 -6.09792e-07  2.00000e+04  8.81915e+01  2.15532e+02
284  10  7.24896e+20          nan  1.65006e+04  1.12833e+04  4.38420e+02 -5.36304e-08  2.00000e+04  8.81445e+01  2.14365e+02
285  11  8.03011e+20          nan  1.61847e+04  1.17326e+04  4.51312e+02 -5.49338e-09  2.00000e+04  8.81814e+01  2.15939e+02
286   9  6.61628e+20          nan  1.65327e+04  1.12360e+04  4.36534e+02 -1.67805e-05  2.00000e+04  8.81391e+01  2.14201e+02
287  12  8.88350e+20          nan  1.64956e+04  1.12909e+04  4.45696e+02 -2.44249e-11  2.00000e+04  8.81654e+01  2.14391e+02
288  10  7.45459e+20          nan  1.59519e+04  1.20481e+04  4.69022e+02 -2.51972e-07  2.00000e+04  8.82322e+01  2.17063e+02
289   9  6.75581e+20          nan  1.62966e+04  1.15765e+04  4.49821e+02 -1.39444e-09  2.00000e+04  8.81772e+01  2.15388e+02
290  12  9.07019e+20          nan  1.64956e+04  1.12909e+04  4.45606e+02 -3.08642e-09  2.00000e+04  8.81651e+01  2.14391e+02
291   9  6.84964e+20          nan  1.58019e+04  1.22449e+04  4.83061e+02 -3.03561e-03  2.00000e+04  8.82724e+01  2.17772e+02
292  10  7.66310e+20          nan  1.60787e+04  1.18783e+04  4.69577e+02 -4.03100e-08  2.00000e+04  8.82338e+01  2.16455e+02
293   9  6.94411e+20          nan  1.57516e+04  1.23089e+04  4.71127e+02 -2.45626e-08  2.00000e+04  8.82382e+01  2.18005e+02
294   9  6.99159e+20          nan  1.64117e+04  1.14122e+04  4.40562e+02 -1.90735e-02  2.00000e+04  8.81506e+01  2.14814e+02
295  10  7.82138e+20          nan  1.66285e+04  1.10939e+04  4.40737e+02 -2.22045e-11  2.00000e+04  8.81511e+01  2.13710e+02
296  11  8.66194e+20          nan  1.64703e+04  1.13270e+04  4.33448e+02 -5.06919e-07  2.00000e+04  8.81302e+01  2.14517e+02
297  10  7.92779e+20          nan  1.60521e+04  1.19138e+04  4.61083e+02 -3.13971e-09  2.00000e+04  8.82095e+01  2.16583e+02
298  10  7.98126e+20          nan  1.64186e+04  1.14028e+04  4.48580e+02 -4.01457e-09  2.00000e+04  8.81736e+01  2.14780e+02
299  11  8.83841e+20          nan  1.63054e+04  1.15644e+04  4.53777e+02 -6.35736e-08  2.00000e+04  8.81885e+01  2.15346e+02
300  11  8.89763e+20          nan  1.65820e+04  1.11630e+04  4.34368e+02 -7.77156e-10  2.00000e+04  8.81329e+01  2.13949e+02
301  12  9.77132e+20          nan  1.63883e+04  1.14459e+04  4.42383e+02 -6.24691e-07  2.00000e+04  8.81559e+01  2.14931e+02
302  11  9.01666e+20          nan  1.62988e+04  1.15735e+04  4.51710e+02 -9.25926e-10  2.00000e+04  8.81826e+01  2.15378e+02
303  10  8.25134e+20          nan  1.64125e+04  1.14115e+04  4.45670e+02 -1.20792e-09  2.00000e+04  8.81653e+01  2.14811e+02
304   7  5.81412e+20          nan  1.57780e+04  1.22753e+04  4.74518e+02 -2.16520e-07  2.00000e+04  8.82480e+01  2.17883e+02
305  11  9.19669e+20          nan  1.62714e+04  1.16114e+04  4.40841e+02 -8.88178e-12  2.00000e+04  8.81514e+01  2.15512e+02
306  11  9.25709e+20          nan  1.61847e+04  1.17326e+04  4.51396e+02 -2.92655e-09  2.00000e+04  8.81817e+01  2.15939e+02
307  10  8.47063e+20          nan  1.61691e+04  1.17542e+04  4.54658e+02 -4.68514e-10  2.00000e+04  8.81910e+01  2.16015e+02
308  12  1.02311e+21          nan  1.63940e+04  1.14379e+04  4.44887e+02 -8.77676e-08  2.00000e+04  8.81630e+01  2.14903e+02
309  11  9.43950e+20          nan  1.62863e+04  1.15911e+04  4.50576e+02 -3.99680e-10  2.00000e+04  8.81793e+01  2.15440e+02
310  13  1.12281e+21          nan  1.65645e+04  1.11891e+04  4.37278e+02 -7.54952e-10  2.00000e+04  8.81412e+01  2.14039e+02
311  11  9.56209e+20          nan  1.70137e+04  1.04924e+04  4.19308e+02 -6.74705e-08  2.00000e+04  8.80897e+01  2.11662e+02
312  10  8.74880e+20          nan  1.64052e+04  1.14215e+04  4.38284e+02  0.00000e+00  2.00000e+04  8.81441e+01  2.14846e+02
313  11  9.68547e+20          nan  1.69068e+04  1.06635e+04  4.15892e+02 -3.40408e-05  2.00000e+04  8.80799e+01  2.12240e+02
314  11  9.74746e+20          nan  1.66118e+04  1.11185e+04  4.32573e+02 -8.88178e-12  2.00000e+04  8.81277e+01  2.13795e+02
315  11  9.80964e+20          nan  1.66118e+04  1.11184e+04  4.32412e+02 -2.22045e-11  2.00000e+04  8.81273e+01  2.13795e+02
316  10  8.97457e+20          nan  1.67041e+04  1.09772e+04  3.96825e+02 -1.00364e-08  2.00000e+04  8.80253e+01  2.13311e+02
317   9  8.12831e+20          nan  1.63141e+04  1.15524e+04  4.60859e+02 -5.17475e-08  2.00000e+04  8.82088e+01  2.15303e+02
318  10  9.08853e+20          nan  1.60788e+04  1.18782e+04  4.69633e+02 -6.10845e-09  2.00000e+04  8.82340e+01  2.16455e+02
319  11  1.00604e+21          nan  1.63054e+04  1.15644e+04  4.54485e+02 -4.97380e-10  2.00000e+04  8.81905e+01  2.15346e+02
320  11  1.01235e+21          nan  1.61934e+04  1.17209e+04  4.57772e+02 -5.84000e-08  2.00000e+04  8.82000e+01  2.15897e+02
321  10  9.26082e+20          nan  1.61604e+04  1.17661e+04  4.51864e+02 -1.08686e-07  2.00000e+04  8.81830e+01  2.16058e+02
322  11  1.02505e+21          nan  1.62784e+04  1.16018e+04  4.44102e+02 -1.64091e-09  2.00000e+04  8.81608e+01  2.15478e+02
323  10  9.37658e+20          nan  1.60787e+04  1.18783e+04  4.69632e+02 -2.88490e-05  2.00000e+04  8.82340e+01  2.16455e+02
324   9  8.49125e+20          nan  1.58018e+04  1.22450e+04  4.82978e+02 -6.76025e-03  2.00000e+04  8.82722e+01  2.17773e+02
325  10  9.49306e+20          nan  1.65179e+04  1.12584e+04  4.47476e+02 -1.92006e-07  2.00000e+04  8.81705e+01  2.14278e+02
326  10  9.55156e+20          nan  1.62921e+04  1.15830e+04  4.52989e+02 -5.97300e-10  2.00000e+04  8.81863e+01  2.15411e+02
327  11  1.05713e+21          nan  1.66118e+04  1.11185e+04  4.32327e+02 -1.58136e-07  2.00000e+04  8.81270e+01  2.13795e+02
328  10  9.66912e+20          nan  1.64186e+04  1.14028e+04  4.48517e+02 -2.01372e-08  2.00000e+04  8.81734e+01  2.14780e+02
329  10  9.72817e+20          nan  1.60880e+04  1.18659e+04  4.72276e+02 -3.81251e-09  2.00000e+04  8.82415e+01  2.16411e+02
330  12  1.17449e+21          nan  1.64757e+04  1.13193e+04  4.35022e+02 -2.16072e-08  2.00000e+04  8.81348e+01  2.14490e+02
331  10  9.84681e+20          nan  1.63986e+04  1.14314e+04  4.47605e+02 -2.97540e-10  2.00000e+04  8.81708e+01  2.14880e+02
332  13  1.28783e+21          nan  1.67414e+04  1.09224e+04  4.31656e+02  0.00000e+00  2.00000e+04  8.81251e+01  2.13121e+02
333   8  7.97293e+20          nan  1.65768e+04  1.11717e+04  4.53166e+02 -5.37666e-05  2.00000e+04  8.81868e+01  2.13977e+02
334  10  1.00261e+21          nan  1.63721e+04  1.14689e+04  4.40103e+02 -1.52849e-05  2.00000e+04  8.81493e+01  2.15012e+02
335  12  1.21035e+21          nan  1.63941e+04  1.14378e+04  4.44942e+02 -4.22490e-05  2.00000e+04  8.81632e+01  2.14903e+02
336  10  1.01465e+21          nan  1.60655e+04  1.18958e+04  4.62337e+02 -3.12155e-03  2.00000e+04  8.82130e+01  2.16518e+02
337  10  1.02070e+21          nan  1.64185e+04  1.14029e+04  4.48668e+02 -7.49356e-06  2.00000e+04  8.81739e+01  2.14781e+02
338  12  1.23212e+21          nan  1.63887e+04  1.14454e+04  4.42371e+02 -4.44089e-12  2.00000e+04  8.81558e+01  2.14929e+02
339  10  1.03285e+21          nan  1.63588e+04  1.14879e+04  4.38523e+02 -4.56302e-09  2.00000e+04  8.81448e+01  2.15078e+02
340   9  9.35061e+20          nan  1.61312e+04  1.18064e+04  4.59514e+02 -1.95399e-09  2.00000e+04  8.82050e+01  2.16200e+02
341  10  1.04508e+21          nan  1.60880e+04  1.18659e+04  4.72380e+02 -5.35252e-07  2.00000e+04  8.82418e+01  2.16411e+02
342  10  1.05122e+21          nan  1.64125e+04  1.14115e+04  4.46125e+02 -2.30926e-10  2.00000e+04  8.81666e+01  2.14811e+02
343  12  1.26885e+21          nan  1.65950e+04  1.11445e+04  4.48890e+02 -2.60866e-06  2.00000e+04  8.81745e+01  2.13884e+02
344  13  1.38261e+21          nan  1.65645e+04  1.11891e+04  4.37083e+02 -5.85532e-09  2.00000e+04  8.81407e+01  2.14039e+02
345  10  1.06974e+21          nan  1.61908e+04  1.17247e+04  4.62647e+02 -2.44449e-08  2.00000e+04  8.82139e+01  2.15910e+02
346   9  9.68354e+20          nan  1.61674e+04  1.17567e+04  4.56963e+02 -3.68594e-10  2.00000e+04  8.81976e+01  2.16024e+02
347  12  1.29861e+21          nan  1.63940e+04  1.14379e+04  4.44790e+02  0.00000e+00  2.00000e+04  8.81628e+01  2.14903e+02
348  10  1.08842e+21          nan  1.60880e+04  1.18658e+04  4.72142e+02 -1.39286e-05  2.00000e+04  8.82412e+01  2.16411e+02
349  12  1.31363e+21          nan  1.63940e+04  1.14380e+04  4.44816e+02 -3.54936e-05  2.00000e+04  8.81628e+01  2.14903e+02
350  10  1.10097e+21          nan  1.60681e+04  1.18924e+04  4.62905e+02 -1.68141e-07  2.00000e+04  8.82147e+01  2.16506e+02
351  10  1.10727e+21          nan  1.67217e+04  1.09517e+04  4.18299e+02 -4.10783e-10  2.00000e+04  8.80868e+01  2.13222e+02
352  11  1.22495e+21          nan  1.62887e+04  1.15873e+04  4.45233e+02 -1.90735e-02  2.00000e+04  8.81640e+01  2.15427e+02
353  11  1.23192e+21          nan  1.62988e+04  1.15735e+04  4.52193e+02 -6.71476e-07  2.00000e+04  8.81840e+01  2.15378e+02
354  10  1.12628e+21          nan  1.64051e+04  1.14216e+04  4.38232e+02 -3.02561e-03  2.00000e+04  8.81440e+01  2.14847e+02
355  10  1.13265e+21          nan  1.61729e+04  1.17490e+04  4.53244e+02 -8.10374e-08  2.00000e+04  8.81870e+01  2.15997e+02
356  11  1.25295e+21          nan  1.62009e+04  1.17107e+04  4.60262e+02 -2.49853e-05  2.00000e+04  8.82071e+01  2.15861e+02
357  12  1.37454e+21          nan  1.63940e+04  1.14379e+04  4.46107e+02 -2.66454e-11  2.00000e+04  8.81665e+01  2.14903e+02
358  11  1.26706e+21          nan  1.67202e+04  1.09548e+04  4.33520e+02 -4.74065e-09  2.00000e+04  8.81304e+01  2.13232e+02
359  12  1.38998e+21          nan  1.63935e+04  1.14387e+04  4.44770e+02 -2.66587e-08  2.00000e+04  8.81627e+01  2.14906e+02
360  10  1.16478e+21          nan  1.60880e+04  1.18659e+04  4.72189e+02 -1.35980e-08  2.00000e+04  8.82413e+01  2.16411e+02
361   9  1.05414e+21          nan  1.66620e+04  1.10430e+04  4.31739e+02 -7.41629e-10  2.00000e+04  8.81253e+01  2.13535e+02
362  12  1.41331e+21          nan  1.63940e+04  1.14379e+04  4.44479e+02 -3.77476e-11  2.00000e+04  8.81619e+01  2.14903e+02
363  10  1.18428e+21          nan  1.60878e+04  1.18659e+04  4.65499e+02 -1.90842e-06  2.00000e+04  8.82221e+01  2.16411e+02
364   9  1.07173e+21          nan  1.61674e+04  1.17567e+04  4.56868e+02 -3.93907e-09  2.00000e+04  8.81974e+01  2.16024e+02
365   9  1.07763e+21          nan  1.58018e+04  1.22450e+04  4.82633e+02 -3.83984e-07  2.00000e+04  8.82712e+01  2.17773e+02
366  12  1.44472e+21          nan  1.63940e+04  1.14379e+04  4.44744e+02 -2.22045e-12  2.00000e+04  8.81626e+01  2.14903e+02
367  10  1.21052e+21          nan  1.60422e+04  1.19270e+04  4.58306e+02  0.00000e+00  2.00000e+04  8.82015e+01  2.16630e+02
368  13  1.58226e+21          nan  1.65645e+04  1.11892e+04  4.36914e+02 -1.64313e-10  2.00000e+04  8.81402e+01  2.14039e+02
369  10  1.22375e+21          nan  1.64186e+04  1.14028e+04  4.48622e+02 -1.11244e-08  2.00000e+04  8.81737e+01  2.14780e+02
370   9  1.10735e+21          nan  1.61931e+04  1.17225e+04  4.78448e+02  0.00000e+00  2.00000e+04  8.82592e+01  2.15901e+02
371  11  1.36076e+21          nan  1.64979e+04  1.12866e+04  4.30076e+02 -3.55689e-07  2.00000e+04  8.81206e+01  2.14377e+02
372  11  1.36810e+21          nan  1.62009e+04  1.17106e+04  4.60391e+02 -4.05231e-09  2.00000e+04  8.82075e+01  2.15861e+02
