0  13  7.81059e-04
1  11  1.47104e-04
2  10  1.35899e-04
3  10  1.23262e-04
4  11  2.47002e-04
5  11  1.31845e-04
6  10  1.14202e-04
7  11  1.08004e-04
8  10  1.20163e-04
9  11  1.13249e-04
10  10  9.89437e-05
11  11  1.12057e-04
12  12  1.02997e-04
13   9  1.03951e-04
14  11  1.02043e-04
15   9  9.79900e-05
16  10  9.58443e-05
17   7  8.89301e-05
18  12  1.02997e-04
19  11  1.01805e-04
20  11  2.50101e-04
21   8  1.81913e-04
22  12  1.22786e-04
23   9  1.09911e-04
24  10  9.89437e-05
25  11  1.04189e-04
26  10  1.78814e-04
27  11  1.32799e-04
28  10  1.19925e-04
29  11  1.07050e-04
30  13  1.06096e-04
31  11  1.04189e-04
32   8  9.39369e-05
33  12  1.01328e-04
34  12  9.82285e-05
35   9  9.10759e-05
36  10  1.02758e-04
37  13  9.89437e-05
38  10  1.70946e-04
39   9  1.54972e-04
40  11  1.51873e-04
41  12  1.26123e-04
42  12  1.64986e-04
43  11  1.23262e-04
44  11  1.08004e-04
45  10  9.89437e-05
46  13  1.04904e-04
47  10  9.89437e-05
48  11  1.03951e-04
49   9  9.48906e-05
50  10  9.79900e-05
51  13  1.05143e-04
52  13  9.79900e-05
53   9  9.79900e-05
54  10  9.79900e-05
55  12  9.82285e-05
56  10  2.77042e-04
57  11  1.32799e-04
58  12  1.13010e-04
59   9  1.08957e-04
60  11  1.04904e-04
61  12  1.03951e-04
62  10  1.00136e-04
63   9  9.60827e-05
64  10  1.32084e-04
65   9  1.24216e-04
66  12  1.03951e-04
67  12  1.03235e-04
68  11  1.00851e-04
69  10  1.02997e-04
70  10  9.67979e-05
71  11  9.98974e-05
72  12  1.05143e-04
73  11  1.08242e-04
74  13  9.89437e-05
75   9  1.00136e-04
76  10  9.20296e-05
77  11  1.23024e-04
78  11  1.20878e-04
79   8  9.91821e-05
80  12  1.02043e-04
81   7  9.79900e-05
82  11  1.02282e-04
83  13  9.82285e-05
84  10  9.10759e-05
85  11  9.58443e-05
86  11  9.58443e-05
87   9  9.89437e-05
88   9  9.89437e-05
89  10  9.48906e-05
90   9  9.79900e-05
91  11  1.00851e-04
92  11  1.02997e-04
93   7  9.08375e-05
94  12  2.87056e-04
95  11  1.37806e-04
96  12  1.08242e-04
97  11  1.94788e-04
98  10  9.17912e-05
99  10  1.20163e-04
100  11  1.02758e-04
101  11  9.58443e-05
102  12  9.39369e-05
103  12  1.73807e-04
104  10  1.52826e-04
105  10  3.66211e-04
106  12  1.23978e-04
107  11  1.15871e-04
108  11  1.23978e-04
109  10  1.06812e-04
110  12  1.05858e-04
111  12  9.91821e-05
112  12  9.82285e-05
113  11  9.67979e-05
114   9  9.01222e-05
115  11  9.79900e-05
116  11  1.02997e-04
117  12  9.89437e-05
118  11  9.58443e-05
119  11  1.08004e-04
120  10  1.19209e-04
121  10  9.79900e-05
122  10  3.40915e-03
123  13  2.26021e-04
124  12  1.32990e-03
125  10  1.84774e-04
126  12  1.22070e-04
127   8  1.05858e-04
128  10  1.00136e-04
129   8  1.03712e-04
130  10  9.39369e-05
131  11  1.00851e-04
132  13  9.89437e-05
133  11  9.77516e-05
134  12  9.79900e-05
135  10  9.20296e-05
136  13  9.48906e-05
137  11  9.51290e-05
138  11  9.91821e-05
139   9  9.51290e-05
140   9  9.39369e-05
141  10  9.44138e-05
142  10  8.70228e-05
143  13  9.29117e-04
144   9  1.66893e-04
145  12  1.54972e-04
146  14  1.83821e-04
147  11  1.11818e-04
148  11  1.04904e-04
149  13  9.79900e-05
150  10  9.17912e-05
151  11  9.29832e-05
152   9  8.48770e-05
153   9  2.05040e-04
154  11  1.51157e-04
155  11  1.18971e-04
156  12  1.25885e-04
157   9  1.85966e-04
158   9  1.20878e-04
159  13  1.02997e-04
160  11  9.70364e-05
161  12  1.52111e-04
162  15  1.66178e-04
163  12  1.82867e-04
164  11  1.24216e-04
165  10  1.52111e-04
166  10  1.28984e-04
167  12  1.35899e-04
168  12  1.35899e-04
169   8  1.64986e-04
170  11  1.16825e-04
171   9  1.38044e-04
172  11  1.13726e-04
173  10  1.12057e-04
174  11  1.10865e-04
175  12  1.23262e-04
176   8  1.01805e-04
177  10  9.70364e-05
178  10  1.04189e-04
179  13  9.70364e-05
180  10  1.51873e-04
181  11  1.13964e-04
182   9  9.91821e-05
183  12  1.98126e-04
184  13  1.11103e-04
185  10  1.09196e-04
186  11  9.79900e-05
187  12  9.29832e-05
188  11  9.79900e-05
189  11  9.89437e-05
190  11  9.70364e-05
191  12  9.70364e-05
192  13  9.79900e-05
193  12  1.02043e-04
194   9  8.98838e-05
195  10  9.48906e-05
196  11  1.93381e-03
197  11  1.67370e-04
198  11  1.03951e-04
199  12  1.02997e-04
200  11  9.91821e-05
201   9  1.01089e-04
202   7  9.10759e-05
203  11  2.13861e-04
204  10  1.10149e-04
205  11  1.05143e-04
206  11  1.03235e-04
207   9  9.41753e-05
208  10  9.32217e-05
209  10  9.89437e-05
210   8  9.60827e-05
211  12  2.03848e-04
212  11  3.05891e-04
213  12  1.43290e-04
214  11  1.24931e-04
215  12  1.08004e-04
216  12  8.87871e-04
217   9  1.79291e-04
218  13  1.08719e-04
219   9  1.11103e-04
220  11  9.48906e-05
221  12  3.09920e-03
222  13  2.31981e-04
223  11  7.15017e-04
224  13  1.61171e-04
225  13  1.05143e-04
226  12  1.81913e-04
227  11  1.10626e-04
228  11  2.19345e-04
229  13  1.28984e-04
230  11  1.70946e-04
231  12  1.20163e-04
232  11  1.03712e-04
233  11  1.05858e-04
234  11  9.39369e-05
235  10  9.48906e-05
236  10  9.70364e-05
237  12  1.01089e-04
238  13  9.17912e-05
239  10  9.51290e-05
240  13  4.51112e-03
241  10  2.32935e-04
242  10  1.06096e-04
243  13  1.02997e-04
244  11  1.01805e-04
245  10  9.41753e-05
246  10  1.08719e-04
247  10  1.00851e-04
248  12  9.79900e-05
249  10  9.17912e-05
250  11  9.79900e-05
251  12  9.70364e-05
252  10  9.32217e-05
253  11  9.48906e-05
254   9  8.29697e-05
255  13  9.48906e-05
256   8  9.60112e-04
257  12  1.32084e-04
258  11  9.70364e-05
259  10  8.79765e-05
260  10  9.29832e-05
261  11  9.60827e-05
262  12  9.01222e-05
263  11  9.48906e-05
264  13  9.98974e-05
265  11  9.08375e-05
266  10  9.48906e-05
267  12  9.67979e-05
268   9  9.70364e-05
269  10  1.81913e-04
270  10  3.13997e-04
271  12  1.54972e-04
272  10  1.22070e-04
273   9  1.01089e-04
274  12  9.79900e-05
275  12  1.09196e-04
276  12  1.00136e-04
277   9  9.91821e-05
278  10  9.58443e-05
279  12  9.60827e-05
280  11  1.68324e-04
281  12  2.81096e-04
282  11  1.28984e-04
283   7  1.44005e-04
284  10  1.04904e-04
285  11  1.69039e-04
286   9  1.77860e-04
287  12  1.44958e-04
288  10  1.31130e-04
289   9  2.20299e-04
290  12  1.13010e-04
291   9  1.10865e-04
292  10  2.47717e-04
293   9  1.24931e-04
294   9  1.01328e-04
295  10  9.98974e-05
296  11  9.70364e-05
297  10  1.00851e-04
298  10  9.13143e-05
299  11  9.48906e-05
300  11  9.39369e-05
301  12  9.39369e-05
302  11  9.60827e-05
303  10  9.58443e-05
304   7  9.70364e-05
305  11  9.91821e-05
306  11  9.79900e-05
307  10  1.01089e-04
308  12  9.79900e-05
309  11  1.03951e-04
310  13  9.48906e-05
311  11  9.32217e-05
312  10  9.29832e-05
313  11  1.55401e-03
314  11  1.21117e-04
315  11  1.01089e-04
316  10  9.58443e-05
317   9  9.79900e-05
318  10  9.79900e-05
319  11  9.89437e-05
320  11  9.70364e-05
321  10  1.02282e-04
322  11  1.04189e-04
323  10  9.39369e-05
324   9  9.29832e-05
325  10  9.10759e-05
326  10  9.60827e-05
327  11  2.78592e-03
328  10  2.30312e-04
329  10  1.21832e-04
330  12  1.06096e-04
331  10  1.01089e-04
332  13  1.02282e-04
333   8  9.32217e-05
334  10  6.33001e-04
335  12  3.40939e-04
336  10  1.94073e-04
337  10  1.12057e-04
338  12  4.18901e-04
339  10  1.64986e-04
340   9  9.70364e-05
341  10  9.48906e-05
342  10  9.79900e-05
343  12  9.51290e-05
344  13  1.08242e-04
345  10  9.48906e-05
346   9  9.20296e-05
347  12  9.32217e-05
348  10  8.98838e-05
349  12  9.41753e-05
350  10  9.60827e-05
351  10  9.27448e-05
352  11  9.79900e-05
353  11  9.58443e-05
354  10  9.08375e-05
355  10  9.32217e-05
356  11  9.58443e-05
357  12  9.70364e-05
358  11  9.32217e-05
359  12  9.29832e-05
360  10  9.41753e-05
361   9  9.08375e-05
362  12  9.48906e-05
363  10  9.29832e-05
364   9  9.10759e-05
365   9  1.02997e-04
366  12  9.58443e-05
367  10  1.04904e-04
368  13  9.20296e-05
369  10  9.27448e-05
370   9  9.79900e-05
371  11  8.82149e-05
372  11  9.60827e-05
0  13  3.46088e-03
1  11  2.20299e-04
2  10  2.06232e-04
3  10  1.14202e-04
4  11  1.14202e-04
5  11  1.06096e-04
6  10  1.05858e-04
7  11  1.02997e-04
8  10  1.14918e-04
9  11  1.12057e-04
10  10  9.79900e-05
11  11  1.13964e-04
12  12  1.05143e-04
13   9  1.03235e-04
14  11  9.89437e-05
15   9  9.70364e-05
16  10  9.60827e-05
17   7  8.60691e-05
18  12  9.58443e-05
19  11  9.79900e-05
20  11  9.17912e-05
21   8  1.05143e-04
22  12  9.60827e-05
23   9  9.60827e-05
24  10  9.10759e-05
25  11  9.67979e-05
26  10  1.00136e-04
27  11  9.89437e-05
28  10  1.09673e-04
29  11  9.58443e-05
30  13  9.77516e-05
31  11  9.89437e-05
32   8  9.08375e-05
33  12  9.89437e-05
34  12  9.39369e-05
35   9  8.98838e-05
36  10  9.79900e-05
37  13  1.05858e-04
38  10  9.13143e-05
39   9  9.98974e-05
40  11  1.02997e-04
41  12  9.79900e-05
42  12  9.48906e-05
43  11  9.70364e-05
44  11  9.79900e-05
45  10  8.79765e-05
46  13  9.89437e-05
47  10  9.51290e-05
48  11  1.00136e-04
49   9  2.21968e-04
50  10  1.22309e-04
51  13  1.10149e-04
52  13  1.00136e-04
53   9  1.02282e-04
54  10  1.05858e-04
55  12  1.87874e-04
56  10  1.09196e-04
57  11  1.10865e-04
58  12  1.03951e-04
59   9  1.01089e-04
60  11  1.03951e-04
61  12  1.03235e-04
62  10  9.89437e-05
63   9  9.51290e-05
64  10  1.08004e-04
65   9  1.07050e-04
66  12  9.91821e-05
67  12  9.89437e-05
68  11  9.91821e-05
69  10  1.02997e-04
70  10  9.79900e-05
71  11  9.91821e-05
72  12  9.39369e-05
73  11  1.03951e-04
74  13  9.70364e-05
75   9  9.70364e-05
76  10  9.39369e-05
77  11  9.58443e-05
78  11  1.04904e-04
79   8  8.98838e-05
80  12  9.89437e-05
81   7  9.29832e-05
82  11  9.98974e-05
83  13  9.48906e-05
84  10  9.13143e-05
85  11  9.48906e-05
86  11  9.39369e-05
87   9  9.70364e-05
88   9  9.89437e-05
89  10  9.89437e-05
90   9  9.77516e-05
91  11  9.89437e-05
92  11  1.00136e-04
93   7  8.98838e-05
94  12  1.11103e-04
95  11  9.41753e-05
96  12  9.44138e-05
97  11  1.84059e-04
98  10  9.79900e-05
99  10  8.79765e-05
100  11  9.98974e-05
101  11  1.06812e-04
102  12  9.58443e-05
103  12  9.98974e-05
104  10  9.20296e-05
105  10  9.70364e-05
106  12  1.10865e-04
107  11  9.70364e-05
108  11  1.17064e-04
109  10  1.61886e-04
110  12  8.02994e-04
111  12  1.98841e-04
112  12  1.03951e-04
113  11  2.30312e-04
114   9  1.14918e-04
115  11  2.24829e-04
116  11  1.38116e-03
117  12  1.87159e-04
118  11  2.22921e-04
119  11  1.31130e-04
120  10  1.21832e-04
121  10  1.05143e-04
122  10  1.08004e-04
123  13  1.07050e-04
124  12  1.00136e-04
125  10  8.86917e-05
126  12  1.33753e-04
127   8  2.59161e-04
128  10  2.35081e-04
129   8  1.74999e-04
130  10  1.13249e-04
131  11  1.09673e-04
132  13  1.03235e-04
133  11  3.82900e-04
134  12  1.59979e-04
135  10  2.41756e-04
136  13  1.33753e-04
137  11  1.05858e-04
138  11  1.03951e-04
139   9  1.59979e-04
140   9  9.79900e-05
141  10  9.60827e-05
142  10  9.20296e-05
143  13  9.89437e-05
144   9  9.32217e-05
145  12  1.13964e-04
146  14  3.80993e-04
147  11  3.90053e-04
148  11  1.59025e-04
149  13  1.43051e-04
150  10  9.70364e-05
151  11  9.48906e-05
152   9  8.91685e-05
153   9  8.89301e-05
154  11  9.89437e-05
155  11  1.02043e-04
156  12  9.60827e-05
157   9  7.98702e-05
158   9  9.70364e-05
159  13  2.26974e-04
160  11  1.49012e-04
161  12  1.31130e-04
162  15  1.78814e-04
163  12  1.17064e-04
164  11  1.11103e-04
165  10  9.58443e-05
166  10  9.82285e-05
167  12  1.00136e-04
168  12  3.52859e-04
169   8  5.81026e-04
170  11  1.39952e-04
171   9  1.11818e-04
172  11  1.09196e-04
173  10  3.86000e-04
174  11  1.40905e-04
175  12  1.65939e-04
176   8  1.23262e-04
177  10  1.38044e-04
178  10  2.19107e-04
179  13  1.33038e-04
180  10  1.09196e-04
181  11  1.03235e-04
182   9  1.34230e-04
183  12  1.62125e-04
184  13  1.09673e-04
185  10  1.09911e-04
186  11  9.79900e-05
187  12  1.07050e-04
188  11  2.49147e-04
189  11  1.42813e-04
190  11  1.13964e-04
191  12  1.59025e-04
192  13  1.69992e-04
193  12  2.72751e-04
194   9  1.49965e-04
195  10  1.13964e-04
196  11  2.57969e-04
197  11  1.10865e-04
198  11  1.92881e-04
199  12  1.07050e-04
200  11  1.06812e-04
201   9  1.00136e-04
202   7  9.60827e-05
203  11  3.19004e-04
204  10  2.99215e-04
205  11  1.26839e-04
206  11  1.97887e-04
207   9  1.39952e-04
208  10  9.70364e-05
209  10  1.07050e-04
210   8  9.70364e-05
211  12  1.00851e-04
212  11  9.98974e-05
213  12  9.20296e-05
214  11  1.72138e-04
215  12  1.20163e-04
216  12  1.44243e-04
217   9  2.75373e-04
218  13  2.72989e-04
219   9  2.59161e-04
220  11  2.52008e-04
221  12  3.16858e-04
222  13  2.81096e-04
223  11  1.51157e-04
224  13  1.11103e-04
225  13  9.87053e-05
226  12  1.02997e-04
227  11  9.70364e-05
228  11  9.79900e-05
229  13  1.02282e-04
230  11  1.01089e-04
231  12  1.34945e-04
232  11  1.79052e-04
233  11  2.36988e-04
234  11  1.45912e-04
235  10  1.53780e-04
236  10  1.14918e-04
237  12  1.69039e-04
238  13  1.18017e-04
239  10  2.12908e-04
240  13  1.88112e-04
241  10  1.14918e-04
242  10  3.86953e-04
243  13  1.26123e-04
244  11  1.23978e-04
245  10  9.70364e-05
246  10  1.20163e-04
247  10  1.03235e-04
248  12  1.03951e-04
249  10  9.70364e-05
250  11  1.02043e-04
251  12  1.01089e-04
252  10  9.89437e-05
253  11  2.05040e-04
254   9  1.13964e-04
255  13  1.06096e-04
256   8  1.15871e-04
257  12  2.14815e-04
258  11  1.14918e-04
259  10  9.58443e-05
260  10  9.96590e-05
261  11  1.00136e-04
262  12  9.48906e-05
263  11  2.45094e-04
264  13  1.84059e-04
265  11  1.08957e-04
266  10  1.84059e-04
267  12  1.29938e-04
268   9  1.02758e-04
269  10  9.29832e-05
270  10  9.91821e-05
271  12  9.60827e-05
272  10  1.00851e-04
273   9  9.60827e-05
274  12  9.70364e-05
275  12  9.79900e-05
276  12  9.70364e-05
277   9  9.89437e-05
278  10  9.70364e-05
279  12  9.70364e-05
280  11  9.79900e-05
281  12  9.29832e-05
282  11  9.77516e-05
283   7  9.79900e-05
284  10  9.29832e-05
285  11  9.70364e-05
286   9  1.05143e-04
287  12  9.70364e-05
288  10  9.20296e-05
289   9  9.58443e-05
290  12  9.77516e-05
291   9  3.91006e-04
292  10  2.50816e-04
293   9  1.58787e-04
294   9  1.14918e-04
295  10  1.02043e-04
296  11  9.98974e-05
297  10  1.92165e-04
298  10  1.18017e-04
299  11  1.03235e-04
300  11  2.77758e-04
301  12  1.20878e-04
302  11  4.43220e-04
303  10  2.08855e-04
304   7  1.77860e-04
305  11  2.88010e-04
306  11  2.42949e-04
307  10  1.67847e-04
308  12  1.08004e-04
309  11  1.08242e-04
310  13  9.70364e-05
311  11  9.60827e-05
312  10  9.58443e-05
313  11  2.09093e-04
314  11  1.07050e-04
315  11  9.70364e-05
316  10  9.70364e-05
317   9  9.60827e-05
318  10  9.91821e-05
319  11  9.70364e-05
320  11  9.58443e-05
321  10  1.02997e-04
322  11  1.05381e-04
323  10  9.17912e-05
324   9  9.39369e-05
325  10  9.10759e-05
326  10  9.51290e-05
327  11  1.01805e-04
328  10  8.67844e-05
329  10  8.98838e-05
330  12  2.29120e-04
331  10  2.89679e-04
332  13  1.28031e-04
333   8  9.60827e-05
334  10  9.70364e-05
335  12  9.65595e-05
336  10  9.60827e-05
337  10  9.20296e-05
338  12  9.60827e-05
339  10  9.48906e-05
340   9  8.51154e-05
341  10  8.98838e-05
342  10  9.60827e-05
343  12  1.02043e-04
344  13  9.29832e-05
345  10  9.17912e-05
346   9  9.01222e-05
347  12  9.17912e-05
348  10  1.03951e-04
349  12  9.20296e-05
350  10  9.70364e-05
351  10  9.27448e-05
352  11  9.91821e-05
353  11  9.58443e-05
354  10  9.10759e-05
355  10  9.29832e-05
356  11  9.70364e-05
357  12  9.82285e-05
358  11  1.02758e-04
359  12  9.39369e-05
360  10  9.08375e-05
361   9  9.01222e-05
362  12  9.48906e-05
363  10  9.29832e-05
364   9  8.89301e-05
365   9  9.29832e-05
366  12  9.70364e-05
367  10  1.07050e-04
368  13  9.08375e-05
369  10  2.31743e-04
370   9  1.19686e-04
371  11  1.01089e-04
372  11  4.36068e-04
0  13  3.49975e-03
1  11  2.42949e-04
2  10  1.69039e-04
3  10  4.20094e-04
4  11  3.65973e-04
5  11  3.55721e-04
6  10  3.70026e-04
7  11  3.50952e-04
8  10  1.54972e-04
9  11  1.46866e-04
10  10  2.77281e-04
11  11  4.20809e-04
12  12  4.23908e-04
13   9  3.58105e-04
14  11  3.90053e-04
15   9  3.64065e-04
16  10  9.37939e-04
17   7  4.25816e-04
18  12  1.97172e-04
19  11  1.41144e-04
20  11  1.42813e-04
21   8  1.49012e-04
22  12  1.34945e-04
23   9  1.33276e-04
24  10  1.28031e-04
25  11  1.33038e-04
26  10  1.35899e-04
27  11  1.28984e-04
28  10  1.41144e-04
29  11  1.36137e-04
30  13  1.28031e-04
31  11  1.20163e-04
32   8  1.11818e-04
33  12  1.15871e-04
34  12  1.28746e-04
35   9  1.19686e-04
36  10  1.29938e-04
37  13  1.20878e-04
38  10  1.16825e-04
39   9  1.42097e-04
40  11  1.42097e-04
41  12  1.35899e-04
42  12  1.34945e-04
43  11  1.37091e-04
44  11  1.38998e-04
45  10  1.28031e-04
46  13  1.33991e-04
47  10  1.97387e-03
48  11  2.29836e-04
49   9  1.96218e-04
50  10  1.78337e-04
51  13  1.55926e-04
52  13  1.40905e-04
53   9  1.32799e-04
54  10  1.38998e-04
55  12  1.34945e-04
56  10  1.30177e-04
57  11  1.42097e-04
58  12  3.98159e-04
59   9  1.99080e-04
60  11  1.51157e-04
61  12  1.47820e-04
62  10  1.44243e-04
63   9  1.32084e-04
64  10  1.38044e-04
65   9  1.45197e-04
66  12  1.20163e-04
67  12  1.18971e-04
68  11  1.30177e-04
69  10  1.45197e-04
70  10  1.28984e-04
71  11  1.35899e-04
72  12  1.35899e-04
73  11  1.34945e-04
74  13  1.33276e-04
75   9  1.26839e-04
76  10  1.25885e-04
77  11  1.33038e-04
78  11  1.31130e-04
79   8  1.13726e-04
80  12  1.36375e-04
81   7  1.25885e-04
82  11  1.20640e-04
83  13  1.18017e-04
84  10  1.09911e-04
85  11  1.18971e-04
86  11  1.25170e-04
87   9  1.13010e-04
88   9  1.24931e-04
89  10  1.68395e-03
90   9  2.00033e-04
91  11  1.31845e-04
92  11  1.33991e-04
93   7  1.49012e-04
94  12  1.65224e-04
95  11  1.44243e-04
96  12  1.40905e-04
97  11  2.23875e-04
98  10  1.37091e-04
99  10  1.27077e-04
100  11  1.34945e-04
101  11  1.19925e-04
102  12  6.67095e-04
103  12  1.84774e-04
104  10  1.07050e-04
105  10  1.00136e-04
106  12  9.82285e-05
107  11  9.89437e-05
108  11  1.05858e-04
109  10  9.87053e-05
110  12  1.03951e-04
111  12  9.39369e-05
112  12  9.48906e-05
113  11  9.39369e-05
114   9  8.89301e-05
115  11  9.70364e-05
116  11  1.12057e-04
117  12  9.87053e-05
118  11  9.91821e-05
119  11  1.01805e-04
120  10  1.06096e-04
121  10  9.51290e-05
122  10  1.03235e-04
123  13  9.89437e-05
124  12  9.51290e-05
125  10  8.70228e-05
126  12  9.60827e-05
127   8  9.10759e-05
128  10  9.17912e-05
129   8  2.32220e-04
130  10  1.21117e-04
131  11  1.36137e-04
132  13  1.12057e-04
133  11  1.53780e-04
134  12  1.43290e-04
135  10  1.05858e-04
136  13  1.03951e-04
137  11  1.01805e-04
138  11  1.02997e-04
139   9  9.98974e-05
140   9  9.58443e-05
141  10  9.91821e-05
142  10  9.22680e-05
143  13  9.87053e-05
144   9  9.58443e-05
145  12  1.00851e-04
146  14  1.01328e-04
147  11  1.00136e-04
148  11  1.02997e-04
149  13  9.98974e-05
150  10  1.02997e-04
151  11  9.60827e-05
152   9  8.60691e-05
153   9  9.01222e-05
154  11  9.79900e-05
155  11  9.79900e-05
156  12  9.60827e-05
157   9  7.89165e-05
158   9  9.60827e-05
159  13  9.89437e-05
160  11  9.60827e-05
161  12  9.87053e-05
162  15  9.77516e-05
163  12  9.51290e-05
164  11  1.01328e-04
165  10  9.48906e-05
166  10  8.86917e-05
167  12  9.77516e-05
168  12  9.70364e-05
169   8  9.70364e-05
170  11  9.29832e-05
171   9  9.60827e-05
172  11  1.01805e-04
173  10  1.04189e-04
174  11  9.20296e-05
175  12  1.05143e-04
176   8  9.32217e-05
177  10  9.32217e-05
178  10  1.00136e-04
179  13  9.32217e-05
180  10  9.91821e-05
181  11  9.29832e-05
182   9  8.41618e-05
183  12  9.89437e-05
184  13  1.00136e-04
185  10  1.13010e-04
186  11  9.48906e-05
187  12  8.89301e-05
188  11  9.58443e-05
189  11  9.79900e-05
190  11  9.39369e-05
191  12  1.87874e-04
192  13  1.62125e-04
193  12  1.29938e-04
194   9  1.05143e-04
195  10  1.03951e-04
196  11  1.10626e-04
197  11  1.01805e-04
198  11  9.41753e-05
199  12  9.70364e-05
200  11  1.95265e-04
201   9  1.07050e-04
202   7  9.39369e-05
203  11  1.85013e-04
204  10  1.10626e-04
205  11  1.13010e-04
206  11  1.04904e-04
207   9  9.39369e-05
208  10  9.39369e-05
209  10  1.00136e-04
210   8  9.39369e-05
211  12  9.48906e-05
212  11  9.70364e-05
213  12  9.01222e-05
214  11  9.20296e-05
215  12  9.70364e-05
216  12  1.01805e-04
217   9  1.09911e-04
218  13  9.32217e-05
219   9  1.11103e-04
220  11  9.70364e-05
221  12  9.91821e-05
222  13  1.00136e-04
223  11  9.20296e-05
224  13  8.98838e-05
225  13  8.79765e-05
226  12  9.17912e-05
227  11  8.79765e-05
228  11  9.29832e-05
229  13  9.51290e-05
230  11  8.89301e-05
231  12  9.60827e-05
232  11  9.79900e-05
233  11  9.60827e-05
234  11  9.29832e-05
235  10  9.48906e-05
236  10  9.82285e-05
237  12  9.79900e-05
238  13  9.39369e-05
239  10  9.70364e-05
240  13  9.60827e-05
241  10  9.13143e-05
242  10  9.79900e-05
243  13  9.79900e-05
244  11  1.01089e-04
245  10  9.60827e-05
246  10  1.08957e-04
247  10  1.04189e-04
248  12  1.00851e-04
249  10  9.32217e-05
250  11  9.79900e-05
251  12  1.02043e-04
252  10  9.29832e-05
253  11  9.48906e-05
254   9  8.29697e-05
255  13  9.48906e-05
256   8  2.02894e-04
257  12  1.74761e-04
258  11  1.18017e-04
259  10  9.98974e-05
260  10  1.04904e-04
261  11  1.47820e-04
262  12  1.23978e-04
263  11  1.08957e-04
264  13  1.03235e-04
265  11  9.51290e-05
266  10  1.02282e-04
267  12  1.02282e-04
268   9  9.89437e-05
269  10  9.01222e-05
270  10  9.82285e-05
271  12  9.70364e-05
272  10  1.00851e-04
273   9  9.67979e-05
274  12  1.01328e-04
275  12  1.00136e-04
276  12  9.67979e-05
277   9  1.02282e-04
278  10  9.87053e-05
279  12  9.79900e-05
280  11  9.51290e-05
281  12  9.41753e-05
282  11  1.03951e-04
283   7  9.67979e-05
284  10  9.20296e-05
285  11  9.70364e-05
286   9  1.03951e-04
287  12  9.70364e-05
288  10  9.29832e-05
289   9  9.48906e-05
290  12  9.70364e-05
291   9  9.48906e-05
292  10  9.29832e-05
293   9  1.09911e-04
294   9  9.60827e-05
295  10  9.60827e-05
296  11  9.70364e-05
297  10  9.87053e-05
298  10  9.08375e-05
299  11  9.51290e-05
300  11  9.22680e-05
301  12  9.39369e-05
302  11  9.58443e-05
303  10  9.60827e-05
304   7  9.48906e-05
305  11  9.79900e-05
306  11  9.48906e-05
307  10  9.89437e-05
308  12  9.48906e-05
309  11  1.03235e-04
310  13  9.32217e-05
311  11  9.32217e-05
312  10  9.32217e-05
313  11  7.64132e-04
314  11  1.05858e-04
315  11  9.60827e-05
316  10  9.44138e-05
317   9  9.32217e-05
318  10  9.39369e-05
319  11  9.39369e-05
320  11  9.82285e-05
321  10  9.98974e-05
322  11  1.01805e-04
323  10  9.20296e-05
324   9  9.22680e-05
325  10  9.01222e-05
326  10  9.60827e-05
327  11  9.10759e-05
328  10  8.89301e-05
329  10  8.91685e-05
330  12  9.32217e-05
331  10  9.39369e-05
332  13  9.70364e-05
333   8  8.89301e-05
334  10  9.41753e-05
335  12  9.39369e-05
336  10  9.29832e-05
337  10  9.01222e-05
338  12  9.39369e-05
339  10  9.53674e-05
340   9  9.01222e-05
341  10  9.01222e-05
342  10  9.41753e-05
343  12  9.10759e-05
344  13  9.08375e-05
345  10  9.22680e-05
346   9  8.91685e-05
347  12  9.20296e-05
348  10  8.79765e-05
349  12  9.22680e-05
350  10  9.48906e-05
351  10  9.17912e-05
352  11  1.05858e-04
353  11  9.48906e-05
354  10  8.89301e-05
355  10  9.29832e-05
356  11  9.48906e-05
357  12  1.02997e-04
358  11  9.20296e-05
359  12  9.20296e-05
360  10  8.86917e-05
361   9  8.91685e-05
362  12  9.70364e-05
363  10  9.27448e-05
364   9  8.98838e-05
365   9  9.20296e-05
366  12  9.27448e-05
367  10  1.03951e-04
368  13  9.01222e-05
369  10  8.77380e-05
370   9  9.58443e-05
371  11  8.70228e-05
372  11  9.51290e-05
0  13  8.02994e-04
1  11  1.73092e-04
2  10  1.23262e-04
3  10  1.04904e-04
4  11  2.08139e-04
5  11  1.23978e-04
6  10  1.09911e-04
7  11  1.07050e-04
8  10  1.09196e-04
9  11  1.08719e-04
10  10  9.70364e-05
11  11  1.10149e-04
12  12  1.00851e-04
13   9  1.03951e-04
14  11  9.98974e-05
15   9  9.70364e-05
16  10  9.67979e-05
17   7  8.86917e-05
18  12  9.91821e-05
19  11  9.58443e-05
20  11  8.98838e-05
21   8  1.05858e-04
22  12  1.00136e-04
23   9  9.60827e-05
24  10  9.20296e-05
25  11  9.48906e-05
26  10  1.02043e-04
27  11  9.91821e-05
28  10  1.02758e-04
29  11  9.48906e-05
30  13  9.51290e-05
31  11  9.70364e-05
32   8  9.10759e-05
33  12  1.05143e-04
34  12  9.51290e-05
35   9  9.13143e-05
36  10  1.02758e-04
37  13  9.79900e-05
38  10  9.10759e-05
39   9  1.01089e-04
40  11  1.03951e-04
41  12  9.60827e-05
42  12  9.70364e-05
43  11  9.87053e-05
44  11  9.82285e-05
45  10  9.51290e-05
46  13  9.89437e-05
47  10  9.51290e-05
48  11  1.01089e-04
49   9  9.29832e-05
50  10  9.82285e-05
51  13  9.91821e-05
52  13  9.41753e-05
53   9  9.58443e-05
54  10  9.70364e-05
55  12  9.39369e-05
56  10  9.39369e-05
57  11  1.02997e-04
58  12  9.70364e-05
59   9  9.17912e-05
60  11  9.48906e-05
61  12  1.76191e-04
62  10  1.80960e-04
63   9  1.45197e-04
64  10  1.18017e-04
65   9  1.15871e-04
66  12  1.04904e-04
67  12  1.22786e-04
68  11  1.55210e-04
69  10  1.28984e-04
70  10  1.08957e-04
71  11  1.10865e-04
72  12  1.05858e-04
73  11  1.69992e-04
74  13  1.18971e-04
75   9  1.07050e-04
76  10  1.01089e-04
77  11  1.04904e-04
78  11  1.02997e-04
79   8  9.58443e-05
80  12  1.02043e-04
81   7  9.39369e-05
82  11  1.04904e-04
83  13  9.82285e-05
84  10  8.91685e-05
85  11  9.70364e-05
86  11  9.60827e-05
87   9  1.01805e-04
88   9  9.58443e-05
89  10  9.48906e-05
90   9  9.82285e-05
91  11  9.70364e-05
92  11  1.00136e-04
93   7  8.79765e-05
94  12  1.02997e-04
95  11  9.60827e-05
96  12  9.48906e-05
97  11  1.69992e-04
98  10  9.48906e-05
99  10  8.60691e-05
100  11  9.79900e-05
101  11  9.58443e-05
102  12  9.48906e-05
103  12  9.79900e-05
104  10  9.29832e-05
105  10  9.48906e-05
106  12  9.67979e-05
107  11  9.70364e-05
108  11  1.07050e-04
109  10  9.98974e-05
110  12  1.05858e-04
111  12  9.39369e-05
112  12  9.60827e-05
113  11  9.48906e-05
114   9  8.79765e-05
115  11  9.70364e-05
116  11  1.01805e-04
117  12  9.70364e-05
118  11  9.39369e-05
119  11  1.02997e-04
120  10  1.06096e-04
121  10  9.48906e-05
122  10  1.01805e-04
123  13  1.01089e-04
124  12  9.77516e-05
125  10  8.79765e-05
126  12  1.00136e-04
127   8  9.32217e-05
128  10  9.29832e-05
129   8  1.00136e-04
130  10  2.23160e-04
131  11  1.76907e-04
132  13  1.22070e-04
133  11  1.10865e-04
134  12  1.19925e-04
135  10  1.23978e-04
136  13  1.07050e-04
137  11  1.02043e-04
138  11  1.03951e-04
139   9  1.01805e-04
140   9  2.05040e-04
141  10  1.22070e-04
142  10  1.02997e-04
143  13  1.69992e-04
144   9  1.11818e-04
145  12  1.01805e-04
146  14  1.03951e-04
147  11  1.10149e-04
148  11  1.02043e-04
149  13  9.79900e-05
150  10  9.10759e-05
151  11  9.20296e-05
152   9  8.79765e-05
153   9  9.10759e-05
154  11  1.00136e-04
155  11  9.60827e-05
156  12  9.39369e-05
157   9  7.82013e-05
158   9  1.23978e-04
159  13  1.07050e-04
160  11  1.02043e-04
161  12  9.79900e-05
162  15  1.03951e-04
163  12  9.87053e-05
164  11  1.02043e-04
165  10  1.08719e-04
166  10  9.08375e-05
167  12  1.40190e-04
168  12  1.19686e-04
169   8  1.12057e-04
170  11  1.08957e-04
171   9  1.59979e-04
172  11  1.08719e-04
173  10  1.07050e-04
174  11  9.70364e-05
175  12  1.04904e-04
176   8  9.79900e-05
177  10  9.39369e-05
178  10  1.05143e-04
179  13  9.32217e-05
180  10  1.03951e-04
181  11  9.51290e-05
182   9  8.08239e-05
183  12  1.00851e-04
184  13  9.79900e-05
185  10  1.05381e-04
186  11  1.68800e-04
187  12  1.03951e-04
188  11  1.29938e-04
189  11  1.07765e-04
190  11  1.02997e-04
191  12  1.00851e-04
192  13  1.00851e-04
193  12  1.07050e-04
194   9  9.29832e-05
195  10  1.09673e-04
196  11  9.89437e-05
197  11  9.91821e-05
198  11  9.48906e-05
199  12  1.00136e-04
200  11  9.65595e-05
201   9  9.98974e-05
202   7  9.22680e-05
203  11  1.87874e-04
204  10  1.14202e-04
205  11  1.03951e-04
206  11  1.00851e-04
207   9  1.00136e-04
208  10  9.39369e-05
209  10  1.06096e-04
210   8  9.70364e-05
211  12  9.98974e-05
212  11  1.02997e-04
213  12  9.29832e-05
214  11  9.39369e-05
215  12  9.60827e-05
216  12  2.40088e-04
217   9  1.51157e-04
218  13  1.71900e-04
219   9  1.78814e-04
220  11  1.23262e-04
221  12  1.11818e-04
222  13  1.03951e-04
223  11  1.03951e-04
224  13  1.05143e-04
225  13  9.70364e-05
226  12  1.83105e-04
227  11  1.18017e-04
228  11  1.00851e-04
229  13  1.00136e-04
230  11  1.61886e-04
231  12  1.23978e-04
232  11  1.07050e-04
233  11  1.10149e-04
234  11  9.79900e-05
235  10  1.18971e-04
236  10  1.09196e-04
237  12  1.03235e-04
238  13  9.87053e-05
239  10  1.15871e-04
240  13  1.08957e-04
241  10  9.82285e-05
242  10  9.77516e-05
243  13  9.91821e-05
244  11  9.96590e-05
245  10  1.19925e-04
246  10  1.20878e-04
247  10  1.23978e-04
248  12  1.02997e-04
249  10  9.48906e-05
250  11  1.03235e-04
251  12  9.96590e-05
252  10  9.70364e-05
253  11  9.82285e-05
254   9  8.39233e-05
255  13  9.91821e-05
256   8  8.70228e-05
257  12  9.91821e-05
258  11  9.79900e-05
259  10  8.82149e-05
260  10  9.29832e-05
261  11  9.79900e-05
262  12  9.39369e-05
263  11  9.87053e-05
264  13  9.87053e-05
265  11  9.39369e-05
266  10  9.89437e-05
267  12  9.82285e-05
268   9  9.77516e-05
269  10  9.10759e-05
270  10  1.05858e-04
271  12  9.58443e-05
272  10  1.01089e-04
273   9  9.89437e-05
274  12  9.48906e-05
275  12  9.70364e-05
276  12  9.70364e-05
277   9  9.98974e-05
278  10  9.70364e-05
279  12  9.70364e-05
280  11  9.70364e-05
281  12  9.60827e-05
282  11  9.48906e-05
283   7  9.48906e-05
284  10  9.10759e-05
285  11  9.48906e-05
286   9  1.03951e-04
287  12  1.00136e-04
288  10  2.15054e-04
289   9  1.32799e-04
290  12  1.10865e-04
291   9  1.21117e-04
292  10  1.04904e-04
293   9  1.17064e-04
294   9  1.00136e-04
295  10  1.00851e-04
296  11  1.05381e-04
297  10  1.03951e-04
298  10  9.60827e-05
299  11  9.79900e-05
300  11  9.89437e-05
301  12  9.79900e-05
302  11  1.22070e-04
303  10  1.08004e-04
304   7  1.67847e-04
305  11  1.11818e-04
306  11  1.04904e-04
307  10  1.06096e-04
308  12  1.00851e-04
309  11  1.08004e-04
310  13  9.70364e-05
311  11  9.58443e-05
312  10  9.70364e-05
313  11  6.41108e-04
314  11  1.01805e-04
315  11  9.82285e-05
316  10  9.48906e-05
317   9  9.60827e-05
318  10  9.79900e-05
319  11  1.05143e-04
320  11  9.79900e-05
321  10  1.02282e-04
322  11  1.03951e-04
323  10  1.76907e-04
324   9  1.13010e-04
325  10  1.07050e-04
326  10  1.02758e-04
327  11  1.17064e-04
328  10  9.20296e-05
329  10  9.39369e-05
330  12  9.79900e-05
331  10  9.70364e-05
332  13  1.02997e-04
333   8  9.08375e-05
334  10  9.96590e-05
335  12  9.60827e-05
336  10  9.48906e-05
337  10  9.29832e-05
338  12  9.89437e-05
339  10  1.02043e-04
340   9  9.20296e-05
341  10  9.39369e-05
342  10  9.91821e-05
343  12  9.70364e-05
344  13  9.70364e-05
345  10  1.97887e-04
346   9  1.67847e-04
347  12  1.17064e-04
348  10  1.01089e-04
349  12  1.00136e-04
350  10  1.01805e-04
351  10  9.98974e-05
352  11  1.04904e-04
353  11  9.79900e-05
354  10  1.04904e-04
355  10  9.70364e-05
356  11  9.87053e-05
357  12  9.91821e-05
358  11  9.89437e-05
359  12  9.60827e-05
360  10  9.29832e-05
361   9  9.39369e-05
362  12  1.01089e-04
363  10  9.48906e-05
364   9  1.01089e-04
365   9  9.51290e-05
366  12  9.60827e-05
367  10  1.07050e-04
368  13  1.65939e-04
369  10  1.07050e-04
370   9  1.00851e-04
371  11  9.08375e-05
372  11  9.70364e-05
0  13  9.78231e-04
1  11  1.51873e-04
2  10  1.16825e-04
3  10  9.89437e-05
4  11  1.19925e-04
5  11  1.07050e-04
6  10  2.05994e-04
7  11  1.23978e-04
8  10  1.16110e-04
9  11  1.14918e-04
10  10  1.00851e-04
11  11  1.11103e-04
12  12  1.01805e-04
13   9  1.05143e-04
14  11  9.89437e-05
15   9  9.79900e-05
16  10  9.70364e-05
17   7  8.86917e-05
18  12  9.87053e-05
19  11  1.00136e-04
20  11  9.70364e-05
21   8  1.04904e-04
22  12  9.79900e-05
23   9  9.51290e-05
24  10  9.08375e-05
25  11  1.01089e-04
26  10  9.98974e-05
27  11  9.82285e-05
28  10  1.02997e-04
29  11  9.48906e-05
30  13  9.70364e-05
31  11  9.79900e-05
32   8  9.10759e-05
33  12  9.89437e-05
34  12  9.70364e-05
35   9  8.98838e-05
36  10  1.01089e-04
37  13  9.91821e-05
38  10  9.32217e-05
39   9  1.01089e-04
40  11  1.02282e-04
41  12  9.70364e-05
42  12  9.29832e-05
43  11  9.70364e-05
44  11  9.70364e-05
45  10  1.65939e-04
46  13  1.54018e-04
47  10  1.17064e-04
48  11  1.13249e-04
49   9  9.91821e-05
50  10  9.89437e-05
51  13  9.82285e-05
52  13  9.82285e-05
53   9  1.18971e-04
54  10  1.00136e-04
55  12  9.60827e-05
56  10  9.20296e-05
57  11  1.02997e-04
58  12  9.79900e-05
59   9  9.22680e-05
60  11  9.79900e-05
61  12  9.60827e-05
62  10  9.51290e-05
63   9  9.29832e-05
64  10  9.70364e-05
65   9  1.04189e-04
66  12  9.70364e-05
67  12  9.70364e-05
68  11  9.70364e-05
69  10  1.02043e-04
70  10  9.29832e-05
71  11  9.70364e-05
72  12  9.48906e-05
73  11  1.04189e-04
74  13  9.60827e-05
75   9  9.70364e-05
76  10  9.27448e-05
77  11  9.79900e-05
78  11  9.89437e-05
79   8  9.08375e-05
80  12  9.67979e-05
81   7  9.51290e-05
82  11  9.67979e-05
83  13  9.39369e-05
84  10  8.91685e-05
85  11  9.41753e-05
86  11  9.39369e-05
87   9  9.67979e-05
88   9  9.41753e-05
89  10  9.39369e-05
90   9  9.58443e-05
91  11  9.60827e-05
92  11  1.00136e-04
93   7  8.70228e-05
94  12  9.87053e-05
95  11  9.48906e-05
96  12  9.39369e-05
97  11  1.69754e-04
98  10  9.20296e-05
99  10  8.32081e-05
100  11  9.65595e-05
101  11  9.41753e-05
102  12  9.48906e-05
103  12  9.70364e-05
104  10  2.16007e-04
105  10  1.05858e-04
106  12  1.00851e-04
107  11  9.89437e-05
108  11  1.08242e-04
109  10  9.89437e-05
110  12  1.90973e-04
111  12  1.08719e-04
112  12  9.70364e-05
113  11  9.51290e-05
114   9  9.20296e-05
115  11  1.79052e-04
116  11  1.32084e-04
117  12  1.13010e-04
118  11  1.08004e-04
119  11  1.12057e-04
120  10  1.16110e-04
121  10  1.03235e-04
122  10  1.12295e-04
123  13  1.03951e-04
124  12  1.02043e-04
125  10  9.29832e-05
126  12  9.77516e-05
127   8  9.89437e-05
128  10  8.98838e-05
129   8  9.70364e-05
130  10  9.17912e-05
131  11  1.02043e-04
132  13  9.48906e-05
133  11  9.79900e-05
134  12  9.79900e-05
135  10  8.86917e-05
136  13  9.77516e-05
137  11  9.79900e-05
138  11  9.89437e-05
139   9  9.48906e-05
140   9  9.67979e-05
141  10  9.48906e-05
142  10  8.89301e-05
143  13  9.70364e-05
144   9  9.10759e-05
145  12  9.79900e-05
146  14  9.48906e-05
147  11  9.70364e-05
148  11  9.89437e-05
149  13  9.70364e-05
150  10  8.89301e-05
151  11  9.22680e-05
152   9  8.70228e-05
153   9  8.91685e-05
154  11  9.67979e-05
155  11  9.60827e-05
156  12  9.70364e-05
157   9  7.70092e-05
158   9  9.39369e-05
159  13  9.29832e-05
160  11  9.39369e-05
161  12  9.39369e-05
162  15  9.67979e-05
163  12  9.79900e-05
164  11  9.98974e-05
165  10  9.01222e-05
166  10  9.32217e-05
167  12  9.70364e-05
168  12  9.39369e-05
169   8  9.60827e-05
170  11  9.39369e-05
171   9  9.48906e-05
172  11  9.91821e-05
173  10  2.60830e-04
174  11  1.18971e-04
175  12  1.13249e-04
176   8  1.46151e-04
177  10  1.10149e-04
178  10  1.10149e-04
179  13  9.70364e-05
180  10  1.01089e-04
181  11  9.70364e-05
182   9  8.48770e-05
183  12  1.01805e-04
184  13  9.82285e-05
185  10  1.06096e-04
186  11  9.22680e-05
187  12  8.91685e-05
188  11  9.41753e-05
189  11  9.48906e-05
190  11  9.27448e-05
191  12  4.71115e-04
192  13  3.56674e-04
193  12  1.61171e-04
194   9  9.89437e-05
195  10  1.10865e-04
196  11  1.00851e-04
197  11  1.75953e-04
198  11  1.46866e-04
199  12  1.94788e-04
200  11  1.69992e-04
201   9  1.12295e-04
202   7  9.60827e-05
203  11  1.97887e-04
204  10  1.13964e-04
205  11  1.02997e-04
206  11  9.91821e-05
207   9  9.20296e-05
208  10  9.22680e-05
209  10  9.58443e-05
210   8  9.39369e-05
211  12  9.58443e-05
212  11  9.48906e-05
213  12  8.70228e-05
214  11  8.79765e-05
215  12  9.10759e-05
216  12  9.60827e-05
217   9  1.03951e-04
218  13  9.17912e-05
219   9  1.03951e-04
220  11  2.77996e-04
221  12  1.23262e-04
222  13  1.03951e-04
223  11  9.70364e-05
224  13  9.91821e-05
225  13  9.48906e-05
226  12  9.77516e-05
227  11  9.29832e-05
228  11  9.60827e-05
229  13  9.53674e-05
230  11  9.17912e-05
231  12  9.51290e-05
232  11  9.39369e-05
233  11  9.39369e-05
234  11  8.82149e-05
235  10  9.13143e-05
236  10  9.39369e-05
237  12  9.32217e-05
238  13  9.10759e-05
239  10  9.29832e-05
240  13  9.20296e-05
241  10  8.91685e-05
242  10  8.60691e-05
243  13  9.29832e-05
244  11  9.39369e-05
245  10  8.82149e-05
246  10  1.02997e-04
247  10  9.60827e-05
248  12  9.70364e-05
249  10  8.86917e-05
250  11  9.39369e-05
251  12  9.48906e-05
252  10  9.20296e-05
253  11  9.10759e-05
254   9  7.82013e-05
255  13  9.20296e-05
256   8  8.20160e-05
257  12  9.41753e-05
258  11  9.08375e-05
259  10  8.60691e-05
260  10  9.01222e-05
261  11  9.39369e-05
262  12  8.89301e-05
263  11  9.39369e-05
264  13  9.48906e-05
265  11  8.89301e-05
266  10  9.39369e-05
267  12  9.51290e-05
268   9  9.48906e-05
269  10  8.77380e-05
270  10  9.48906e-05
271  12  9.27448e-05
272  10  9.79900e-05
273   9  9.39369e-05
274  12  9.39369e-05
275  12  9.58443e-05
276  12  9.82285e-05
277   9  9.70364e-05
278  10  9.39369e-05
279  12  9.29832e-05
280  11  9.39369e-05
281  12  8.98838e-05
282  11  9.39369e-05
283   7  9.32217e-05
284  10  8.98838e-05
285  11  9.51290e-05
286   9  1.01805e-04
287  12  9.48906e-05
288  10  8.98838e-05
289   9  9.29832e-05
290  12  9.82285e-05
291   9  9.32217e-05
292  10  9.20296e-05
293   9  1.06096e-04
294   9  9.41753e-05
295  10  9.48906e-05
296  11  2.21252e-04
297  10  2.21968e-04
298  10  1.42813e-04
299  11  2.00272e-04
300  11  1.12772e-04
301  12  1.02043e-04
302  11  9.96590e-05
303  10  9.91821e-05
304   7  9.60827e-05
305  11  9.98974e-05
306  11  9.70364e-05
307  10  9.70364e-05
308  12  9.67979e-05
309  11  1.03951e-04
310  13  1.01805e-04
311  11  9.27448e-05
312  10  9.29832e-05
313  11  7.49111e-04
314  11  1.03951e-04
315  11  9.48906e-05
316  10  8.96454e-05
317   9  9.29832e-05
318  10  9.58443e-05
319  11  9.58443e-05
320  11  9.48906e-05
321  10  9.89437e-05
322  11  1.00851e-04
323  10  9.22680e-05
324   9  9.32217e-05
325  10  9.13143e-05
326  10  9.51290e-05
327  11  9.10759e-05
328  10  8.67844e-05
329  10  8.91685e-05
330  12  9.39369e-05
331  10  9.39369e-05
332  13  9.91821e-05
333   8  8.98838e-05
334  10  9.91821e-05
335  12  9.60827e-05
336  10  9.17912e-05
337  10  8.91685e-05
338  12  9.48906e-05
339  10  9.39369e-05
340   9  8.51154e-05
341  10  8.91685e-05
342  10  9.39369e-05
343  12  9.10759e-05
344  13  9.10759e-05
345  10  9.20296e-05
346   9  8.89301e-05
347  12  9.29832e-05
348  10  8.89301e-05
349  12  9.10759e-05
350  10  9.39369e-05
351  10  1.38998e-04
352  11  1.10865e-04
353  11  9.91821e-05
354  10  9.10759e-05
355  10  9.41753e-05
356  11  9.60827e-05
357  12  9.58443e-05
358  11  9.41753e-05
359  12  9.79900e-05
360  10  9.01222e-05
361   9  8.98838e-05
362  12  9.48906e-05
363  10  9.29832e-05
364   9  9.01222e-05
365   9  9.22680e-05
366  12  9.39369e-05
367  10  1.04904e-04
368  13  9.01222e-05
369  10  9.10759e-05
370   9  9.89437e-05
371  11  8.58307e-05
372  11  9.48906e-05
0  13  8.63075e-04
1  11  2.17199e-04
2  10  2.96831e-04
3  10  1.54734e-04
4  11  1.46151e-04
5  11  1.52111e-04
6  10  1.42097e-04
7  11  1.44720e-04
8  10  1.33753e-04
9  11  1.37091e-04
10  10  1.27792e-04
11  11  1.51873e-04
12  12  1.28984e-04
13   9  1.43766e-04
14  11  1.32084e-04
15   9  1.38998e-04
16  10  3.27182e-03
17   7  4.77076e-04
18  12  3.70026e-04
19  11  4.70161e-04
20  11  8.30173e-04
21   8  4.39882e-04
22  12  3.63827e-04
23   9  3.80993e-04
24  10  4.06027e-04
25  11  1.66893e-04
26  10  1.18971e-04
27  11  1.01089e-04
28  10  1.00851e-04
29  11  4.89950e-04
30  13  3.65019e-04
31  11  3.56197e-04
32   8  3.39031e-04
33  12  1.20878e-04
34  12  9.91821e-05
35   9  9.51290e-05
36  10  2.12908e-04
37  13  1.23024e-04
38  10  1.07050e-04
39   9  1.08242e-04
40  11  1.08004e-04
41  12  1.02997e-04
42  12  9.91821e-05
43  11  9.98974e-05
44  11  1.00851e-04
45  10  9.17912e-05
46  13  1.00851e-04
47  10  9.58443e-05
48  11  1.02043e-04
49   9  9.41753e-05
50  10  9.89437e-05
51  13  9.87053e-05
52  13  2.06947e-04
53   9  1.55210e-04
54  10  1.02043e-04
55  12  9.70364e-05
56  10  9.39369e-05
57  11  1.05143e-04
58  12  1.00136e-04
59   9  9.48906e-05
60  11  9.79900e-05
61  12  9.82285e-05
62  10  9.48906e-05
63   9  9.29832e-05
64  10  9.70364e-05
65   9  1.06335e-04
66  12  9.82285e-05
67  12  1.54972e-04
68  11  1.20878e-04
69  10  1.11818e-04
70  10  1.07050e-04
71  11  1.35899e-04
72  12  1.80006e-04
73  11  1.23024e-04
74  13  9.89437e-05
75   9  1.10149e-04
76  10  9.79900e-05
77  11  1.03951e-04
78  11  1.53065e-04
79   8  1.21117e-04
80  12  1.11103e-04
81   7  9.79900e-05
82  11  1.01805e-04
83  13  9.70364e-05
84  10  9.41753e-05
85  11  9.67979e-05
86  11  9.79900e-05
87   9  1.03951e-04
88   9  9.70364e-05
89  10  9.60827e-05
90   9  9.98974e-05
91  11  9.96590e-05
92  11  1.00851e-04
93   7  8.98838e-05
94  12  1.07050e-04
95  11  9.58443e-05
96  12  9.48906e-05
97  11  1.79291e-04
98  10  9.70364e-05
99  10  8.70228e-05
100  11  9.79900e-05
101  11  9.48906e-05
102  12  9.51290e-05
103  12  9.67979e-05
104  10  9.29832e-05
105  10  9.51290e-05
106  12  9.77516e-05
107  11  9.70364e-05
108  11  2.51055e-04
109  10  1.28031e-04
110  12  1.15156e-04
111  12  1.44958e-04
112  12  1.18017e-04
113  11  1.05143e-04
114   9  9.29832e-05
115  11  1.02282e-04
116  11  1.18971e-04
117  12  1.07050e-04
118  11  1.00851e-04
119  11  1.10149e-04
120  10  1.36137e-04
121  10  1.02758e-04
122  10  1.08004e-04
123  13  1.04904e-04
124  12  9.60827e-05
125  10  8.91685e-05
126  12  1.00136e-04
127   8  9.39369e-05
128  10  9.29832e-05
129   8  9.67979e-05
130  10  9.51290e-05
131  11  1.90973e-04
132  13  1.14918e-04
133  11  1.06096e-04
134  12  1.26123e-04
135  10  9.82285e-05
136  13  9.70364e-05
137  11  9.60827e-05
138  11  1.00851e-04
139   9  9.70364e-05
140   9  9.58443e-05
141  10  9.60827e-05
142  10  9.08375e-05
143  13  9.79900e-05
144   9  9.39369e-05
145  12  9.79900e-05
146  14  9.77516e-05
147  11  9.82285e-05
148  11  1.00136e-04
149  13  9.79900e-05
150  10  8.79765e-05
151  11  9.29832e-05
152   9  8.91685e-05
153   9  1.75238e-04
154  11  1.23024e-04
155  11  1.07050e-04
156  12  1.01805e-04
157   9  1.03712e-04
158   9  1.07050e-04
159  13  1.51157e-04
160  11  1.16110e-04
161  12  1.10149e-04
162  15  1.08004e-04
163  12  1.02997e-04
164  11  1.05858e-04
165  10  9.44138e-05
166  10  9.70364e-05
167  12  1.01089e-04
168  12  9.89437e-05
169   8  9.82285e-05
170  11  9.39369e-05
171   9  1.26839e-04
172  11  1.65224e-04
173  10  1.16110e-04
174  11  1.01805e-04
175  12  1.07050e-04
176   8  9.48906e-05
177  10  9.60827e-05
178  10  1.00136e-04
179  13  9.27448e-05
180  10  9.89437e-05
181  11  9.51290e-05
182   9  1.18017e-04
183  12  1.20878e-04
184  13  1.18017e-04
185  10  1.12057e-04
186  11  1.01089e-04
187  12  9.58443e-05
188  11  9.79900e-05
189  11  9.91821e-05
190  11  9.58443e-05
191  12  1.18017e-04
192  13  1.06812e-04
193  12  1.10865e-04
194   9  9.29832e-05
195  10  9.79900e-05
196  11  9.89437e-05
197  11  1.28984e-04
198  11  9.79900e-05
199  12  9.91821e-05
200  11  9.96590e-05
201   9  1.18017e-04
202   7  9.60827e-05
203  11  1.94073e-04
204  10  1.12057e-04
205  11  1.04904e-04
206  11  1.01089e-04
207   9  1.26123e-04
208  10  1.02997e-04
209  10  1.09911e-04
210   8  1.00136e-04
211  12  1.02043e-04
212  11  1.01089e-04
213  12  9.27448e-05
214  11  9.32217e-05
215  12  9.91821e-05
216  12  1.00136e-04
217   9  1.13964e-04
218  13  9.91821e-05
219   9  1.08957e-04
220  11  9.60827e-05
221  12  9.91821e-05
222  13  9.79900e-05
223  11  9.51290e-05
224  13  9.70364e-05
225  13  9.48906e-05
226  12  2.03848e-04
227  11  1.17064e-04
228  11  1.04189e-04
229  13  1.35183e-04
230  11  1.03951e-04
231  12  1.04904e-04
232  11  1.02282e-04
233  11  9.98974e-05
234  11  9.48906e-05
235  10  9.89437e-05
236  10  9.91821e-05
237  12  1.01328e-04
238  13  9.58443e-05
239  10  9.89437e-05
240  13  9.79900e-05
241  10  9.39369e-05
242  10  9.17912e-05
243  13  9.77516e-05
244  11  1.01089e-04
245  10  9.39369e-05
246  10  1.07050e-04
247  10  1.01805e-04
248  12  9.79900e-05
249  10  9.17912e-05
250  11  9.70364e-05
251  12  9.91821e-05
252  10  9.60827e-05
253  11  9.48906e-05
254   9  8.29697e-05
255  13  9.48906e-05
256   8  8.70228e-05
257  12  9.91821e-05
258  11  9.58443e-05
259  10  2.42233e-04
260  10  1.28031e-04
261  11  1.06096e-04
262  12  9.48906e-05
263  11  9.98974e-05
264  13  1.05858e-04
265  11  9.60827e-05
266  10  1.01089e-04
267  12  1.00851e-04
268   9  1.02997e-04
269  10  9.41753e-05
270  10  1.00136e-04
271  12  1.01805e-04
272  10  1.02997e-04
273   9  1.00136e-04
274  12  1.74046e-04
275  12  1.17064e-04
276  12  1.08004e-04
277   9  1.07050e-04
278  10  1.23024e-04
279  12  1.03951e-04
280  11  1.00851e-04
281  12  9.51290e-05
282  11  1.00136e-04
283   7  9.60827e-05
284  10  9.48906e-05
285  11  9.79900e-05
286   9  1.06096e-04
287  12  9.87053e-05
288  10  9.91821e-05
289   9  9.70364e-05
290  12  1.02043e-04
291   9  9.51290e-05
292  10  9.17912e-05
293   9  1.09673e-04
294   9  9.70364e-05
295  10  9.98974e-05
296  11  9.87053e-05
297  10  1.01805e-04
298  10  9.29832e-05
299  11  9.79900e-05
300  11  9.70364e-05
301  12  9.79900e-05
302  11  9.91821e-05
303  10  9.98974e-05
304   7  9.98974e-05
305  11  1.00136e-04
306  11  9.79900e-05
307  10  1.00136e-04
308  12  9.70364e-05
309  11  1.07050e-04
310  13  9.70364e-05
311  11  9.58443e-05
312  10  9.70364e-05
313  11  9.33170e-04
314  11  1.07765e-04
315  11  9.70364e-05
316  10  9.32217e-05
317   9  9.48906e-05
318  10  1.00851e-04
319  11  9.67979e-05
320  11  9.70364e-05
321  10  1.02758e-04
322  11  1.07050e-04
323  10  9.48906e-05
324   9  1.96218e-04
325  10  1.41144e-04
326  10  1.10149e-04
327  11  1.00851e-04
328  10  9.70364e-05
329  10  9.48906e-05
330  12  9.79900e-05
331  10  9.87053e-05
332  13  1.00136e-04
333   8  1.18017e-04
334  10  1.14918e-04
335  12  1.06335e-04
336  10  9.79900e-05
337  10  1.29223e-04
338  12  1.33038e-04
339  10  1.73092e-04
340   9  9.98974e-05
341  10  9.91821e-05
342  10  1.01089e-04
343  12  9.60827e-05
344  13  9.70364e-05
345  10  9.51290e-05
346   9  9.39369e-05
347  12  9.60827e-05
348  10  9.39369e-05
349  12  1.01089e-04
350  10  9.89437e-05
351  10  9.89437e-05
352  11  1.02997e-04
353  11  9.29832e-05
354  10  9.10759e-05
355  10  9.70364e-05
356  11  1.01328e-04
357  12  9.89437e-05
358  11  1.54734e-04
359  12  1.38998e-04
360  10  1.09196e-04
361   9  9.51290e-05
362  12  9.51290e-05
363  10  9.29832e-05
364   9  1.01805e-04
365   9  9.51290e-05
366  12  9.70364e-05
367  10  1.08242e-04
368  13  9.41753e-05
369  10  9.22680e-05
370   9  9.89437e-05
371  11  8.70228e-05
372  11  9.70364e-05
0  13  1.04690e-03
1  11  2.07186e-04
2  10  1.24931e-04
3  10  1.02043e-04
4  11  1.07050e-04
5  11  2.07901e-04
6  10  1.22309e-04
7  11  1.09911e-04
8  10  1.10149e-04
9  11  1.10865e-04
10  10  9.91821e-05
11  11  1.10149e-04
12  12  1.02282e-04
13   9  1.04189e-04
14  11  1.00136e-04
15   9  9.53674e-05
16  10  9.67979e-05
17   7  8.91685e-05
18  12  9.98974e-05
19  11  9.87053e-05
20  11  9.60827e-05
21   8  1.04904e-04
22  12  1.00136e-04
23   9  1.04189e-04
24  10  9.01222e-05
25  11  9.79900e-05
26  10  1.00851e-04
27  11  9.51290e-05
28  10  1.00851e-04
29  11  9.70364e-05
30  13  9.77516e-05
31  11  9.89437e-05
32   8  8.91685e-05
33  12  9.70364e-05
34  12  1.74761e-04
35   9  1.24216e-04
36  10  1.08719e-04
37  13  1.08719e-04
38  10  9.29832e-05
39   9  1.01805e-04
40  11  1.07050e-04
41  12  2.12193e-04
42  12  1.23262e-04
43  11  1.10865e-04
44  11  1.05143e-04
45  10  1.15156e-04
46  13  1.09911e-04
47  10  1.02997e-04
48  11  1.06096e-04
49   9  9.70364e-05
50  10  9.89437e-05
51  13  1.57833e-04
52  13  1.03951e-04
53   9  9.98974e-05
54  10  9.79900e-05
55  12  9.70364e-05
56  10  9.27448e-05
57  11  1.05858e-04
58  12  9.91821e-05
59   9  9.27448e-05
60  11  9.77516e-05
61  12  9.67979e-05
62  10  9.60827e-05
63   9  9.22680e-05
64  10  9.82285e-05
65   9  1.37806e-04
66  12  1.04189e-04
67  12  1.00136e-04
68  11  1.02043e-04
69  10  1.59025e-04
70  10  9.91821e-05
71  11  9.79900e-05
72  12  9.48906e-05
73  11  1.01805e-04
74  13  9.39369e-05
75   9  9.60827e-05
76  10  9.29832e-05
77  11  1.90973e-04
78  11  1.28984e-04
79   8  1.06096e-04
80  12  1.08719e-04
81   7  1.00136e-04
82  11  1.00851e-04
83  13  9.91821e-05
84  10  9.29832e-05
85  11  9.60827e-05
86  11  9.70364e-05
87   9  1.01805e-04
88   9  9.58443e-05
89  10  9.39369e-05
90   9  9.89437e-05
91  11  9.89437e-05
92  11  1.00851e-04
93   7  8.82149e-05
94  12  1.03951e-04
95  11  9.60827e-05
96  12  8.67844e-05
97  11  1.83821e-04
98  10  9.60827e-05
99  10  8.70228e-05
100  11  9.60827e-05
101  11  9.63211e-05
102  12  9.48906e-05
103  12  9.77516e-05
104  10  9.29832e-05
105  10  9.48906e-05
106  12  9.79900e-05
107  11  9.70364e-05
108  11  1.07050e-04
109  10  9.87053e-05
110  12  1.02043e-04
111  12  9.39369e-05
112  12  9.44138e-05
113  11  9.60827e-05
114   9  8.79765e-05
115  11  9.70364e-05
116  11  1.03235e-04
117  12  9.91821e-05
118  11  9.58443e-05
119  11  1.03951e-04
120  10  1.09196e-04
121  10  9.89437e-05
122  10  1.01089e-04
123  13  1.00851e-04
124  12  9.70364e-05
125  10  8.82149e-05
126  12  9.70364e-05
127   8  9.29832e-05
128  10  9.98974e-05
129   8  9.77516e-05
130  10  9.20296e-05
131  11  1.00851e-04
132  13  9.79900e-05
133  11  9.70364e-05
134  12  9.58443e-05
135  10  9.10759e-05
136  13  9.39369e-05
137  11  9.48906e-05
138  11  1.03712e-04
139   9  9.51290e-05
140   9  9.41753e-05
141  10  9.77516e-05
142  10  8.89301e-05
143  13  9.60827e-05
144   9  9.10759e-05
145  12  9.89437e-05
146  14  9.41753e-05
147  11  2.25067e-04
148  11  1.33038e-04
149  13  1.08004e-04
150  10  9.39369e-05
151  11  9.51290e-05
152   9  1.95026e-04
153   9  1.28031e-04
154  11  1.16110e-04
155  11  1.08004e-04
156  12  1.04904e-04
157   9  8.41618e-05
158   9  9.96590e-05
159  13  1.01089e-04
160  11  9.91821e-05
161  12  9.79900e-05
162  15  1.09196e-04
163  12  1.08242e-04
164  11  1.03951e-04
165  10  9.41753e-05
166  10  9.39369e-05
167  12  1.04904e-04
168  12  9.91821e-05
169   8  9.41753e-05
170  11  9.58443e-05
171   9  9.51290e-05
172  11  1.01089e-04
173  10  1.06096e-04
174  11  9.51290e-05
175  12  1.01805e-04
176   8  9.60827e-05
177  10  9.39369e-05
178  10  1.01089e-04
179  13  9.32217e-05
180  10  9.79900e-05
181  11  9.48906e-05
182   9  8.01086e-05
183  12  1.01089e-04
184  13  9.77516e-05
185  10  1.48058e-04
186  11  1.99795e-04
187  12  1.14202e-04
188  11  1.07050e-04
189  11  1.17064e-04
190  11  2.07186e-04
191  12  1.42813e-04
192  13  1.58072e-04
193  12  1.51873e-04
194   9  1.06096e-04
195  10  1.02758e-04
196  11  1.01805e-04
197  11  9.96590e-05
198  11  9.48906e-05
199  12  1.74999e-04
200  11  1.38044e-04
201   9  1.10865e-04
202   7  9.70364e-05
203  11  2.26021e-04
204  10  1.21832e-04
205  11  1.12295e-04
206  11  1.04904e-04
207   9  9.89437e-05
208  10  9.70364e-05
209  10  1.01805e-04
210   8  9.91821e-05
211  12  9.91821e-05
212  11  9.91821e-05
213  12  9.17912e-05
214  11  9.20296e-05
215  12  9.60827e-05
216  12  1.02282e-04
217   9  1.09196e-04
218  13  9.58443e-05
219   9  1.05143e-04
220  11  9.17912e-05
221  12  9.87053e-05
222  13  9.79900e-05
223  11  9.41753e-05
224  13  9.67979e-05
225  13  9.48906e-05
226  12  9.79900e-05
227  11  9.60827e-05
228  11  9.70364e-05
229  13  1.03712e-04
230  11  9.39369e-05
231  12  9.79900e-05
232  11  9.79900e-05
233  11  9.41753e-05
234  11  9.22680e-05
235  10  1.02043e-04
236  10  9.41753e-05
237  12  9.67979e-05
238  13  9.79900e-05
239  10  9.60827e-05
240  13  9.41753e-05
241  10  8.98838e-05
242  10  8.86917e-05
243  13  9.51290e-05
244  11  9.70364e-05
245  10  4.64201e-04
246  10  1.57118e-04
247  10  1.02997e-04
248  12  9.67979e-05
249  10  9.08375e-05
250  11  9.51290e-05
251  12  9.58443e-05
252  10  9.20296e-05
253  11  9.20296e-05
254   9  8.01086e-05
255  13  9.39369e-05
256   8  8.29697e-05
257  12  9.58443e-05
258  11  9.29832e-05
259  10  8.82149e-05
260  10  9.29832e-05
261  11  9.51290e-05
262  12  8.89301e-05
263  11  9.60827e-05
264  13  9.70364e-05
265  11  9.79900e-05
266  10  9.51290e-05
267  12  9.39369e-05
268   9  9.60827e-05
269  10  8.70228e-05
270  10  9.48906e-05
271  12  9.32217e-05
272  10  9.77516e-05
273   9  9.39369e-05
274  12  7.20978e-04
275  12  1.14202e-04
276  12  1.01805e-04
277   9  1.02043e-04
278  10  9.70364e-05
279  12  9.70364e-05
280  11  9.58443e-05
281  12  9.01222e-05
282  11  9.48906e-05
283   7  9.39369e-05
284  10  9.10759e-05
285  11  9.48906e-05
286   9  1.02758e-04
287  12  9.58443e-05
288  10  9.22680e-05
289   9  9.39369e-05
290  12  9.60827e-05
291   9  9.29832e-05
292  10  9.17912e-05
293   9  1.13726e-04
294   9  9.51290e-05
295  10  9.48906e-05
296  11  9.60827e-05
297  10  9.77516e-05
298  10  9.01222e-05
299  11  9.20296e-05
300  11  9.10759e-05
301  12  1.01089e-04
302  11  9.51290e-05
303  10  9.51290e-05
304   7  9.22680e-05
305  11  9.63211e-05
306  11  9.48906e-05
307  10  9.91821e-05
308  12  9.60827e-05
309  11  1.02997e-04
310  13  9.39369e-05
311  11  9.20296e-05
312  10  9.39369e-05
313  11  7.56979e-04
314  11  1.02043e-04
315  11  9.79900e-05
316  10  9.08375e-05
317   9  9.29832e-05
318  10  9.48906e-05
319  11  9.51290e-05
320  11  9.39369e-05
321  10  9.98974e-05
322  11  1.02282e-04
323  10  9.22680e-05
324   9  9.32217e-05
325  10  9.10759e-05
326  10  9.39369e-05
327  11  9.13143e-05
328  10  8.60691e-05
329  10  8.91685e-05
330  12  9.51290e-05
331  10  9.32217e-05
332  13  9.70364e-05
333   8  8.89301e-05
334  10  9.48906e-05
335  12  9.51290e-05
336  10  9.08375e-05
337  10  8.91685e-05
338  12  9.41753e-05
339  10  9.41753e-05
340   9  8.51154e-05
341  10  8.91685e-05
342  10  9.39369e-05
343  12  9.10759e-05
344  13  9.20296e-05
345  10  9.10759e-05
346   9  8.98838e-05
347  12  9.20296e-05
348  10  8.89301e-05
349  12  9.20296e-05
350  10  9.48906e-05
351  10  9.32217e-05
352  11  9.60827e-05
353  11  9.48906e-05
354  10  8.98838e-05
355  10  9.20296e-05
356  11  9.51290e-05
357  12  9.60827e-05
358  11  9.22680e-05
359  12  9.32217e-05
360  10  9.08375e-05
361   9  1.82152e-04
362  12  1.25885e-04
363  10  1.04904e-04
364   9  9.58443e-05
365   9  9.51290e-05
366  12  9.70364e-05
367  10  1.06096e-04
368  13  9.22680e-05
369  10  8.91685e-05
370   9  9.77516e-05
371  11  8.91685e-05
372  11  9.39369e-05
0  13  9.68218e-04
1  11  1.71900e-04
2  10  2.04086e-04
3  10  1.14202e-04
4  11  1.13010e-04
5  11  1.05858e-04
6  10  1.04904e-04
7  11  1.00851e-04
8  10  1.08957e-04
9  11  1.05143e-04
10  10  9.79900e-05
11  11  1.11818e-04
12  12  1.02997e-04
13   9  1.05858e-04
14  11  1.07050e-04
15   9  1.00136e-04
16  10  9.91821e-05
17   7  9.29832e-05
18  12  1.02043e-04
19  11  1.01805e-04
20  11  9.98974e-05
21   8  2.13861e-04
22  12  1.34945e-04
23   9  1.11103e-04
24  10  1.72853e-04
25  11  1.22070e-04
26  10  1.15871e-04
27  11  1.08004e-04
28  10  1.09196e-04
29  11  1.01805e-04
30  13  9.98974e-05
31  11  9.29832e-05
32   8  8.58307e-05
33  12  9.32217e-05
34  12  9.08375e-05
35   9  8.48770e-05
36  10  9.70364e-05
37  13  9.13143e-05
38  10  9.17912e-05
39   9  1.02997e-04
40  11  1.04904e-04
41  12  9.96590e-05
42  12  9.70364e-05
43  11  9.89437e-05
44  11  9.77516e-05
45  10  9.20296e-05
46  13  2.19822e-04
47  10  1.23262e-04
48  11  1.15871e-04
49   9  9.98974e-05
50  10  1.03235e-04
51  13  1.03951e-04
52  13  9.98974e-05
53   9  9.87053e-05
54  10  1.26839e-04
55  12  1.04904e-04
56  10  9.67979e-05
57  11  1.08957e-04
58  12  1.66893e-04
59   9  1.19925e-04
60  11  1.49965e-04
61  12  1.20163e-04
62  10  1.08004e-04
63   9  1.03235e-04
64  10  1.03951e-04
65   9  1.12772e-04
66  12  1.02282e-04
67  12  1.41859e-04
68  11  1.13964e-04
69  10  1.12057e-04
70  10  1.30892e-04
71  11  1.05143e-04
72  12  9.98974e-05
73  11  1.05858e-04
74  13  9.70364e-05
75   9  9.70364e-05
76  10  9.29832e-05
77  11  1.01805e-04
78  11  1.00851e-04
79   8  9.29832e-05
80  12  9.91821e-05
81   7  1.01805e-04
82  11  9.91821e-05
83  13  9.82285e-05
84  10  9.20296e-05
85  11  9.58443e-05
86  11  9.32217e-05
87   9  9.60827e-05
88   9  9.58443e-05
89  10  9.60827e-05
90   9  9.79900e-05
91  11  9.89437e-05
92  11  1.02043e-04
93   7  8.89301e-05
94  12  1.02043e-04
95  11  9.58443e-05
96  12  9.48906e-05
97  11  1.79291e-04
98  10  9.70364e-05
99  10  1.43051e-04
100  11  1.23024e-04
101  11  1.09911e-04
102  12  1.04189e-04
103  12  1.03951e-04
104  10  9.82285e-05
105  10  1.01089e-04
106  12  1.00851e-04
107  11  1.02043e-04
108  11  1.10149e-04
109  10  1.02997e-04
110  12  2.03133e-04
111  12  1.50681e-04
112  12  1.38283e-04
113  11  1.27077e-04
114   9  9.48906e-05
115  11  1.00851e-04
116  11  1.06096e-04
117  12  1.32084e-04
118  11  1.06335e-04
119  11  1.07050e-04
120  10  1.22309e-04
121  10  1.04189e-04
122  10  1.05858e-04
123  13  1.02282e-04
124  12  1.13964e-04
125  10  9.20296e-05
126  12  1.11103e-04
127   8  9.82285e-05
128  10  9.51290e-05
129   8  9.98974e-05
130  10  1.23024e-04
131  11  1.10149e-04
132  13  1.02997e-04
133  11  1.00851e-04
134  12  1.01089e-04
135  10  9.58443e-05
136  13  9.60827e-05
137  11  9.58443e-05
138  11  1.00136e-04
139   9  9.70364e-05
140   9  1.27077e-04
141  10  1.26839e-04
142  10  1.05858e-04
143  13  2.08855e-04
144   9  1.20878e-04
145  12  1.13964e-04
146  14  1.02997e-04
147  11  1.02758e-04
148  11  1.03951e-04
149  13  1.00851e-04
150  10  9.20296e-05
151  11  9.39369e-05
152   9  8.89301e-05
153   9  9.01222e-05
154  11  9.79900e-05
155  11  9.79900e-05
156  12  9.60827e-05
157   9  7.67708e-05
158   9  9.44138e-05
159  13  9.29832e-05
160  11  9.32217e-05
161  12  9.48906e-05
162  15  9.91821e-05
163  12  9.70364e-05
164  11  1.00136e-04
165  10  8.91685e-05
166  10  9.08375e-05
167  12  9.48906e-05
168  12  9.39369e-05
169   8  9.39369e-05
170  11  9.10759e-05
171   9  9.48906e-05
172  11  9.89437e-05
173  10  1.04189e-04
174  11  9.29832e-05
175  12  1.01805e-04
176   8  9.08375e-05
177  10  9.20296e-05
178  10  9.89437e-05
179  13  1.00136e-04
180  10  9.67979e-05
181  11  9.39369e-05
182   9  7.86781e-05
183  12  9.89437e-05
184  13  9.70364e-05
185  10  1.01089e-04
186  11  9.29832e-05
187  12  9.10759e-05
188  11  1.58072e-04
189  11  1.11103e-04
190  11  9.98974e-05
191  12  8.87871e-04
192  13  1.59979e-04
193  12  1.08957e-04
194   9  9.29832e-05
195  10  9.58443e-05
196  11  1.39952e-04
197  11  1.32084e-04
198  11  1.09196e-04
199  12  2.81096e-04
200  11  1.14918e-04
201   9  1.00136e-04
202   7  1.51157e-04
203  11  3.87192e-04
204  10  1.80769e-03
205  11  2.94209e-04
206  11  1.76191e-04
207   9  1.81913e-04
208  10  1.06812e-04
209  10  1.00851e-04
210   8  4.26269e-03
211  12  6.17981e-04
212  11  1.67131e-04
213  12  1.11103e-04
214  11  1.03951e-04
215  12  1.03951e-04
216  12  2.22611e-03
217   9  1.81913e-04
218  13  1.08004e-04
219   9  1.11818e-04
220  11  9.76706e-03
221  12  3.14903e-03
222  13  2.74897e-04
223  11  1.14202e-04
224  13  1.02758e-04
225  13  9.79900e-05
226  12  1.02282e-04
227  11  3.01838e-04
228  11  1.24931e-04
229  13  1.07050e-04
230  11  9.89437e-05
231  12  9.98974e-05
232  11  9.89437e-05
233  11  9.82285e-05
234  11  9.29832e-05
235  10  9.39369e-05
236  10  9.70364e-05
237  12  9.58443e-05
238  13  9.39369e-05
239  10  9.60827e-05
240  13  2.62976e-04
241  10  1.64032e-04
242  10  1.00851e-04
243  13  1.76191e-04
244  11  7.37906e-04
245  10  1.40905e-04
246  10  1.17064e-04
247  10  4.68016e-04
248  12  1.26362e-04
249  10  1.01089e-04
250  11  2.12908e-04
251  12  1.05143e-04
252  10  9.58443e-05
253  11  9.51290e-05
254   9  1.89781e-04
255  13  1.23978e-04
256   8  3.15905e-04
257  12  1.16825e-04
258  11  1.00851e-04
259  10  9.29832e-05
260  10  9.60827e-05
261  11  9.70364e-05
262  12  9.39369e-05
263  11  1.04904e-04
264  13  1.01089e-04
265  11  9.32217e-05
266  10  9.91821e-05
267  12  9.70364e-05
268   9  9.70364e-05
269  10  8.98838e-05
270  10  9.60827e-05
271  12  9.70364e-05
272  10  1.02758e-04
273   9  9.89437e-05
274  12  9.60827e-05
275  12  9.70364e-05
276  12  9.70364e-05
277   9  1.00136e-04
278  10  9.79900e-05
279  12  1.00851e-04
280  11  9.67979e-05
281  12  9.82285e-05
282  11  9.70364e-05
283   7  1.01805e-04
284  10  9.29832e-05
285  11  9.70364e-05
286   9  1.03951e-04
287  12  9.60827e-05
288  10  9.29832e-05
289   9  9.58443e-05
290  12  9.79900e-05
291   9  9.51290e-05
292  10  9.48906e-05
293   9  1.08957e-04
294   9  1.00136e-04
295  10  9.70364e-05
296  11  9.70364e-05
297  10  9.89437e-05
298  10  9.08375e-05
299  11  9.32217e-05
300  11  9.32217e-05
301  12  1.00136e-04
302  11  9.82285e-05
303  10  9.98974e-05
304   7  9.79900e-05
305  11  1.07765e-04
306  11  9.82285e-05
307  10  1.00136e-04
308  12  1.00851e-04
309  11  1.03951e-04
310  13  9.82285e-05
311  11  2.01941e-04
312  10  1.09673e-04
313  11  1.34087e-03
314  11  1.28031e-04
315  11  1.63078e-04
316  10  1.00851e-04
317   9  2.40803e-04
318  10  1.03951e-04
319  11  1.23024e-04
320  11  2.09093e-04
321  10  1.28984e-04
322  11  7.52211e-04
323  10  1.14918e-04
324   9  8.41856e-04
325  10  2.64168e-04
326  10  1.17064e-04
327  11  1.03951e-04
328  10  9.48906e-05
329  10  1.25885e-04
330  12  1.91927e-04
331  10  1.02997e-04
332  13  9.36985e-04
333   8  1.36852e-04
334  10  1.03951e-04
335  12  1.38044e-04
336  10  1.02043e-04
337  10  9.39369e-05
338  12  9.89437e-05
339  10  1.13010e-04
340   9  8.86917e-05
341  10  3.34978e-04
342  10  1.10865e-04
343  12  9.89437e-05
344  13  9.29117e-04
345  10  2.79903e-04
346   9  1.01089e-04
347  12  4.41074e-04
348  10  1.28984e-04
349  12  1.03951e-04
350  10  1.02043e-04
351  10  9.79900e-05
352  11  2.41041e-04
353  11  6.55890e-04
354  10  1.95980e-04
355  10  1.84059e-04
356  11  2.81811e-04
357  12  1.15871e-04
358  11  1.14918e-04
359  12  1.03951e-04
360  10  9.70364e-05
361   9  1.08957e-04
362  12  1.10149e-04
363  10  9.82285e-05
364   9  1.12772e-04
365   9  1.01089e-04
366  12  4.36068e-04
367  10  1.38998e-04
368  13  9.91821e-05
369  10  3.76225e-04
370   9  1.21117e-04
371  11  1.02997e-04
372  11  1.01328e-04
0  13  8.77142e-04
1  11  3.57151e-04
2  10  1.71900e-04
3  10  1.60933e-04
4  11  1.49250e-04
5  11  1.06335e-04
6  10  1.00851e-04
7  11  1.03235e-04
8  10  1.02043e-04
9  11  1.04904e-04
10  10  9.32217e-05
11  11  1.04189e-04
12  12  9.51290e-05
13   9  9.82285e-05
14  11  9.08375e-05
15   9  8.79765e-05
16  10  9.39369e-05
17   7  8.79765e-05
18  12  9.79900e-05
19  11  9.79900e-05
20  11  9.70364e-05
21   8  1.05858e-04
22  12  9.98974e-05
23   9  9.79900e-05
24  10  8.60691e-05
25  11  9.48906e-05
26  10  1.01089e-04
27  11  9.89437e-05
28  10  1.01089e-04
29  11  9.29832e-05
30  13  9.82285e-05
31  11  9.79900e-05
32   8  9.01222e-05
33  12  9.77516e-05
34  12  9.56059e-05
35   9  8.91685e-05
36  10  9.87053e-05
37  13  9.79900e-05
38  10  9.17912e-05
39   9  1.00851e-04
40  11  1.01805e-04
41  12  9.89437e-05
42  12  9.51290e-05
43  11  9.82285e-05
44  11  9.70364e-05
45  10  9.01222e-05
46  13  9.67979e-05
47  10  9.20296e-05
48  11  9.91821e-05
49   9  9.39369e-05
50  10  9.70364e-05
51  13  9.82285e-05
52  13  9.39369e-05
53   9  2.00987e-04
54  10  1.17779e-04
55  12  1.08957e-04
56  10  9.98974e-05
57  11  1.08719e-04
58  12  1.53065e-04
59   9  1.37329e-04
60  11  1.17064e-04
61  12  1.08004e-04
62  10  1.01805e-04
63   9  1.01328e-04
64  10  1.05143e-04
65   9  1.09196e-04
66  12  1.02997e-04
67  12  1.00136e-04
68  11  1.03951e-04
69  10  1.03951e-04
70  10  9.60827e-05
71  11  9.79900e-05
72  12  9.48906e-05
73  11  1.04904e-04
74  13  9.60827e-05
75   9  9.82285e-05
76  10  9.39369e-05
77  11  1.02997e-04
78  11  1.02043e-04
79   8  9.29832e-05
80  12  1.00851e-04
81   7  9.51290e-05
82  11  9.70364e-05
83  13  9.32217e-05
84  10  8.79765e-05
85  11  9.29832e-05
86  11  9.20296e-05
87   9  9.77516e-05
88   9  9.17912e-05
89  10  9.17912e-05
90   9  9.51290e-05
91  11  9.51290e-05
92  11  2.37942e-04
93   7  1.02997e-04
94  12  1.08957e-04
95  11  1.16110e-04
96  12  9.82285e-05
97  11  1.85966e-04
98  10  9.70364e-05
99  10  8.89301e-05
100  11  1.01089e-04
101  11  9.70364e-05
102  12  9.89437e-05
103  12  9.79900e-05
104  10  9.39369e-05
105  10  2.89202e-04
106  12  1.22070e-04
107  11  1.08004e-04
108  11  1.13249e-04
109  10  1.04189e-04
110  12  1.06096e-04
111  12  1.00136e-04
112  12  1.72138e-04
113  11  1.28984e-04
114   9  1.00851e-04
115  11  1.07050e-04
116  11  1.08957e-04
117  12  1.18732e-04
118  11  1.55926e-04
119  11  3.60012e-04
120  10  1.17064e-04
121  10  9.89437e-05
122  10  1.02758e-04
123  13  1.03235e-04
124  12  9.79900e-05
125  10  8.60691e-05
126  12  1.00136e-04
127   8  9.39369e-05
128  10  9.39369e-05
129   8  1.01328e-04
130  10  9.39369e-05
131  11  1.03235e-04
132  13  9.91821e-05
133  11  1.00136e-04
134  12  1.00851e-04
135  10  1.13726e-04
136  13  1.91927e-04
137  11  1.00136e-04
138  11  2.25067e-04
139   9  1.32084e-04
140   9  1.03235e-04
141  10  1.02997e-04
142  10  9.39369e-05
143  13  1.03951e-04
144   9  9.58443e-05
145  12  9.91821e-05
146  14  9.87053e-05
147  11  9.91821e-05
148  11  9.82285e-05
149  13  9.77516e-05
150  10  8.98838e-05
151  11  9.39369e-05
152   9  8.70228e-05
153   9  8.60691e-05
154  11  9.48906e-05
155  11  9.41753e-05
156  12  9.32217e-05
157   9  7.51019e-05
158   9  9.22680e-05
159  13  9.20296e-05
160  11  9.29832e-05
161  12  9.29832e-05
162  15  9.58443e-05
163  12  9.60827e-05
164  11  9.79900e-05
165  10  1.21832e-04
166  10  1.08004e-04
167  12  1.01805e-04
168  12  9.70364e-05
169   8  9.89437e-05
170  11  9.10759e-05
171   9  9.29832e-05
172  11  9.91821e-05
173  10  1.44005e-04
174  11  1.08719e-04
175  12  1.10149e-04
176   8  9.39369e-05
177  10  9.32217e-05
178  10  1.00136e-04
179  13  9.20296e-05
180  10  9.70364e-05
181  11  9.41753e-05
182   9  7.98702e-05
183  12  1.00851e-04
184  13  1.01089e-04
185  10  1.10149e-04
186  11  5.55038e-04
187  12  3.26157e-04
188  11  2.93970e-04
189  11  1.64270e-04
190  11  1.01089e-04
191  12  1.02997e-04
192  13  1.28984e-04
193  12  1.23978e-04
194   9  1.05143e-04
195  10  9.48906e-05
196  11  9.70364e-05
197  11  9.48906e-05
198  11  8.91685e-05
199  12  9.70364e-05
200  11  9.70364e-05
201   9  9.60827e-05
202   7  8.82149e-05
203  11  2.00033e-04
204  10  1.08957e-04
205  11  1.00851e-04
206  11  9.79900e-05
207   9  9.39369e-05
208  10  9.17912e-05
209  10  9.39369e-05
210   8  9.22680e-05
211  12  9.51290e-05
212  11  9.79900e-05
213  12  8.79765e-05
214  11  8.82149e-05
215  12  9.27448e-05
216  12  1.00136e-04
217   9  1.06096e-04
218  13  9.32217e-05
219   9  1.10149e-04
220  11  9.60827e-05
221  12  9.60827e-05
222  13  9.39369e-05
223  11  9.10759e-05
224  13  9.39369e-05
225  13  9.10759e-05
226  12  9.60827e-05
227  11  3.23057e-04
228  11  1.34230e-04
229  13  1.08242e-04
230  11  9.82285e-05
231  12  9.79900e-05
232  11  9.91821e-05
233  11  9.79900e-05
234  11  9.27448e-05
235  10  9.48906e-05
236  10  9.60827e-05
237  12  9.79900e-05
238  13  2.38180e-04
239  10  1.00851e-04
240  13  9.70364e-05
241  10  3.38078e-04
242  10  2.12193e-04
243  13  1.18971e-04
244  11  1.01805e-04
245  10  9.44138e-05
246  10  3.50952e-04
247  10  1.30892e-04
248  12  1.13964e-04
249  10  2.02894e-04
250  11  1.16110e-04
251  12  9.82285e-05
252  10  9.48906e-05
253  11  9.29832e-05
254   9  8.01086e-05
255  13  9.48906e-05
256   8  8.39233e-05
257  12  9.39369e-05
258  11  1.10149e-04
259  10  9.01222e-05
260  10  9.17912e-05
261  11  9.58443e-05
262  12  9.01222e-05
263  11  9.41753e-05
264  13  9.70364e-05
265  11  9.10759e-05
266  10  9.39369e-05
267  12  9.39369e-05
268   9  9.51290e-05
269  10  8.70228e-05
270  10  4.74930e-04
271  12  1.25170e-04
272  10  1.14918e-04
273   9  3.08037e-04
274  12  1.59025e-04
275  12  1.28984e-04
276  12  1.08957e-04
277   9  1.51157e-04
278  10  1.32799e-04
279  12  1.01089e-04
280  11  9.60827e-05
281  12  9.01222e-05
282  11  9.39369e-05
283   7  9.32217e-05
284  10  8.79765e-05
285  11  9.39369e-05
286   9  1.12057e-04
287  12  9.48906e-05
288  10  9.29832e-05
289   9  9.60827e-05
290  12  9.82285e-05
291   9  9.29832e-05
292  10  9.29832e-05
293   9  1.08004e-04
294   9  9.51290e-05
295  10  9.60827e-05
296  11  9.51290e-05
297  10  9.70364e-05
298  10  9.01222e-05
299  11  9.32217e-05
300  11  9.20296e-05
301  12  9.20296e-05
302  11  1.07765e-04
303  10  1.09911e-04
304   7  1.05858e-04
305  11  1.02997e-04
306  11  9.79900e-05
307  10  1.00851e-04
308  12  9.89437e-05
309  11  1.08004e-04
310  13  9.58443e-05
311  11  9.58443e-05
312  10  9.58443e-05
313  11  8.71181e-04
314  11  1.48773e-04
315  11  1.09673e-04
316  10  1.01805e-04
317   9  1.48058e-04
318  10  1.85966e-04
319  11  1.15871e-04
320  11  1.02043e-04
321  10  1.04904e-04
322  11  1.05858e-04
323  10  9.39369e-05
324   9  9.39369e-05
325  10  9.08375e-05
326  10  9.70364e-05
327  11  9.39369e-05
328  10  8.98838e-05
329  10  9.08375e-05
330  12  9.89437e-05
331  10  9.60827e-05
332  13  9.77516e-05
333   8  9.51290e-05
334  10  9.79900e-05
335  12  9.70364e-05
336  10  9.39369e-05
337  10  9.01222e-05
338  12  9.39369e-05
339  10  9.39369e-05
340   9  8.51154e-05
341  10  8.91685e-05
342  10  9.67979e-05
343  12  9.79900e-05
344  13  9.51290e-05
345  10  9.32217e-05
346   9  8.98838e-05
347  12  9.51290e-05
348  10  9.22680e-05
349  12  9.70364e-05
350  10  9.89437e-05
351  10  9.70364e-05
352  11  1.00136e-04
353  11  9.89437e-05
354  10  9.39369e-05
355  10  9.79900e-05
356  11  1.01089e-04
357  12  1.00851e-04
358  11  9.70364e-05
359  12  9.70364e-05
360  10  9.41753e-05
361   9  9.48906e-05
362  12  9.79900e-05
363  10  9.60827e-05
364   9  9.39369e-05
365   9  1.98126e-04
366  12  1.18971e-04
367  10  1.18017e-04
368  13  1.01805e-04
369  10  1.00136e-04
370   9  1.25885e-04
371  11  1.21117e-04
372  11  1.80006e-04
