0 0 -0.000008353 16
1 0 -0.000005894 315
2 0 -0.000004533 116
3 0 -0.000004304 249
4 0 -0.000003872 60
5 0 -0.000002894 113
6 0 -0.000002714 55
7 0 -0.000002601 58
8 0 -0.000001962 57
9 0 0.000000000 57
10 0 0.000000559 44
11 0 0.000001078 79
12 0 0.000002382 52
13 1 0.099991672 12
14 1 0.099994130 272
15 1 0.099995489 136
16 1 0.099995720 321
17 1 0.099996154 39
18 1 0.099997130 81
19 1 0.099997311 45
20 1 0.099997424 65
21 1 0.099998059 74
22 1 0.100000584 53
23 1 0.100001105 47
24 2 0.199991697 14
25 2 0.199994155 271
26 2 0.199995516 118
27 2 0.199995743 243
28 2 0.199996179 53
29 2 0.199997158 89
30 2 0.199997336 51
31 2 0.199997450 56
32 2 0.199998085 59
33 2 0.200002433 57
34 3 0.299991722 15
35 3 0.299994179 277
36 3 0.299995542 125
37 3 0.299995779 252
38 3 0.299996205 42
39 3 0.299997182 83
40 3 0.299997360 40
41 3 0.299997475 65
42 3 0.299998111 49
43 3 0.300000636 45
44 4 0.399991747 15
45 4 0.399994196 312
46 4 0.399995564 139
47 4 0.399995795 272
48 4 0.399996226 40
49 4 0.399997206 109
50 4 0.399997385 41
51 4 0.399997500 53
52 4 0.399998137 53
53 4 0.400000103 51
54 4 0.400001181 54
55 5 0.499991776 13
56 5 0.499994235 261
57 5 0.499995593 117
58 5 0.499995820 294
59 5 0.499996254 47
60 5 0.499997232 80
61 5 0.499997406 60
62 5 0.499997527 69
63 5 0.499998165 47
64 5 0.500000127 56
65 5 0.500000682 49
66 6 0.599994260 258
67 6 0.599995620 95
68 6 0.599995848 273
69 6 0.599996279 45
70 6 0.599997268 85
71 6 0.599997442 46
72 6 0.599997553 59
73 6 0.599998187 61
74 6 0.600000710 55
75 6 0.600002528 52
76 7 0.699994284 260
77 7 0.699995642 128
78 7 0.699995872 309
79 7 0.699996305 44
80 7 0.699997284 88
81 7 0.699997459 52
82 7 0.699997578 53
83 7 0.699998213 48
84 7 0.700000174 52
85 7 0.700000734 51
86 7 0.700001259 52
87 8 0.799991848 14
88 8 0.799994309 309
89 8 0.799995669 119
90 8 0.799995896 257
91 8 0.799996330 51
92 8 0.799997308 90
93 8 0.799997483 43
94 8 0.799998239 61
95 8 0.800000199 48
96 8 0.800000758 54
97 9 0.899991873 21
98 9 0.899994334 289
99 9 0.899995695 104
100 9 0.899995923 258
101 9 0.899996356 44
102 9 0.899997333 104
103 9 0.899997515 44
104 9 0.899998265 55
105 9 0.900000225 49
106 9 0.900000782 54
107 9 0.900002606 53
108 10 0.999991899 13
109 10 0.999994359 289
110 10 0.999995718 136
111 10 0.999995947 261
112 10 0.999996382 49
113 10 0.999997361 97
114 10 0.999997540 45
115 10 0.999997654 45
116 10 0.999998291 56
117 10 1.000000810 53
118 11 1.099991924 13
119 11 1.099994384 268
120 11 1.099995745 134
121 11 1.099995967 279
122 11 1.099996407 53
123 11 1.099997393 98
124 11 1.099997556 43
125 11 1.099998313 51
126 11 1.100000276 52
127 11 1.100000834 61
128 11 1.100001358 67
129 12 1.199991950 13
130 12 1.199994400 253
131 12 1.199995771 105
132 12 1.199995999 257
133 12 1.199996433 55
134 12 1.199997409 101
135 12 1.199997581 42
136 12 1.199997705 80
137 12 1.199998339 62
138 12 1.200000302 60
139 12 1.200000858 45
140 12 1.200001385 52
141 13 1.299991975 16
142 13 1.299994433 290
143 13 1.299995794 111
144 13 1.299996023 249
145 13 1.299996458 51
146 13 1.299997437 88
147 13 1.299997731 67
148 13 1.299998373 51
149 13 1.300000327 46
150 14 1.399992000 16
151 14 1.399994462 268
152 14 1.399995820 117
153 14 1.399996058 287
154 14 1.399996484 46
155 14 1.399997470 104
156 14 1.399997633 49
157 14 1.399997756 44
158 14 1.399998391 51
159 14 1.400000910 51
160 14 1.400001435 45
161 15 1.499992026 15
162 15 1.499994475 270
163 15 1.499995847 123
164 15 1.499996072 296
165 15 1.499996507 50
166 15 1.499997484 100
167 15 1.499997660 45
168 15 1.499997779 73
169 15 1.499998415 63
170 16 1.599992051 15
171 16 1.599994512 274
172 16 1.599995870 138
173 16 1.599996096 266
174 16 1.599996533 69
175 16 1.599997508 101
176 16 1.599997685 59
177 16 1.599997804 55
178 16 1.599998436 63
179 16 1.600000402 54
180 17 1.699994536 243
181 17 1.699995896 139
182 17 1.699996558 53
183 17 1.699997536 89
184 17 1.699997717 72
185 17 1.699997830 83
186 17 1.699998462 63
187 18 1.799992102 15
188 18 1.799994561 267
189 18 1.799995923 107
190 18 1.799996147 246
191 18 1.799996584 44
192 18 1.799997560 75
193 18 1.799997734 42
194 18 1.799997855 75
195 18 1.799998488 52
196 18 1.800000454 53
197 18 1.800001010 53
198 18 1.800001535 48
199 19 1.899992127 16
200 19 1.899994586 307
201 19 1.899995945 106
202 19 1.899996171 308
203 19 1.899996609 49
204 19 1.899997584 99
205 19 1.899997758 41
206 19 1.899997880 49
207 19 1.899998514 63
208 19 1.900000480 57
209 19 1.900001558 52
210 20 1.999992153 12
211 20 1.999994611 280
212 20 1.999995972 120
213 20 1.999996198 249
214 20 1.999996634 55
215 20 1.999997612 92
216 20 1.999997787 45
217 20 1.999997905 61
218 20 1.999998540 48
219 20 2.000000506 59
220 20 2.000003479 56
221 21 2.099992178 12
222 21 2.099994628 291
223 21 2.099995999 127
224 21 2.099996222 279
225 21 2.099996660 50
226 21 2.099997812 36
227 21 2.099997930 48
228 21 2.099998565 59
229 22 2.199992204 15
230 22 2.199994660 276
231 22 2.199996021 112
232 22 2.199996245 280
233 22 2.199996685 47
234 22 2.199997660 101
235 22 2.199997836 46
236 22 2.199997956 50
237 22 2.199998587 53
238 22 2.200000557 48
239 22 2.200001110 57
240 22 2.200001634 60
241 23 2.299994677 311
242 23 2.299996048 116
243 23 2.299996277 242
244 23 2.299996711 51
245 23 2.299997688 107
246 23 2.299997869 52
247 23 2.299997981 52
248 23 2.299998613 57
249 23 2.300001134 58
250 24 2.399992250 14
251 24 2.399994714 262
252 24 2.399996074 101
253 24 2.399996297 281
254 24 2.399996732 65
255 24 2.399997712 78
256 24 2.399997893 51
257 24 2.399998006 81
258 24 2.399998639 51
259 24 2.400001158 61
260 25 2.499992276 14
261 25 2.499994739 282
262 25 2.499996097 115
263 25 2.499996322 271
264 25 2.499996755 51
265 25 2.499997744 94
266 25 2.499997912 63
267 25 2.499998029 56
268 25 2.500000626 48
269 25 2.500001186 59
270 25 2.500001709 64
271 26 2.599994764 263
272 26 2.599996124 142
273 26 2.599996350 271
274 26 2.599996780 57
275 26 2.599997760 108
276 26 2.599997937 51
277 26 2.599998695 69
278 26 2.600000652 46
279 26 2.600001210 44
280 26 2.600001736 50
281 27 2.699992327 13
282 27 2.699994788 253
283 27 2.699996146 118
284 27 2.699996374 269
285 27 2.699996806 47
286 27 2.699997796 99
287 27 2.699997962 41
288 27 2.699998079 62
289 27 2.699998717 58
290 27 2.700001234 55
291 27 2.700003059 51
292 28 2.799992352 17
293 28 2.799994813 280
294 28 2.799996173 129
295 28 2.799996402 290
296 28 2.799996831 63
297 28 2.799997812 113
298 28 2.799997990 54
299 28 2.799998744 52
300 28 2.800001785 76
301 28 2.800003082 44
302 29 2.899994838 310
303 29 2.899996199 127
304 29 2.899996425 259
305 29 2.899996856 48
306 29 2.899997836 115
307 29 2.899998015 58
308 29 2.899998129 66
309 29 2.899998770 62
310 29 2.900000728 44
311 29 2.900001286 57
312 29 2.900001812 50
313 30 2.999992399 12
314 30 2.999994863 287
315 30 2.999996222 104
316 30 2.999996449 231
317 30 2.999996881 45
318 30 2.999997872 106
319 30 2.999998040 46
320 30 2.999998154 54
321 30 2.999998796 58
322 30 3.000000753 57
323 30 3.000001310 49
324 30 3.000001834 51
325 30 3.000003133 70
326 31 3.099992424 13
327 31 3.099994880 298
328 31 3.099996249 109
329 31 3.099996469 296
330 31 3.099996906 47
331 31 3.099997888 129
332 31 3.099998065 48
333 31 3.099998179 65
334 31 3.099998822 49
335 31 3.100001334 45
336 31 3.100003160 42
337 32 3.199994912 266
338 32 3.199996275 137
339 32 3.199996932 58
340 32 3.199997920 99
341 32 3.199998098 43
342 32 3.199998204 74
343 32 3.199998848 55
344 32 3.200003183 51
345 33 3.299992475 15
346 33 3.299994937 250
347 33 3.299996298 110
348 33 3.299996529 280
349 33 3.299996957 51
350 33 3.299997948 72
351 33 3.299998114 44
352 33 3.299998229 64
353 33 3.299998871 57
354 33 3.300000826 57
355 33 3.300001386 53
356 33 3.300001910 54
357 34 3.399992500 14
358 34 3.399994954 284
359 34 3.399996324 104
360 34 3.399996548 303
361 34 3.399996982 46
362 34 3.399997964 90
363 34 3.399998147 43
364 34 3.399998254 57
365 34 3.399998897 55
366 34 3.400000851 60
367 34 3.400001410 49
368 34 3.400003234 55
369 35 3.499996349 114
370 35 3.499996576 263
371 35 3.499997007 44
372 35 3.499997993 106
373 35 3.499998166 51
374 35 3.499998289 57
375 35 3.499998919 51
376 35 3.500000879 53
377 35 3.500001436 50
378 36 3.599992552 15
379 36 3.599996371 110
380 36 3.599996600 263
381 36 3.599997032 51
382 36 3.599998009 76
383 36 3.599998191 39
384 36 3.599998306 67
385 36 3.599998944 52
386 36 3.600001461 55
387 36 3.600003282 51
388 37 3.699992578 12
389 37 3.699995040 279
390 37 3.699996398 116
391 37 3.699996636 274
392 37 3.699997058 53
393 37 3.699998037 103
394 37 3.699998215 60
395 37 3.699998332 52
396 37 3.699998970 53
397 37 3.700000930 53
398 37 3.700001489 57
399 37 3.700002013 62
400 37 3.700003309 50
401 38 3.799992604 12
402 38 3.799995065 261
403 38 3.799996424 139
404 38 3.799996656 266
405 38 3.799997083 58
406 38 3.799998069 79
407 38 3.799998240 43
408 38 3.799998357 83
409 38 3.799998992 60
410 38 3.800001513 50
411 39 3.899992629 13
412 39 3.899995090 243
413 39 3.899996446 111
414 39 3.899996671 255
415 39 3.899997104 46
416 39 3.899998085 123
417 39 3.899998272 43
418 39 3.899998382 78
419 39 3.900001537 53
420 40 3.999992651 13
421 40 3.999995115 252
422 40 3.999996473 123
423 40 3.999996699 283
424 40 3.999997129 49
425 40 3.999998116 65
426 40 3.999999044 49
427 40 4.000001003 49
428 40 4.000003122 48
429 40 4.000003382 59
430 40 4.000004861 55
431 41 4.099992677 11
432 41 4.099995128 272
433 41 4.099996495 120
434 41 4.099996727 262
435 41 4.099997154 55
436 41 4.099998136 97
437 41 4.099998314 53
438 41 4.099998432 57
439 41 4.099999069 52
440 41 4.100001028 52
441 41 4.100002111 50
442 41 4.100003409 62
443 42 4.199992703 16
444 42 4.199995164 273
445 42 4.199996522 107
446 42 4.199996747 275
447 42 4.199997180 45
448 42 4.199998160 93
449 42 4.199998338 41
450 42 4.199998458 57
451 42 4.199999091 51
452 42 4.200001054 57
453 42 4.200001614 61
454 42 4.200002138 52
455 43 4.299992729 14
456 43 4.299995189 294
457 43 4.299996548 129
458 43 4.299996775 272
459 43 4.299997205 51
460 43 4.299998192 94
461 43 4.299998363 45
462 43 4.299998471 70
463 43 4.299999117 59
464 43 4.300002160 73
465 43 4.300003459 61
466 44 4.399992750 13
467 44 4.399995206 284
468 44 4.399996570 113
469 44 4.399996802 249
470 44 4.399997230 46
471 44 4.399998208 89
472 44 4.399998387 52
473 44 4.399998508 60
474 44 4.399999143 65
475 44 4.400001662 61
476 44 4.400003482 58
477 45 4.499992781 16
478 45 4.499995231 291
479 45 4.499996599 116
480 45 4.499996826 282
481 45 4.499997255 53
482 45 4.499998238 103
483 45 4.499998426 46
484 45 4.499998535 55
485 45 4.499999169 51
486 45 4.500001684 48
487 46 4.599992807 12
488 46 4.599995256 305
489 46 4.599996626 121
490 46 4.599996858 294
491 46 4.599997280 54
492 46 4.599998270 97
493 46 4.599998443 47
494 46 4.599998561 69
495 46 4.599999194 50
496 46 4.600001152 48
497 46 4.600001712 73
498 46 4.600002236 65
499 46 4.600003534 61
500 47 4.699992829 18
501 47 4.699995288 279
502 47 4.699996648 150
503 47 4.699997306 50
504 47 4.699998286 85
505 47 4.699998468 54
506 47 4.699999216 59
507 47 4.700001178 45
508 47 4.700001736 58
509 47 4.700004152 56
510 48 4.799992855 11
511 48 4.799995305 268
512 48 4.799996675 101
513 48 4.799996910 265
514 48 4.799997331 42
515 48 4.799998322 96
516 48 4.799998492 55
517 48 4.799998608 94
518 48 4.799999242 58
519 48 4.800001203 51
520 48 4.800003584 54
521 49 4.899995330 250
522 49 4.899996697 103
523 49 4.899997356 46
524 49 4.899998338 100
525 49 4.899998517 42
526 49 4.899998633 52
527 49 4.899999268 53
528 49 4.900001229 55
529 49 4.900003608 62
530 50 4.999992908 22
531 50 4.999995355 255
532 50 4.999996953 252
533 50 4.999997381 47
534 50 4.999998542 47
535 50 4.999998658 70
536 50 4.999999294 53
537 50 5.000001263 45
538 50 5.000003368 47
539 50 5.000003635 51
540 51 5.099992930 16
541 51 5.099995388 275
542 51 5.099996751 128
543 51 5.099996973 291
544 51 5.099997406 62
545 51 5.099998386 110
546 51 5.099998567 44
547 51 5.099998684 58
548 51 5.099999315 51
549 51 5.100001276 63
550 51 5.100001836 48
551 51 5.100002361 58
552 51 5.100003658 76
553 52 5.199992956 15
554 52 5.199996773 135
555 52 5.199997001 247
556 52 5.199997428 55
557 52 5.199998422 109
558 52 5.199998592 59
559 52 5.199998709 77
560 52 5.199999341 57
561 52 5.200001302 60
562 52 5.200001860 64
563 52 5.200002388 45
564 52 5.200003685 49
565 52 5.200005162 44
566 53 5.299992982 14
567 53 5.299995429 304
568 53 5.299996800 107
569 53 5.299997037 290
570 53 5.299997453 45
571 53 5.299998438 100
572 53 5.299998616 40
573 53 5.299998735 65
574 53 5.299999367 57
575 54 5.399995466 291
576 54 5.399996826 114
577 54 5.399997052 274
578 54 5.399997478 60
579 54 5.399998466 111
580 54 5.399998760 69
581 54 5.399999393 51
582 54 5.400001353 50
583 54 5.400001908 51
584 54 5.400003736 53
585 55 5.499993031 17
586 55 5.499995491 279
587 55 5.499996849 121
588 55 5.499997076 250
589 55 5.499997503 44
590 55 5.499998488 97
591 55 5.499998666 40
592 55 5.499998783 91
593 55 5.499999419 51
594 55 5.500001381 48
595 55 5.500001941 51
596 55 5.500002466 51
597 56 5.599995504 291
598 56 5.599996876 143
599 56 5.599997104 281
600 56 5.599997528 50
601 56 5.599998524 97
602 56 5.599998698 40
603 56 5.599998808 54
604 56 5.599999440 50
605 56 5.600001406 52
606 56 5.600001965 56
607 57 5.699993083 18
608 57 5.699995528 271
609 57 5.699996902 132
610 57 5.699997124 268
611 57 5.699997554 55
612 57 5.699998548 87
613 57 5.699998723 44
614 57 5.699998834 46
615 57 5.699999466 49
616 57 5.700001989 65
617 57 5.700003812 48
618 58 5.799993105 13
619 58 5.799995565 290
620 58 5.799996925 125
621 58 5.799997152 254
622 58 5.799997579 44
623 58 5.799998564 80
624 58 5.799998739 40
625 58 5.799998859 61
626 58 5.799999492 63
627 58 5.800001454 49
628 58 5.800002006 56
629 58 5.800003835 53
630 59 5.899995582 295
631 59 5.899996951 120
632 59 5.899997604 50
633 59 5.899998597 89
634 59 5.899999518 55
635 59 5.900001480 57
636 59 5.900002042 59
637 59 5.900003862 55
638 59 5.900004455 55
639 60 5.999993158 13
640 60 5.999995607 254
641 60 5.999996974 126
642 60 5.999997203 252
643 60 5.999997629 52
644 60 5.999998625 75
645 60 5.999998788 50
646 60 5.999998909 50
647 60 5.999999544 53
648 60 6.000001506 54
649 60 6.000002592 48
650 61 6.099993180 13
651 61 6.099995632 270
652 61 6.099997001 121
653 61 6.099997223 242
654 61 6.099997654 42
655 61 6.099998641 71
656 61 6.099998812 48
657 61 6.099998934 51
658 61 6.099999565 55
659 61 6.100001531 55
660 61 6.100002614 49
661 61 6.100003913 60
662 62 6.199993206 14
663 62 6.199995656 285
664 62 6.199997027 127
665 62 6.199997680 47
666 62 6.199998673 107
667 62 6.199998837 39
668 62 6.199998960 66
669 62 6.199999591 51
670 62 6.200002115 53
671 62 6.200003937 58
672 63 6.299995681 281
673 63 6.299997050 100
674 63 6.299997279 286
675 63 6.299997705 47
676 63 6.299998689 110
677 63 6.299998861 39
678 63 6.299998985 63
679 63 6.299999617 49
680 63 6.300001579 56
681 64 6.399993254 16
682 64 6.399995706 270
683 64 6.399997076 127
684 64 6.399997310 249
685 64 6.399997726 51
686 64 6.399998726 93
687 64 6.399998885 42
688 64 6.399999010 72
689 64 6.400001605 42
690 64 6.400002691 64
691 65 6.499993283 15
692 65 6.499995739 240
693 65 6.499997101 129
694 65 6.499997324 268
695 65 6.499997753 55
696 65 6.499998740 81
697 65 6.499998914 46
698 65 6.499999659 58
699 65 6.500002190 52
700 66 6.599993305 12
701 66 6.599995764 286
702 66 6.599997128 142
703 66 6.599997348 260
704 66 6.599997779 45
705 66 6.599998764 70
706 66 6.599998947 47
707 66 6.599999059 58
708 66 6.599999693 45
709 66 6.600001654 44
710 66 6.600002215 56
711 66 6.600004036 49
712 67 6.699993332 12
713 67 6.699995788 265
714 67 6.699997151 116
715 67 6.699997383 294
716 67 6.699997804 47
717 67 6.699998788 101
718 67 6.699998976 49
719 67 6.699999084 52
720 67 6.699999719 58
721 67 6.700001680 49
722 67 6.700002239 46
723 67 6.700004059 65
724 68 6.799995813 294
725 68 6.799997177 130
726 68 6.799997399 263
727 68 6.799997830 43
728 68 6.799998812 94
729 68 6.799998992 44
730 68 6.799999110 48
731 68 6.799999745 53
732 68 6.800001701 44
733 68 6.800002263 56
734 68 6.800004086 50
735 69 6.899993380 13
736 69 6.899995830 274
737 69 6.899997204 104
738 69 6.899997423 282
739 69 6.899997855 51
740 69 6.899998840 96
741 69 6.899999017 48
742 69 6.899999767 57
743 69 6.900001727 50
744 69 6.900002287 54
745 70 6.999993407 13
746 70 6.999995855 262
747 70 6.999997227 100
748 70 6.999997450 291
749 70 6.999997880 57
750 70 6.999998872 98
751 70 6.999999042 42
752 70 6.999999160 47
753 70 7.000001753 53
754 70 7.000002840 54
755 71 7.099995892 307
756 71 7.099997254 122
757 71 7.099997474 240
758 71 7.099997906 46
759 71 7.099999075 48
760 71 7.099999186 57
761 71 7.099999819 55
762 71 7.100001778 51
763 71 7.100002340 50
764 71 7.100002863 68
765 71 7.100004160 58
766 72 7.199993455 14
767 72 7.199995916 285
768 72 7.199997281 134
769 72 7.199997501 275
770 72 7.199997931 44
771 72 7.199998916 106
772 72 7.199999092 46
773 72 7.199999211 62
774 72 7.199999845 62
775 72 7.200001804 57
776 72 7.200002364 52
777 72 7.200004187 55
778 73 7.299993482 13
779 73 7.299995929 255
780 73 7.299997303 103
781 73 7.299997525 274
782 73 7.299997957 49
783 73 7.299998940 86
784 73 7.299999116 54
785 73 7.299999871 56
786 73 7.300001829 48
787 73 7.300002916 69
788 73 7.300004210 60
789 74 7.399993504 14
790 74 7.399995966 253
791 74 7.399997330 117
792 74 7.399997548 264
793 74 7.399997982 54
794 74 7.399998972 72
795 74 7.399999141 47
796 74 7.399999262 50
797 74 7.399999897 56
798 74 7.400001855 48
799 74 7.400002416 47
800 74 7.400002939 52
801 74 7.400004238 51
802 75 7.499995983 277
803 75 7.499997355 119
804 75 7.499997578 255
805 75 7.499998007 56
806 75 7.499999002 98
807 75 7.499999170 37
808 75 7.499999285 67
809 75 7.500001881 41
810 75 7.500002440 55
811 76 7.599997378 111
812 76 7.599997602 294
813 76 7.599998033 50
814 76 7.599999018 81
815 76 7.599999310 51
816 76 7.599999942 46
817 76 7.600001902 68
818 76 7.600002465 59
819 76 7.600002988 55
820 76 7.600004290 51
821 77 7.699993582 16
822 77 7.699996040 276
823 77 7.699997404 124
824 77 7.699998058 55
825 77 7.699999042 83
826 77 7.699999220 49
827 77 7.699999336 59
828 77 7.699999968 63
829 77 7.700001928 49
830 77 7.700003015 57
831 77 7.700004314 46
832 78 7.799993609 13
833 78 7.799996065 287
834 78 7.799997431 106
835 78 7.799997658 272
836 78 7.799998080 50
837 78 7.799999074 107
838 78 7.799999244 56
839 78 7.799999361 49
840 78 7.799999994 44
841 78 7.800002517 57
842 78 7.800004341 61
843 79 7.899993631 15
844 79 7.899996090 252
845 79 7.899997453 118
846 79 7.899998105 51
847 79 7.899999091 102
848 79 7.899999277 46
849 79 7.899999386 67
850 79 7.900000020 56
851 80 7.999993658 13
852 80 7.999996115 264
853 80 7.999997480 104
854 80 7.999997701 275
855 80 7.999998130 50
856 80 7.999999119 103
857 80 7.999999294 42
858 80 7.999999411 69
859 80 8.000000054 56
860 80 8.000002005 51
861 80 8.000002565 58
862 80 8.000003090 65
863 81 8.099997503 110
864 81 8.099997725 273
865 81 8.099998156 47
866 81 8.099999319 40
867 81 8.099999436 55
868 81 8.100000067 57
869 81 8.100002590 54
870 82 8.199993707 13
871 82 8.199996168 258
872 82 8.199997529 144
873 82 8.199997753 278
874 82 8.199998181 40
875 82 8.199999167 108
876 82 8.199999344 37
877 82 8.199999462 45
878 82 8.200000093 57
879 82 8.200002618 49
880 82 8.200003140 66
881 83 8.299993734 12
882 83 8.299996181 275
883 83 8.299997556 121
884 83 8.299997777 246
885 83 8.299998207 52
886 83 8.299999195 101
887 83 8.299999380 40
888 83 8.299999483 52
889 83 8.300000119 51
890 83 8.300002077 49
891 83 8.300002642 49
892 83 8.300003166 51
893 83 8.300004466 46
894 84 8.399993756 12
895 84 8.399996218 276
896 84 8.399997578 121
897 84 8.399997804 265
898 84 8.399998232 64
899 84 8.399999220 89
900 84 8.399999397 55
901 84 8.399999508 63
902 84 8.400000145 58
903 84 8.400002666 53
904 85 8.499993785 13
905 85 8.499996231 292
906 85 8.499997605 102
907 85 8.499997828 274
908 85 8.499998257 46
909 85 8.499999242 120
910 85 8.499999420 41
911 85 8.500000167 58
912 85 8.500002694 62
913 85 8.500004247 50
914 85 8.500004517 53
915 86 8.599993808 15
916 86 8.599997632 103
917 86 8.599997852 244
918 86 8.599998283 48
919 86 8.599999278 92
920 86 8.599999453 53
921 86 8.599999558 75
922 86 8.600000192 53
923 86 8.600002719 59
924 86 8.600003244 51
925 86 8.600004540 54
926 87 8.699993835 15
927 87 8.699997654 111
928 87 8.699997876 271
929 87 8.699998308 49
930 87 8.699999302 95
931 87 8.699999584 63
932 87 8.700000218 56
933 87 8.700002180 52
934 87 8.700004568 54
935 88 8.799996317 282
936 88 8.799997681 91
937 88 8.799997904 280
938 88 8.799998334 44
939 88 8.799999318 110
940 88 8.799999494 47
941 88 8.799999609 53
942 88 8.800000244 59
943 88 8.800002205 59
944 89 8.899996342 285
945 89 8.899997707 112
946 89 8.899997927 273
947 89 8.899998359 59
948 89 8.899999342 84
949 89 8.899999518 48
950 89 8.899999634 62
951 89 8.900000270 49
952 89 8.900002227 50
953 89 8.900002795 46
954 90 8.999996359 263
955 90 8.999997730 113
956 90 8.999997951 273
957 90 8.999998384 65
958 90 8.999999543 40
959 90 8.999999659 57
960 90 9.000000292 51
961 90 9.000002253 46
962 90 9.000004642 56
963 91 9.099993934 13
964 91 9.099996396 272
965 91 9.099997757 93
966 91 9.099997979 278
967 91 9.099998410 45
968 91 9.099999394 79
969 91 9.099999568 42
970 91 9.099999684 50
971 91 9.100000317 52
972 91 9.100002278 49
973 91 9.100002844 56
974 92 9.199993961 14
975 92 9.199996408 294
976 92 9.199997783 108
977 92 9.199998003 242
978 92 9.199998435 46
979 92 9.199999418 99
980 92 9.199999604 46
981 92 9.199999710 59
982 92 9.200000343 69
983 92 9.200002304 58
984 92 9.200004693 60
985 93 9.299993983 15
986 93 9.299996445 265
987 93 9.299997806 129
988 93 9.299998035 296
989 93 9.299998461 56
990 93 9.299999442 102
991 93 9.299999735 51
992 94 9.399994010 14
993 94 9.399996458 271
994 94 9.399997832 131
995 94 9.399998054 243
996 94 9.399998486 55
997 94 9.399999478 94
998 94 9.399999645 54
999 94 9.399999760 50
1000 94 9.400000395 54
1001 94 9.400002355 48
1002 94 9.400002920 59
1003 94 9.400003443 59
1004 95 9.499994035 15
1005 95 9.499996493 274
1006 95 9.499997855 122
1007 95 9.499998082 277
1008 95 9.499998507 57
1009 95 9.499999502 92
1010 95 9.499999670 43
1011 95 9.499999787 64
1012 95 9.500000419 58
1013 95 9.500002383 54
1014 95 9.500002944 60
1015 96 9.599994062 14
1016 96 9.599996517 268
1017 96 9.599997882 115
1018 96 9.599998102 285
1019 96 9.599998533 61
1020 96 9.599999526 102
1021 96 9.599999695 40
1022 96 9.599999813 73
1023 96 9.600000445 79
1024 96 9.600002404 48
1025 96 9.600002969 59
1026 96 9.600003494 66
1027 97 9.699994085 12
1028 97 9.699996542 255
1029 97 9.699997908 106
1030 97 9.699998130 225
1031 97 9.699998558 57
1032 97 9.699999550 100
1033 97 9.699999727 53
1034 97 9.699999838 58
1035 97 9.700000471 71
1036 97 9.700002430 63
1037 97 9.700003517 46
1038 98 9.799994112 12
1039 98 9.799996566 253
1040 98 9.799997931 93
1041 98 9.799998150 270
1042 98 9.799998584 57
1043 98 9.799999570 110
1044 98 9.799999744 50
1045 98 9.799999864 64
1046 98 9.800000497 50
1047 98 9.800003021 47
1048 99 9.899994135 12
1049 99 9.899997957 111
1050 99 9.899998609 49
1051 99 9.899999594 82
1052 99 9.899999768 47
1053 99 9.899999885 52
1054 99 9.900000519 51
1055 99 9.900003045 60
1056 99 9.900003566 50
1057 99 9.900004866 51
1058 100 9.999994162 14
1059 100 9.999996616 275
1060 100 9.999997984 117
1061 100 9.999998205 273
1062 100 9.999998634 47
1063 100 9.999999626 99
1064 100 9.999999793 41
1065 100 9.999999910 66
1066 100 10.000000545 51
1067 100 10.000002508 47
1068 100 10.000003069 54
1069 101 10.099994185 13
1070 101 10.099998015 130
1071 101 10.099998229 284
1072 101 10.099998660 46
1073 101 10.099999642 84
1074 101 10.099999818 47
1075 101 10.099999936 51
1076 101 10.100000571 57
1077 101 10.100002533 56
1078 101 10.100003619 43
1079 101 10.100004916 51
1080 102 10.199994212 16
1081 102 10.199996665 259
1082 102 10.199998033 83
1083 102 10.199998249 292
1084 102 10.199998685 38
1085 102 10.199999670 93
1086 102 10.199999842 54
1087 102 10.199999961 61
1088 102 10.200000597 58
1089 102 10.200003122 50
1090 102 10.200003642 50
1091 102 10.200004943 48
1092 103 10.299994235 16
1093 103 10.299996689 262
1094 103 10.299998060 102
1095 103 10.299998281 257
1096 103 10.299998711 49
1097 103 10.299999702 108
1098 103 10.299999871 40
1099 103 10.299999987 75
1100 103 10.300000623 56
1101 103 10.300002581 54
1102 103 10.300003146 49
1103 103 10.300004966 48
1104 104 10.399994258 13
1105 104 10.399996714 285
1106 104 10.399998082 129
1107 104 10.399998304 274
1108 104 10.399998736 46
1109 104 10.399999718 93
1110 104 10.399999895 61
1111 104 10.400000012 64
1112 104 10.400000645 52
1113 104 10.400002607 54
1114 105 10.499996743 307
1115 105 10.499998107 114
1116 105 10.499998336 256
1117 105 10.499998761 62
1118 105 10.499999754 91
1119 105 10.499999926 37
1120 105 10.500000037 48
1121 105 10.500000671 54
1122 105 10.500003194 52
1123 105 10.500003720 56
1124 106 10.599996755 284
1125 106 10.599998129 89
1126 106 10.599998352 257
1127 106 10.599998787 47
1128 106 10.599999770 107
1129 106 10.599999942 46
1130 106 10.600000063 56
1131 106 10.600000697 56
1132 106 10.600002658 52
1133 106 10.600003223 73
1134 106 10.600003746 43
1135 106 10.600005044 56
1136 107 10.699996780 258
1137 107 10.699998156 132
1138 107 10.699998380 274
1139 107 10.699998812 46
1140 107 10.699999802 96
1141 107 10.699999967 50
1142 107 10.700000088 73
1143 107 10.700000723 58
1144 107 10.700002684 50
1145 107 10.700003247 55
1146 107 10.700003769 53
1147 108 10.799994358 13
1148 108 10.799998182 110
1149 108 10.799998408 258
1150 108 10.799998838 52
1151 108 10.799999818 90
1152 108 10.799999999 50
1153 108 10.800000749 49
1154 108 10.800002710 59
1155 108 10.800003271 65
1156 108 10.800003796 42
1157 108 10.800005094 57
1158 109 10.899994385 17
1159 109 10.899996849 284
1160 109 10.899998204 90
1161 109 10.899998431 279
1162 109 10.899998863 41
1163 109 10.899999854 102
1164 109 10.900000027 58
1165 109 10.900000139 54
1166 109 10.900003295 59
1167 109 10.900005118 55
1168 110 10.999994408 15
1169 110 10.999996858 295
1170 110 10.999998231 110
1171 110 10.999998455 277
1172 110 10.999998884 51
1173 110 11.000000044 52
1174 110 11.000000164 46
1175 110 11.000000797 46
1176 110 11.000002758 56
1177 110 11.000003323 44
1178 110 11.000003846 49
1179 110 11.000005145 66
1180 111 11.099994435 13
1181 111 11.099996882 276
1182 111 11.099998257 125
1183 111 11.099998479 279
1184 111 11.099998910 45
1185 111 11.099999894 89
1186 111 11.100000076 55
1187 111 11.100000190 50
1188 111 11.100000823 49
1189 111 11.100002783 48
1190 111 11.100003872 60
1191 111 11.100005168 45
1192 112 11.199994458 14
1193 112 11.199996915 274
1194 112 11.199998280 142
1195 112 11.199998935 41
1196 112 11.199999918 71
1197 112 11.200000093 43
1198 112 11.200000215 61
1199 112 11.200000849 55
1200 112 11.200002809 43
1201 112 11.200003372 62
1202 112 11.200004925 53
1203 112 11.200005191 51
1204 113 11.299996931 265
1205 113 11.299998306 105
1206 113 11.299998531 281
1207 113 11.299998961 45
1208 113 11.299999954 80
1209 113 11.300000117 42
1210 113 11.300000241 53
1211 113 11.300000875 63
1212 113 11.300002835 58
1213 113 11.300003396 54
1214 113 11.300005218 58
1215 114 11.399994508 15
1216 114 11.399998332 108
1217 114 11.399998554 274
1218 114 11.399998986 44
1219 114 11.399999970 90
1220 114 11.400000141 49
1221 114 11.400000266 74
1222 114 11.400000897 67
1223 114 11.400002861 58
1224 115 11.499994536 16
1225 115 11.499996983 280
1226 115 11.499998357 123
1227 115 11.499998576 302
1228 115 11.499999014 45
1229 115 11.500000002 95
1230 115 11.500000168 50
1231 115 11.500000291 56
1232 115 11.500000923 56
1233 115 11.500002885 54
1234 115 11.500003446 73
1235 116 11.599994563 13
1236 116 11.599997016 273
1237 116 11.599998384 99
1238 116 11.599998608 286
1239 116 11.599999039 43
1240 116 11.600000193 43
1241 116 11.600000317 58
1242 116 11.600000949 63
1243 116 11.600002906 66
1244 116 11.600003470 49
1245 116 11.600005290 65
1246 117 11.699994586 18
1247 117 11.699997032 250
1248 117 11.699998406 115
1249 117 11.699998628 262
1250 117 11.699999065 48
1251 117 11.700000054 92
1252 117 11.700000217 41
1253 117 11.700000342 63
1254 117 11.700000975 51
1255 117 11.700002932 57
1256 117 11.700003494 68
1257 117 11.700005317 50
1258 118 11.799997069 311
1259 118 11.799998433 125
1260 118 11.799998656 265
1261 118 11.799999090 61
1262 118 11.800000070 99
1263 118 11.800000242 44
1264 118 11.800000368 52
1265 118 11.800001001 55
1266 118 11.800002957 49
1267 118 11.800004048 70
1268 118 11.800005340 54
1269 119 11.899994637 16
1270 119 11.899997082 283
1271 119 11.899998459 125
1272 119 11.899998680 247
1273 119 11.899999116 48
1274 119 11.900000270 39
1275 119 11.900000393 61
1276 119 11.900001023 52
1277 119 11.900002983 49
1278 119 11.900003546 54
1279 119 11.900005367 56
1280 120 11.999994661 15
1281 120 11.999997119 255
1282 120 11.999998482 124
1283 120 11.999998716 277
1284 120 11.999999142 49
1285 120 12.000000118 114
1286 120 12.000000303 52
1287 120 12.000001049 58
1288 120 12.000003009 55
1289 120 12.000005390 41
1290 121 12.099994688 14
1291 121 12.099997132 227
1292 121 12.099998508 110
1293 121 12.099998732 231
1294 121 12.099999167 53
1295 121 12.100000146 78
1296 121 12.100000320 53
1297 121 12.100000440 50
1298 121 12.100001075 47
1299 121 12.100004124 50
1300 122 12.199994711 14
1301 122 12.199997168 256
1302 122 12.199998535 128
1303 122 12.199998756 292
1304 122 12.199999189 45
1305 122 12.200000170 102
1306 122 12.200000344 47
1307 122 12.200001101 54
1308 122 12.200003056 44
1309 122 12.200003618 58
1310 123 12.299994735 14
1311 123 12.299997193 251
1312 123 12.299998558 119
1313 123 12.299998788 287
1314 123 12.299999214 45
1315 123 12.300000202 128
1316 123 12.300000377 41
1317 123 12.300000491 57
1318 123 12.300001123 58
1319 123 12.300003081 49
1320 123 12.300003646 57
1321 123 12.300004174 45
1322 123 12.300005463 53
1323 124 12.399994762 16
1324 124 12.399997210 282
1325 124 12.399998584 137
1326 124 12.399998808 267
1327 124 12.399999240 59
1328 124 12.400000218 90
1329 124 12.400000393 44
1330 124 12.400000516 66
1331 124 12.400001149 56
1332 124 12.400003107 51
1333 124 12.400003670 52
1334 124 12.400005490 56
1335 125 12.499994786 13
1336 125 12.499998605 115
1337 125 12.499998830 275
1338 125 12.499999261 56
1339 125 12.500000252 100
1340 125 12.500000418 43
1341 125 12.500000541 58
1342 125 12.500001175 53
1343 125 12.500003133 44
1344 125 12.500005515 52
1345 126 12.599994809 17
1346 126 12.599997268 314
1347 126 12.599998631 108
1348 126 12.599998858 275
1349 126 12.599999286 47
1350 126 12.600000272 114
1351 126 12.600000443 47
1352 126 12.600000567 61
1353 126 12.600001201 62
1354 126 12.600003718 59
1355 126 12.600004244 49
1356 126 12.600007020 42
1357 127 12.699998654 108
1358 127 12.699998882 248
1359 127 12.699999312 62
1360 127 12.700000296 95
1361 127 12.700000475 38
1362 127 12.700001223 66
1363 127 12.700003180 45
1364 127 12.700003742 59
1365 128 12.799994860 16
1366 128 12.799997317 265
1367 128 12.799998680 103
1368 128 12.799999333 48
1369 128 12.800000328 102
1370 128 12.800000500 43
1371 128 12.800000618 66
1372 128 12.800001249 52
1373 128 12.800003766 59
1374 128 12.800005588 49
1375 129 12.899997330 268
1376 129 12.899998706 116
1377 129 12.899998929 249
1378 129 12.899999358 43
1379 129 12.900000353 121
1380 129 12.900000516 46
1381 129 12.900001271 54
1382 129 12.900003231 53
1383 130 12.999994907 15
1384 130 12.999997367 254
1385 130 12.999998729 118
1386 130 12.999998949 281
1387 130 12.999999383 44
1388 130 13.000000377 103
1389 130 13.000000541 40
1390 130 13.000000668 68
1391 130 13.000001297 52
1392 130 13.000003818 50
1393 131 13.099994930 14
1394 131 13.099997392 251
1395 131 13.099998755 134
1396 131 13.099998981 244
1397 131 13.099999408 52
1398 131 13.100000405 87
1399 131 13.100000566 41
1400 131 13.100000690 53
1401 131 13.100001323 54
1402 131 13.100003278 51
1403 131 13.100005662 53
1404 132 13.199994957 13
1405 132 13.199997416 307
1406 132 13.199998778 109
1407 132 13.199999005 298
1408 132 13.199999434 41
1409 132 13.200000421 130
1410 132 13.200000590 37
1411 132 13.200000715 49
1412 132 13.200001349 55
1413 132 13.200003304 41
1414 132 13.200003866 53
1415 132 13.200004396 51
1416 132 13.200005689 47
1417 133 13.299994981 13
1418 133 13.299997441 311
1419 133 13.299998804 101
1420 133 13.299999029 267
1421 133 13.299999459 44
1422 133 13.300000453 102
1423 133 13.300000619 40
1424 133 13.300000741 58
1425 133 13.300001371 61
1426 133 13.300003329 52
1427 133 13.300004418 57
1428 134 13.399997466 295
1429 134 13.399998830 112
1430 134 13.399999048 286
1431 134 13.399999484 59
1432 134 13.400000478 90
1433 134 13.400000643 50
1434 134 13.400000766 50
1435 134 13.400001397 46
1436 134 13.400003355 47
1437 134 13.400003918 61
1438 134 13.400004445 50
1439 134 13.400005740 51
1440 135 13.499995034 13
1441 135 13.499997491 321
1442 135 13.499998853 108
1443 135 13.499999511 46
1444 135 13.500000506 80
1445 135 13.500000670 46
1446 135 13.500000789 59
1447 135 13.500001423 55
1448 135 13.500003381 51
1449 135 13.500003942 54
1450 136 13.599995057 12
1451 136 13.599997516 283
1452 136 13.599998879 129
1453 136 13.599999104 266
1454 136 13.599999537 47
1455 136 13.600000530 99
1456 136 13.600000695 52
1457 136 13.600000814 56
1458 136 13.600001449 51
1459 136 13.600003402 51
1460 136 13.600003966 49
1461 136 13.600005521 51
1462 136 13.600005790 55
1463 137 13.699997532 273
1464 137 13.699998902 109
1465 137 13.699999124 293
1466 137 13.699999562 50
1467 137 13.700000554 81
1468 137 13.700000728 41
1469 137 13.700000840 60
1470 137 13.700001475 60
1471 137 13.700003428 56
1472 137 13.700004529 44
1473 137 13.700005813 56
1474 138 13.799995108 14
1475 138 13.799997565 266
1476 138 13.799998928 120
1477 138 13.799999156 235
1478 138 13.799999588 48
1479 138 13.800000570 103
1480 138 13.800000744 41
1481 138 13.800000865 72
1482 138 13.800001497 50
1483 138 13.800004543 58
1484 138 13.800005840 57
1485 139 13.899997582 267
1486 139 13.899998954 105
1487 139 13.899999183 290
1488 139 13.899999609 50
1489 139 13.900000599 106
1490 139 13.900000769 37
1491 139 13.900000890 53
1492 139 13.900001523 56
1493 139 13.900003479 45
1494 140 13.999995156 14
1495 140 13.999997607 272
1496 140 13.999998977 112
1497 140 13.999999203 282
1498 140 13.999999634 60
1499 140 14.000000623 87
1500 140 14.000000794 53
1501 140 14.000000915 52
1502 140 14.000001549 67
1503 141 14.099995183 13
1504 141 14.099997632 270
1505 141 14.099999003 114
1506 141 14.099999231 285
1507 141 14.099999660 48
1508 141 14.100000647 103
1509 141 14.100000819 50
1510 141 14.100000940 53
1511 141 14.100001575 53
1512 141 14.100005914 48
1513 142 14.199995207 13
1514 142 14.199997656 288
1515 142 14.199999030 105
1516 142 14.199999685 44
1517 142 14.200000671 101
1518 142 14.200000844 44
1519 142 14.200000966 73
1520 142 14.200001601 52
1521 142 14.200003552 56
1522 142 14.200004114 51
1523 143 14.299995230 16
1524 143 14.299997681 271
1525 143 14.299999052 116
1526 143 14.299999287 248
1527 143 14.299999711 51
1528 143 14.300000707 102
1529 143 14.300000880 44
1530 143 14.300000991 83
1531 143 14.300001623 52
1532 143 14.300003577 49
1533 143 14.300004142 53
1534 143 14.300004668 46
1535 143 14.300005964 55
1536 144 14.399997718 272
1537 144 14.399999078 124
1538 144 14.399999736 54
1539 144 14.400000724 96
1540 144 14.400000897 36
1541 144 14.400001649 47
1542 144 14.400004166 61
1543 144 14.400004695 47
1544 144 14.400005988 64
1545 145 14.499995286 13
1546 145 14.499997745 240
1547 145 14.499999103 121
1548 145 14.499999328 260
1549 145 14.499999761 55
1550 145 14.500000754 100
1551 145 14.500000920 59
1552 145 14.500001039 52
1553 145 14.500001673 58
1554 145 14.500003629 69
1555 145 14.500004192 49
1556 145 14.500006015 50
1557 146 14.599995310 13
1558 146 14.599997758 268
1559 146 14.599999129 99
1560 146 14.599999352 256
1561 146 14.599999787 46
1562 146 14.600000770 73
1563 146 14.600000945 45
1564 146 14.600001064 75
1565 146 14.600001698 52
1566 146 14.600003654 49
1567 146 14.600004217 62
1568 146 14.600004746 53
1569 146 14.600006038 53
1570 146 14.600007517 47
1571 147 14.699995334 13
1572 147 14.699997783 250
1573 147 14.699999156 91
1574 147 14.699999375 250
1575 147 14.699999812 51
1576 147 14.700000806 94
1577 147 14.700000969 50
1578 147 14.700001089 57
1579 147 14.700001720 57
1580 147 14.700004769 58
1581 147 14.700006061 50
1582 148 14.799995358 17
1583 148 14.799997808 283
1584 148 14.799999179 116
1585 148 14.799999411 270
1586 148 14.799999838 45
1587 148 14.800000830 82
1588 148 14.800000994 37
1589 148 14.800001110 61
1590 148 14.800003701 50
1591 148 14.800004269 56
1592 148 14.800006088 42
1593 149 14.899995382 13
1594 149 14.899997845 269
1595 149 14.899999205 124
1596 149 14.899999434 254
1597 149 14.899999859 42
1598 149 14.900000854 86
1599 149 14.900001026 57
1600 149 14.900001135 56
1601 149 14.900001772 56
1602 149 14.900004293 54
1603 149 14.900004823 54
1604 149 14.900006112 49
1605 149 14.900006708 58
1606 150 14.999995410 14
1607 150 14.999999228 119
1608 150 14.999999450 266
1609 150 14.999999884 48
1610 150 15.000000870 77
1611 150 15.000001043 43
1612 150 15.000001160 55
1613 150 15.000001798 47
1614 150 15.000006139 68
1615 150 15.000007618 60
1616 151 15.099997895 320
1617 151 15.099999254 124
1618 151 15.099999910 53
1619 151 15.100000894 85
1620 151 15.100001076 36
1621 151 15.100001185 77
1622 151 15.100001819 59
1623 151 15.100003778 48
1624 151 15.100004342 60
1625 151 15.100004872 55
1626 151 15.100006162 55
1627 152 15.199995458 13
1628 152 15.199999277 97
1629 152 15.199999501 256
1630 152 15.199999935 41
1631 152 15.200000930 96
1632 152 15.200001092 49
1633 152 15.200001210 47
1634 152 15.200001845 54
1635 152 15.200003804 51
1636 153 15.299997945 260
1637 153 15.299999304 132
1638 153 15.299999961 44
1639 153 15.300000946 110
1640 153 15.300001125 36
1641 153 15.300001235 57
1642 153 15.300001871 49
1643 153 15.300003825 50
1644 153 15.300004394 57
1645 154 15.399995510 12
1646 154 15.399997970 283
1647 154 15.399999330 106
1648 154 15.399999548 244
1649 154 15.399999986 52
1650 154 15.400000970 96
1651 154 15.400001141 42
1652 154 15.400001260 90
1653 154 15.400001897 57
1654 154 15.400004418 50
1655 154 15.400006236 58
1656 155 15.499997993 264
1657 155 15.499999343 160
1658 155 15.499999586 268
1659 155 15.500000011 53
1660 155 15.500000991 89
1661 155 15.500001180 41
1662 155 15.500001289 59
1663 155 15.500001923 55
1664 155 15.500004445 58
1665 155 15.500004972 54
1666 155 15.500006265 49
1667 156 15.599995558 17
1668 156 15.599998018 245
1669 156 15.599999377 110
1670 156 15.599999602 267
1671 156 15.600000037 50
1672 156 15.600001019 98
1673 156 15.600001205 43
1674 156 15.600001315 56
1675 156 15.600001944 56
1676 156 15.600003902 46
1677 156 15.600004469 65
1678 156 15.600006288 50
1679 157 15.699995582 11
1680 157 15.699999404 130
1681 157 15.699999626 278
1682 157 15.700000062 44
1683 157 15.700001043 98
1684 157 15.700001222 45
1685 157 15.700001340 66
1686 157 15.700001970 54
1687 157 15.700003928 49
1688 158 15.799995610 15
1689 158 15.799998071 250
1690 158 15.799999426 114
1691 158 15.799999650 261
1692 158 15.800000088 49
1693 158 15.800001067 98
1694 158 15.800001246 55
1695 158 15.800001366 51
1696 158 15.800006339 68
1697 159 15.899995634 20
1698 159 15.899998084 261
1699 159 15.899999452 132
1700 159 15.899999673 268
1701 159 15.900000113 41
1702 159 15.900001091 104
1703 159 15.900001279 40
1704 159 15.900001391 63
1705 159 15.900002022 59
1706 159 15.900004546 52
1707 159 15.900005075 58
1708 159 15.900006366 62
1709 159 15.900007845 41
1710 160 15.999998109 290
1711 160 15.999999475 111
1712 160 15.999999701 282
1713 160 16.000000134 44
1714 160 16.000001126 89
1715 160 16.000001304 48
1716 160 16.000001416 63
1717 160 16.000002048 49
1718 160 16.000004001 51
1719 160 16.000004571 56
1720 160 16.000005098 52
1721 161 16.099995682 13
1722 161 16.099998146 272
1723 161 16.099999501 93
1724 161 16.099999725 271
1725 161 16.100000160 48
1726 161 16.100001146 119
1727 161 16.100001321 57
1728 161 16.100001442 54
1729 161 16.100004026 60
1730 161 16.100004595 55
1731 161 16.100006149 51
1732 161 16.100006417 57
1733 162 16.199995706 12
1734 162 16.199998158 250
1735 162 16.199999528 111
1736 162 16.199999753 252
1737 162 16.200000185 45
1738 162 16.200001166 86
1739 162 16.200001354 49
1740 162 16.200001467 47
1741 162 16.200002095 49
1742 162 16.200004052 47
1743 162 16.200004623 52
1744 162 16.200005147 54
1745 162 16.200006441 59
1746 162 16.200007034 54
1747 162 16.200007920 56
1748 163 16.299995730 14
1749 163 16.299998183 282
1750 163 16.299999550 126
1751 163 16.299999777 276
1752 163 16.300000211 52
1753 163 16.300001198 75
1754 163 16.300001378 45
1755 163 16.300001493 80
1756 163 16.300002121 50
1757 163 16.300004077 55
1758 163 16.300004648 68
1759 163 16.300006464 53
1760 164 16.399995758 15
1761 164 16.399998220 282
1762 164 16.399999576 98
1763 164 16.399999800 279
1764 164 16.400000236 45
1765 164 16.400001226 99
1766 164 16.400001403 38
1767 164 16.400001514 66
1768 164 16.400002147 56
1769 164 16.400004103 55
1770 164 16.400006491 54
1771 165 16.499995782 14
1772 165 16.499999601 97
1773 165 16.499999830 288
1774 165 16.500000261 56
1775 165 16.500001246 100
1776 165 16.500001418 38
1777 165 16.500001537 51
1778 165 16.500002171 51
1779 165 16.500004127 46
1780 165 16.500005221 74
1781 166 16.599998267 319
1782 166 16.599999627 97
1783 166 16.599999862 245
1784 166 16.600000287 60
1785 166 16.600001278 109
1786 166 16.600001443 40
1787 166 16.600001562 68
1788 166 16.600002197 51
1789 166 16.600004152 48
1790 166 16.600006542 55
1791 167 16.699995830 19
1792 167 16.699998292 290
1793 167 16.699999654 118
1794 167 16.699999878 291
1795 167 16.700000312 45
1796 167 16.700001294 115
1797 167 16.700001479 45
1798 167 16.700001588 83
1799 167 16.700002223 62
1800 167 16.700004178 50
1801 167 16.700004747 55
1802 167 16.700005271 51
1803 168 16.799995854 15
1804 168 16.799998308 273
1805 168 16.799999677 138
1806 168 16.799999902 262
1807 168 16.800000338 49
1808 168 16.800001330 66
1809 168 16.800001496 45
1810 168 16.800001613 52
1811 168 16.800002249 59
1812 168 16.800004204 55
1813 168 16.800004771 65
1814 168 16.800007186 56
1815 169 16.899995882 14
1816 169 16.899998341 255
1817 169 16.899999703 111
1818 169 16.899999938 282
1819 169 16.900000363 48
1820 169 16.900001347 132
1821 169 16.900001520 61
1822 169 16.900001638 50
1823 170 16.999995906 14
1824 170 16.999998366 267
1825 170 16.999999730 119
1826 170 16.999999954 294
1827 170 17.000000388 46
1828 170 17.000001379 115
1829 170 17.000001545 49
1830 170 17.000001663 59
1831 170 17.000002297 53
1832 170 17.000004819 49
1833 170 17.000006370 66
1834 171 17.099998382 295
1835 171 17.099999752 130
1836 171 17.099999978 270
1837 171 17.100000410 46
1838 171 17.100001395 69
1839 171 17.100001688 64
1840 171 17.100002323 53
1841 171 17.100004848 50
1842 171 17.100005373 42
1843 172 17.199995954 13
1844 172 17.199998407 261
1845 172 17.199999779 120
1846 172 17.200000006 275
1847 172 17.200000435 46
1848 172 17.200001431 100
1849 172 17.200001594 49
1850 172 17.200001714 66
1851 172 17.200002349 76
1852 172 17.200004872 52
1853 172 17.200006691 51
1854 173 17.299995978 14
1855 173 17.299998443 273
1856 173 17.299999802 110
1857 173 17.300000030 272
1858 173 17.300000465 47
1859 173 17.300001447 76
1860 173 17.300001619 44
1861 173 17.300002375 46
1862 173 17.300004896 54
1863 173 17.300005422 51
1864 174 17.399996002 13
1865 174 17.399999828 117
1866 174 17.400000054 244
1867 174 17.400000486 53
1868 174 17.400001472 74
1869 174 17.400001643 40
1870 174 17.400001764 63
1871 174 17.400002397 49
1872 174 17.400004355 47
1873 174 17.400004920 52
1874 174 17.400006741 50
1875 175 17.499996034 16
1876 175 17.499998495 288
1877 175 17.499999857 138
1878 175 17.500000080 265
1879 175 17.500000514 46
1880 175 17.500001498 102
1881 175 17.500001680 37
1882 175 17.500001789 71
1883 175 17.500002423 57
1884 175 17.500004381 54
1885 175 17.500004948 54
1886 175 17.500005471 58
1887 176 17.599998520 291
1888 176 17.599999884 108
1889 176 17.600000104 287
1890 176 17.600000539 51
1891 176 17.600001522 95
1892 176 17.600001696 43
1893 176 17.600001814 75
1894 176 17.600002449 52
1895 177 17.699996083 12
1896 177 17.699998536 255
1897 177 17.699999907 121
1898 177 17.700000128 285
1899 177 17.700000565 54
1900 177 17.700001546 118
1901 177 17.700001721 44
1902 177 17.700001840 83
1903 177 17.700002475 57
1904 177 17.700004432 62
1905 178 17.799996108 17
1906 178 17.799998569 278
1907 178 17.799999933 131
1908 178 17.800000152 267
1909 178 17.800000590 58
1910 178 17.800001570 84
1911 178 17.800001746 48
1912 178 17.800001865 67
1913 178 17.800002501 57
1914 178 17.800006843 49
1915 179 17.899996132 13
1916 179 17.899998594 262
1917 179 17.899999956 106
1918 179 17.900000187 280
1919 179 17.900000616 51
1920 179 17.900001598 96
1921 179 17.900001778 36
1922 179 17.900001890 53
1923 179 17.900002527 48
1924 179 17.900005049 47
1925 179 17.900005574 57
1926 179 17.900006599 44
1927 179 17.900008343 49
1928 180 17.999996160 15
1929 180 17.999998611 288
1930 180 17.999999983 118
1931 180 18.000000207 283
1932 180 18.000000642 40
1933 180 18.000001622 92
1934 180 18.000001795 44
1935 180 18.000001915 58
1936 180 18.000002553 51
1937 180 18.000006894 64
1938 181 18.099996185 13
1939 181 18.099998648 288
1940 181 18.100000010 129
1941 181 18.100000231 265
1942 181 18.100000667 49
1943 181 18.100001646 87
1944 181 18.100001819 45
1945 181 18.100001940 68
1946 181 18.100002575 52
1947 181 18.100004531 45
1948 181 18.100006921 60
1949 182 18.199996209 13
1950 182 18.200000033 111
1951 182 18.200000693 54
1952 182 18.200001682 104
1953 182 18.200001844 43
1954 182 18.200001966 62
1955 182 18.200002601 67
1956 182 18.200004557 66
1957 182 18.200006945 52
1958 183 18.299996234 15
1959 183 18.299998685 275
1960 183 18.300000059 103
1961 183 18.300000279 251
1962 183 18.300000718 46
1963 183 18.300001698 83
1964 183 18.300001991 76
1965 183 18.300002627 51
1966 183 18.300004583 55
1967 183 18.300005150 53
1968 183 18.300005672 52
1969 183 18.300006972 68
1970 184 18.399996258 15
1971 184 18.399998714 290
1972 184 18.400000086 115
1973 184 18.400000306 263
1974 184 18.400000744 57
1975 184 18.400001722 92
1976 184 18.400001897 44
1977 184 18.400002016 48
1978 184 18.400002653 61
1979 184 18.400004609 58
1980 184 18.400005699 60
1981 184 18.400006727 52
1982 184 18.400006995 44
1983 185 18.499996284 15
1984 185 18.499998747 286
1985 185 18.500000107 121
1986 185 18.500000336 282
1987 185 18.500000767 57
1988 185 18.500001746 74
1989 185 18.500001922 44
1990 185 18.500002677 54
1991 185 18.500004635 49
1992 185 18.500007023 44
1993 186 18.599996309 13
1994 186 18.599998772 297
1995 186 18.600000133 111
1996 186 18.600000356 253
1997 186 18.600000793 39
1998 186 18.600001774 78
1999 186 18.600001954 48
2000 186 18.600002066 62
2001 186 18.600002698 75
2002 186 18.600005227 52
2003 186 18.600007046 50
2004 187 18.699998796 262
2005 187 18.700000160 144
2006 187 18.700000384 252
2007 187 18.700000818 48
2008 187 18.700001806 98
2009 187 18.700001971 55
2010 187 18.700002092 62
2011 187 18.700002724 56
2012 187 18.700004686 42
2013 187 18.700005775 55
2014 187 18.700007074 68
2015 187 18.700007665 49
2016 188 18.799996362 14
2017 188 18.799998821 288
2018 188 18.800000183 107
2019 188 18.800000408 276
2020 188 18.800000844 48
2021 188 18.800001826 118
2022 188 18.800002004 61
2023 188 18.800002117 60
2024 188 18.800002750 51
2025 188 18.800005275 51
2026 188 18.800007097 50
2027 189 18.899996387 16
2028 189 18.899998838 290
2029 189 18.900000209 128
2030 189 18.900000432 276
2031 189 18.900000869 50
2032 189 18.900001850 120
2033 189 18.900002032 50
2034 189 18.900002142 54
2035 189 18.900002776 53
2036 189 18.900005824 58
2037 189 18.900007124 43
2038 190 18.999998875 243
2039 190 19.000000236 112
2040 190 19.000000460 297
2041 190 19.000000894 47
2042 190 19.000001882 102
2043 190 19.000002057 44
2044 190 19.000002167 50
2045 190 19.000002802 57
2046 190 19.000004760 48
2047 190 19.000005850 59
2048 190 19.000007148 51
2049 191 19.099996436 16
2050 191 19.099998892 307
2051 191 19.100000262 122
2052 191 19.100000484 247
2053 191 19.100000920 52
2054 191 19.100001906 81
2055 191 19.100002081 39
2056 191 19.100002192 53
2057 191 19.100002827 64
2058 191 19.100004785 65
2059 191 19.100005873 50
2060 191 19.100007175 48
2061 192 19.199996461 14
2062 192 19.199998924 287
2063 192 19.200000285 129
2064 192 19.200000508 300
2065 192 19.200000945 49
2066 192 19.200001934 90
2067 192 19.200002106 44
2068 192 19.200002218 58
2069 192 19.200002853 52
2070 192 19.200004811 44
2071 192 19.200005380 56
2072 192 19.200005900 62
2073 192 19.200007199 54
2074 193 19.299996485 16
2075 193 19.299998941 251
2076 193 19.300000312 103
2077 193 19.300000536 263
2078 193 19.300000971 48
2079 193 19.300002123 59
2080 193 19.300002243 72
2081 193 19.300002875 59
2082 193 19.300004837 57
2083 193 19.300005926 61
2084 193 19.300007226 62
2085 193 19.300008696 45
2086 194 19.399998978 263
2087 194 19.400000338 126
2088 194 19.400000996 42
2089 194 19.400001974 93
2090 194 19.400002155 50
2091 194 19.400002268 70
2092 194 19.400002901 51
2093 194 19.400005428 56
2094 194 19.400007249 56
2095 195 19.499999003 297
2096 195 19.500000361 118
2097 195 19.500001021 55
2098 195 19.500002012 96
2099 195 19.500002180 36
2100 195 19.500002293 54
2101 195 19.500002919 61
2102 195 19.500004887 51
2103 195 19.500005450 54
2104 195 19.500007273 55
2105 196 19.599996563 13
2106 196 19.599999028 281
2107 196 19.600000387 112
2108 196 19.600000612 275
2109 196 19.600001043 44
2110 196 19.600002036 100
2111 196 19.600002196 55
2112 196 19.600002318 54
2113 196 19.600002952 70
2114 196 19.600004912 56
2115 196 19.600007296 50
2116 197 19.699996588 15
2117 197 19.699999052 264
2118 197 19.700000414 110
2119 197 19.700000644 240
2120 197 19.700001068 54
2121 197 19.700002060 94
2122 197 19.700002225 45
2123 197 19.700002352 81
2124 197 19.700002978 58
2125 197 19.700004938 49
2126 197 19.700005502 55
2127 198 19.799996612 17
2128 198 19.799999065 247
2129 198 19.800000437 118
2130 198 19.800000656 265
2131 198 19.800001094 40
2132 198 19.800002076 88
2133 198 19.800002250 45
2134 198 19.800002369 57
2135 198 19.800003000 57
2136 198 19.800007346 48
2137 198 19.800008822 41
2138 199 19.899996637 15
2139 199 19.899999090 278
2140 199 19.900000463 116
2141 199 19.900000688 255
2142 199 19.900001119 43
2143 199 19.900002113 103
2144 199 19.900002274 41
2145 199 19.900002394 91
2146 199 19.900003026 50
2147 199 19.900004985 51
2148 199 19.900005550 53
2149 199 19.900007373 50
2150 200 19.999999119 256
2151 200 20.000000490 132
2152 200 20.000000720 264
2153 200 20.000001144 42
2154 200 20.000002137 88
2155 200 20.000002299 37
2156 200 20.000002419 66
2157 200 20.000003052 48
2158 200 20.000005011 52
2159 200 20.000005578 52
2160 200 20.000007396 44
2161 201 20.099999144 268
2162 201 20.100000512 133
2163 201 20.100000736 255
2164 201 20.100001170 45
2165 201 20.100002153 95
2166 201 20.100002323 43
2167 201 20.100003077 50
2168 201 20.100005602 49
2169 201 20.100007423 48
2170 202 20.199996711 16
2171 202 20.199999168 269
2172 202 20.200000539 130
2173 202 20.200000772 280
2174 202 20.200001195 53
2175 202 20.200002181 111
2176 202 20.200003103 62
2177 203 20.299996735 15
2178 203 20.299999201 292
2179 203 20.300000566 104
2180 203 20.300000788 267
2181 203 20.300001221 52
2182 203 20.300002205 84
2183 203 20.300002377 45
2184 203 20.300002495 61
2185 203 20.300003129 57
2186 203 20.300005654 58
2187 203 20.300007473 56
2188 204 20.399996760 17
2189 204 20.399999218 261
2190 204 20.400000588 116
2191 204 20.400000816 260
2192 204 20.400001246 49
2193 204 20.400002238 95
2194 204 20.400002409 43
2195 204 20.400005113 55
2196 204 20.400006203 53
2197 204 20.400007496 48
2198 205 20.499996789 15
2199 205 20.499999253 262
2200 205 20.500000613 114
2201 205 20.500000848 289
2202 205 20.500001269 48
2203 205 20.500002256 127
2204 205 20.500002426 39
2205 205 20.500003179 60
2206 205 20.500005141 54
2207 205 20.500005702 70
2208 205 20.500006228 51
2209 206 20.599996814 16
2210 206 20.599999277 276
2211 206 20.600000639 141
2212 206 20.600000864 272
2213 206 20.600001294 63
2214 206 20.600002280 114
2215 206 20.600002450 47
2216 206 20.600003205 53
2217 206 20.600005166 66
2218 206 20.600005730 54
2219 206 20.600007550 78
2220 207 20.699999302 285
2221 207 20.700000662 98
2222 207 20.700000892 235
2223 207 20.700001320 43
2224 207 20.700002304 109
2225 207 20.700002475 50
2226 207 20.700002598 48
2227 207 20.700003231 51
2228 207 20.700005192 47
2229 208 20.799999326 271
2230 208 20.800000688 125
2231 208 20.800000912 275
2232 208 20.800001345 53
2233 208 20.800002332 108
2234 208 20.800002504 47
2235 208 20.800002624 52
2236 208 20.800003257 63
2237 208 20.800005218 54
2238 208 20.800005778 51
2239 209 20.899996893 16
2240 209 20.899999351 254
2241 209 20.900000714 145
2242 209 20.900000940 287
2243 209 20.900001370 44
2244 209 20.900002364 90
2245 209 20.900002528 48
2246 209 20.900002649 47
2247 209 20.900003283 49
2248 209 20.900007628 60
2249 210 20.999996918 12
2250 210 20.999999368 304
2251 210 21.000000737 114
2252 210 21.000000968 284
2253 210 21.000001395 46
2254 210 21.000002380 106
2255 210 21.000002674 77
2256 210 21.000003309 50
2257 211 21.099996943 15
2258 211 21.099999404 263
2259 211 21.100000763 127
2260 211 21.100000992 266
2261 211 21.100001420 58
2262 211 21.100002404 118
2263 211 21.100002577 52
2264 211 21.100002700 46
2265 211 21.100003335 48
2266 211 21.100005291 49
2267 211 21.100006380 50
2268 211 21.100007679 63
2269 212 21.199996968 13
2270 212 21.199999429 271
2271 212 21.200000790 108
2272 212 21.200001016 263
2273 212 21.200001446 46
2274 212 21.200002440 78
2275 212 21.200002610 40
2276 212 21.200002725 58
2277 212 21.200003357 68
2278 212 21.200005317 56
2279 212 21.200007703 47
2280 213 21.299996993 16
2281 213 21.300000816 113
2282 213 21.300001044 270
2283 213 21.300001471 44
2284 213 21.300002456 93
2285 213 21.300002627 41
2286 213 21.300002751 79
2287 213 21.300003383 48
2288 213 21.300005343 59
2289 213 21.300005906 47
2290 213 21.300007461 55
2291 213 21.300007730 58
2292 214 21.399997018 14
2293 214 21.400000838 120
2294 214 21.400001076 246
2295 214 21.400001496 48
2296 214 21.400002484 96
2297 214 21.400002655 55
2298 214 21.400002776 61
2299 214 21.400003409 49
2300 214 21.400005369 49
2301 214 21.400005930 55
2302 214 21.400006457 55
2303 215 21.499997043 14
2304 215 21.499999489 264
2305 215 21.500000867 128
2306 215 21.500001102 255
2307 215 21.500001523 49
2308 215 21.500002510 93
2309 215 21.500002680 48
2310 215 21.500002801 71
2311 215 21.500003435 60
2312 215 21.500005395 48
2313 215 21.500005956 56
2314 215 21.500007779 54
2315 216 21.599997068 15
2316 216 21.599999522 264
2317 216 21.600000893 136
2318 216 21.600001126 287
2319 216 21.600001549 56
2320 216 21.600002534 94
2321 216 21.600002704 50
2322 216 21.600002827 57
2323 216 21.600005420 52
2324 216 21.600005985 52
2325 216 21.600006504 50
2326 216 21.600009280 41
2327 217 21.699997093 13
2328 217 21.699999558 300
2329 217 21.700000916 121
2330 217 21.700001142 263
2331 217 21.700001574 46
2332 217 21.700002570 111
2333 217 21.700002852 60
2334 217 21.700005446 63
2335 217 21.700007829 52
2336 218 21.799997118 17
2337 218 21.799999571 289
2338 218 21.800000943 111
2339 218 21.800001166 270
2340 218 21.800001600 51
2341 218 21.800002586 87
2342 218 21.800002754 44
2343 218 21.800002878 43
2344 218 21.800003513 62
2345 218 21.800005472 53
2346 218 21.800006033 60
2347 218 21.800006557 49
2348 218 21.800007852 48
2349 219 21.899997143 13
2350 219 21.899999596 261
2351 219 21.900000969 96
2352 219 21.900001193 261
2353 219 21.900001625 60
2354 219 21.900002611 95
2355 219 21.900002786 51
2356 219 21.900003535 64
2357 219 21.900006061 53
2358 220 21.999997168 15
2359 220 21.999999633 295
2360 220 22.000000992 125
2361 220 22.000001217 273
2362 220 22.000001650 54
2363 220 22.000002635 107
2364 220 22.000002807 55
2365 220 22.000002928 76
2366 220 22.000003561 54
2367 220 22.000006085 51
2368 220 22.000007903 49
2369 221 22.099997193 14
2370 221 22.099999650 321
2371 221 22.100001018 110
2372 221 22.100001249 261
2373 221 22.100001676 45
2374 221 22.100002663 84
2375 221 22.100002831 38
2376 221 22.100002954 114
2377 221 22.100003587 46
2378 221 22.100005545 52
2379 221 22.100006633 59
2380 221 22.100007930 66
2381 222 22.199997218 16
2382 222 22.199999674 269
2383 222 22.200001045 150
2384 222 22.200001269 278
2385 222 22.200001701 57
2386 222 22.200002695 95
2387 222 22.200002856 51
2388 222 22.200002979 59
2389 222 22.200003613 47
2390 222 22.200005571 63
2391 222 22.200006134 57
2392 222 22.200006656 53
2393 222 22.200007953 74
2394 223 22.299997243 14
2395 223 22.299999707 272
2396 223 22.300001068 128
2397 223 22.300001727 43
2398 223 22.300002711 91
2399 223 22.300002889 49
2400 223 22.300003005 64
2401 223 22.300003639 53
2402 223 22.300005597 52
2403 223 22.300006162 57
2404 223 22.300007980 48
2405 224 22.399997268 14
2406 224 22.399999724 274
2407 224 22.400001094 121
2408 224 22.400001320 281
2409 224 22.400001752 57
2410 224 22.400002744 116
2411 224 22.400002905 45
2412 224 22.400003030 73
2413 224 22.400003665 51
2414 224 22.400005623 53
2415 224 22.400006186 63
2416 224 22.400006709 53
2417 224 22.400008004 57
2418 225 22.499997297 16
2419 225 22.499999759 286
2420 225 22.500001119 131
2421 225 22.500001344 242
2422 225 22.500001775 51
2423 225 22.500002770 85
2424 225 22.500002930 43
2425 225 22.500003053 52
2426 225 22.500003685 56
2427 225 22.500006210 57
2428 225 22.500006731 52
2429 225 22.500008031 50
2430 225 22.500008628 55
2431 226 22.599997323 11
2432 226 22.599999771 317
2433 226 22.600001141 106
2434 226 22.600001364 296
2435 226 22.600001800 51
2436 226 22.600002786 93
2437 226 22.600003078 80
2438 226 22.600003710 48
2439 226 22.600005674 46
2440 226 22.600006239 53
2441 226 22.600006758 55
2442 226 22.600008054 62
2443 227 22.699999796 251
2444 227 22.700001168 129
2445 227 22.700001396 279
2446 227 22.700001826 41
2447 227 22.700002814 100
2448 227 22.700002991 43
2449 227 22.700003104 50
2450 227 22.700003736 46
2451 227 22.700005700 47
2452 227 22.700006263 60
2453 227 22.700008081 66
2454 228 22.800001194 137
2455 228 22.800001420 236
2456 228 22.800001851 50
2457 228 22.800002838 96
2458 228 22.800003008 60
2459 228 22.800003129 55
2460 228 22.800003762 50
2461 228 22.800005726 47
2462 228 22.800006287 50
2463 228 22.800006807 60
2464 228 22.800008104 63
2465 229 22.899997395 12
2466 229 22.899999857 325
2467 229 22.900001216 153
2468 229 22.900001451 276
2469 229 22.900001876 51
2470 229 22.900002862 106
2471 229 22.900003040 54
2472 229 22.900003166 78
2473 229 22.900003788 50
2474 229 22.900005748 51
2475 229 22.900006834 50
2476 229 22.900007867 53
2477 229 22.900008132 52
2478 230 22.999997420 13
2479 230 22.999999882 265
2480 230 23.000001243 111
2481 230 23.000001467 271
2482 230 23.000001901 53
2483 230 23.000002894 85
2484 230 23.000003057 44
2485 230 23.000003179 53
2486 230 23.000006339 54
2487 230 23.000006856 58
2488 230 23.000008155 62
2489 231 23.099997446 14
2490 231 23.099999906 315
2491 231 23.100001269 148
2492 231 23.100001495 269
2493 231 23.100001926 43
2494 231 23.100002914 102
2495 231 23.100003081 42
2496 231 23.100003204 65
2497 231 23.100003847 52
2498 231 23.100005799 54
2499 231 23.100006364 47
2500 231 23.100008182 51
2501 232 23.199997471 15
2502 232 23.199999931 250
2503 232 23.200001292 126
2504 232 23.200001527 293
2505 232 23.200001952 53
2506 232 23.200002938 84
2507 232 23.200003106 46
2508 232 23.200003230 41
2509 232 23.200003861 60
2510 232 23.200005825 52
2511 232 23.200008205 59
2512 233 23.299997496 12
2513 233 23.299999947 300
2514 233 23.300001318 110
2515 233 23.300001547 303
2516 233 23.300001977 46
2517 233 23.300002962 106
2518 233 23.300003135 41
2519 233 23.300003255 51
2520 233 23.300003887 54
2521 233 23.300006416 52
2522 233 23.300006932 65
2523 234 23.399999972 292
2524 234 23.400001344 100
2525 234 23.400001570 268
2526 234 23.400002002 48
2527 234 23.400002990 122
2528 234 23.400003159 58
2529 234 23.400003292 74
2530 234 23.400003913 56
2531 234 23.400005877 50
2532 234 23.400006440 59
2533 234 23.400008256 49
2534 235 23.500000009 290
2535 235 23.500001369 119
2536 235 23.500002029 45
2537 235 23.500003016 105
2538 235 23.500003184 40
2539 235 23.500003303 57
2540 235 23.500003939 53
2541 235 23.500005903 48
2542 235 23.500006984 44
2543 235 23.500008283 55
2544 236 23.599997573 14
2545 236 23.600000021 259
2546 236 23.600001395 129
2547 236 23.600001628 276
2548 236 23.600002055 45
2549 236 23.600003040 117
2550 236 23.600003216 43
2551 236 23.600003328 59
2552 236 23.600003964 54
2553 236 23.600008306 53
2554 237 23.699997598 14
2555 237 23.700000058 256
2556 237 23.700001422 123
2557 237 23.700001639 264
2558 237 23.700002080 47
2559 237 23.700003064 115
2560 237 23.700003233 47
2561 237 23.700003353 53
2562 237 23.700003990 52
2563 237 23.700005954 50
2564 237 23.700006517 49
2565 237 23.700007037 52
2566 238 23.799997623 11
2567 238 23.800000082 278
2568 238 23.800001445 143
2569 238 23.800001671 256
2570 238 23.800002106 50
2571 238 23.800003092 86
2572 238 23.800003258 42
2573 238 23.800003378 59
2574 238 23.800004012 55
2575 238 23.800005980 50
2576 238 23.800006541 54
2577 238 23.800007060 48
2578 238 23.800008356 57
2579 239 23.899997649 15
2580 239 23.900000107 281
2581 239 23.900001471 148
2582 239 23.900001694 256
2583 239 23.900002131 42
2584 239 23.900003117 82
2585 239 23.900003282 52
2586 239 23.900003403 57
2587 239 23.900004038 43
2588 239 23.900008384 49
2589 240 23.999997674 15
2590 240 24.000000132 269
2591 240 24.000001498 110
2592 240 24.000001718 288
2593 240 24.000002156 47
2594 240 24.000003153 89
2595 240 24.000003311 45
2596 240 24.000003432 69
2597 240 24.000004064 53
2598 240 24.000006028 59
2599 240 24.000006593 57
2600 240 24.000007114 57
2601 240 24.000008407 40
2602 241 24.100000148 298
2603 241 24.100001524 91
2604 241 24.100001742 304
2605 241 24.100002182 52
2606 241 24.100003169 129
2607 241 24.100003335 50
2608 241 24.100003457 50
2609 241 24.100004089 53
2610 241 24.100006618 59
2611 241 24.100008434 57
2612 242 24.199997721 13
2613 242 24.200000185 259
2614 242 24.200001547 122
2615 242 24.200001769 245
2616 242 24.200002207 50
2617 242 24.200003193 99
2618 242 24.200003368 47
2619 242 24.200003482 58
2620 242 24.200004115 62
2621 242 24.200006079 52
2622 243 24.299997746 12
2623 243 24.300000209 271
2624 243 24.300001578 117
2625 243 24.300001797 277
2626 243 24.300002233 61
2627 243 24.300003221 84
2628 243 24.300003393 46
2629 243 24.300003507 55
2630 243 24.300004141 56
2631 243 24.300006105 66
2632 243 24.300006670 52
2633 243 24.300007190 40
2634 243 24.300008484 51
2635 244 24.399997772 13
2636 244 24.400000242 283
2637 244 24.400001596 153
2638 244 24.400002258 46
2639 244 24.400003254 101
2640 244 24.400003417 52
2641 244 24.400003532 51
2642 244 24.400004167 54
2643 244 24.400006131 54
2644 244 24.400007213 44
2645 244 24.400008508 58
2646 245 24.500000261 272
2647 245 24.500001623 107
2648 245 24.500001848 268
2649 245 24.500002283 49
2650 245 24.500003276 99
2651 245 24.500003438 49
2652 245 24.500003559 69
2653 245 24.500004191 51
2654 245 24.500006718 51
2655 245 24.500008535 51
2656 246 24.599997827 14
2657 246 24.600000286 262
2658 246 24.600001649 150
2659 246 24.600001872 276
2660 246 24.600002309 53
2661 246 24.600003292 89
2662 246 24.600003470 48
2663 246 24.600004217 50
2664 246 24.600006747 64
2665 246 24.600008558 59
2666 247 24.699997853 14
2667 247 24.700000310 280
2668 247 24.700001672 129
2669 247 24.700001900 228
2670 247 24.700002330 43
2671 247 24.700003320 89
2672 247 24.700003495 53
2673 247 24.700003610 49
2674 247 24.700006208 44
2675 247 24.700006771 61
2676 248 24.799997875 12
2677 248 24.800000335 290
2678 248 24.800001699 107
2679 248 24.800001924 261
2680 248 24.800002356 44
2681 248 24.800003352 96
2682 248 24.800003512 40
2683 248 24.800003631 53
2684 248 24.800004269 61
2685 248 24.800006230 53
2686 248 24.800006795 57
2687 248 24.800007313 66
2688 249 24.899997901 13
2689 249 24.900000360 269
2690 249 24.900001725 108
2691 249 24.900001948 278
2692 249 24.900002381 54
2693 249 24.900003368 101
2694 249 24.900003656 56
2695 249 24.900004291 48
2696 249 24.900006819 47
2697 249 24.900007336 50
2698 250 24.999997926 14
2699 250 25.000000397 288
2700 250 25.000001748 104
2701 250 25.000001976 274
2702 250 25.000002406 44
2703 250 25.000003396 90
2704 250 25.000003561 52
2705 250 25.000003681 49
2706 250 25.000004317 50
2707 250 25.000006282 56
2708 250 25.000007362 52
2709 251 25.099997952 13
2710 251 25.100000414 267
2711 251 25.100001774 120
2712 251 25.100002008 265
2713 251 25.100002432 41
2714 251 25.100003420 118
2715 251 25.100003585 50
2716 251 25.100003706 47
2717 251 25.100004343 48
2718 251 25.100006307 51
2719 251 25.100006872 48
2720 251 25.100007385 52
2721 252 25.199997978 15
2722 252 25.200000438 270
2723 252 25.200001801 96
2724 252 25.200002024 261
2725 252 25.200002457 40
2726 252 25.200003444 119
2727 252 25.200003610 42
2728 252 25.200003732 53
2729 252 25.200004369 58
2730 252 25.200006896 66
2731 253 25.300000451 248
2732 253 25.300001824 137
2733 253 25.300002048 269
2734 253 25.300002483 46
2735 253 25.300003468 86
2736 253 25.300003639 43
2737 253 25.300003757 63
2738 253 25.300004395 56
2739 253 25.300006359 58
2740 253 25.300006920 50
2741 253 25.300007438 56
2742 254 25.399998026 18
2743 254 25.400001850 124
2744 254 25.400002508 45
2745 254 25.400003496 93
2746 254 25.400003663 51
2747 254 25.400003782 53
2748 254 25.400004421 56
2749 254 25.400006385 46
2750 254 25.400006948 68
2751 255 25.499998051 15
2752 255 25.500000511 258
2753 255 25.500001873 109
2754 255 25.500002100 240
2755 255 25.500002531 54
2756 255 25.500003525 104
2757 255 25.500003686 44
2758 255 25.500003807 46
2759 255 25.500004443 49
2760 255 25.500006409 50
2761 255 25.500006972 62
2762 255 25.500008521 53
2763 255 25.500008783 58
2764 256 25.599998077 13
2765 256 25.600000527 289
2766 256 25.600001899 118
2767 256 25.600002556 47
2768 256 25.600003541 86
2769 256 25.600003832 61
2770 256 25.600004469 79
2771 256 25.600006997 50
2772 257 25.699998103 14
2773 257 25.700000552 277
2774 257 25.700001926 114
2775 257 25.700002156 277
2776 257 25.700002582 44
2777 257 25.700003569 95
2778 257 25.700003735 39
2779 257 25.700003858 85
2780 257 25.700004495 48
2781 257 25.700007021 51
2782 257 25.700007537 50
2783 257 25.700008833 68
2784 258 25.800000588 277
2785 258 25.800001949 111
2786 258 25.800002172 274
2787 258 25.800002607 40
2788 258 25.800003593 82
2789 258 25.800003759 62
2790 258 25.800003883 51
2791 258 25.800004521 64
2792 258 25.800007049 57
2793 258 25.800007563 54
2794 258 25.800008860 49
2795 259 25.899998151 15
2796 259 25.900000613 280
2797 259 25.900001975 135
2798 259 25.900002204 245
2799 259 25.900002632 41
2800 259 25.900003617 73
2801 259 25.900003791 42
2802 259 25.900003908 73
2803 259 25.900004547 49
2804 259 25.900006507 60
2805 260 26.000000638 268
2806 260 26.000002002 98
2807 260 26.000002236 285
2808 260 26.000002657 45
2809 260 26.000003652 108
2810 260 26.000003820 46
2811 260 26.000003933 60
2812 260 26.000004569 47
2813 260 26.000007097 73
2814 260 26.000008911 57
2815 261 26.099998202 10
2816 261 26.100000662 262
2817 261 26.100002024 130
2818 261 26.100002252 295
2819 261 26.100002682 53
2820 261 26.100003676 92
2821 261 26.100003844 51
2822 261 26.100003958 67
2823 261 26.100004595 53
2824 261 26.100006558 50
2825 261 26.100007639 46
2826 262 26.200002055 111
2827 262 26.200002280 267
2828 262 26.200002708 52
2829 262 26.200003692 95
2830 262 26.200003869 51
2831 262 26.200003984 66
2832 262 26.200004621 72
2833 262 26.200006584 48
2834 262 26.200007150 66
2835 262 26.200007662 81
2836 262 26.200008961 72
2837 262 26.200009556 57
2838 263 26.299998250 16
2839 263 26.300000711 298
2840 263 26.300002078 127
2841 263 26.300002312 262
2842 263 26.300002733 46
2843 263 26.300003716 78
2844 263 26.300003893 41
2845 263 26.300004009 57
2846 263 26.300004647 51
2847 263 26.300007174 52
2848 263 26.300008984 61
2849 264 26.399998276 14
2850 264 26.400000728 292
2851 264 26.400002100 123
2852 264 26.400002328 300
2853 264 26.400002758 44
2854 264 26.400003744 117
2855 264 26.400003909 42
2856 264 26.400004034 65
2857 264 26.400004673 54
2858 264 26.400006635 54
2859 264 26.400007198 55
2860 264 26.400009012 47
2861 264 26.400010493 46
2862 265 26.499998306 11
2863 265 26.500002127 133
2864 265 26.500002356 280
2865 265 26.500002788 43
2866 265 26.500003770 94
2867 265 26.500003938 39
2868 265 26.500004061 89
2869 265 26.500004699 51
2870 265 26.500006657 51
2871 265 26.500007226 58
2872 265 26.500007740 59
2873 266 26.599998332 13
2874 266 26.600000777 275
2875 266 26.600002153 132
2876 266 26.600002388 283
2877 266 26.600002813 53
2878 266 26.600003794 108
2879 266 26.600003963 39
2880 266 26.600004087 63
2881 266 26.600004721 51
2882 266 26.600009064 64
2883 267 26.699998354 14
2884 267 26.700000814 268
2885 267 26.700002176 112
2886 267 26.700002404 260
2887 267 26.700002839 47
2888 267 26.700003830 94
2889 267 26.700003992 39
2890 267 26.700004112 57
2891 267 26.700004747 47
2892 267 26.700006708 48
2893 267 26.700007789 48
2894 267 26.700009088 52
2895 268 26.799998380 13
2896 268 26.800000838 283
2897 268 26.800002203 114
2898 268 26.800002432 257
2899 268 26.800002864 47
2900 268 26.800003854 100
2901 268 26.800004016 44
2902 268 26.800004138 71
2903 268 26.800009115 50
2904 269 26.900000863 245
2905 269 26.900002229 128
2906 269 26.900002456 261
2907 269 26.900002890 51
2908 269 26.900003878 101
2909 269 26.900004041 41
2910 269 26.900004163 62
2911 269 26.900004799 54
2912 269 26.900006759 58
2913 269 26.900007327 61
2914 270 26.999998433 14
2915 270 27.000000888 305
2916 270 27.000002252 114
2917 270 27.000002480 287
2918 270 27.000002916 51
2919 270 27.000003906 110
2920 270 27.000004074 49
2921 270 27.000004188 53
2922 270 27.000004825 52
2923 270 27.000009166 55
2924 271 27.100000912 285
2925 271 27.100002278 123
2926 271 27.100002508 236
2927 271 27.100002941 46
2928 271 27.100003922 106
2929 271 27.100004091 46
2930 271 27.100004214 46
2931 271 27.100004851 55
2932 271 27.100006810 45
2933 271 27.100007388 56
2934 271 27.100009189 54
2935 271 27.100010670 52
2936 272 27.199998481 15
2937 272 27.200000937 292
2938 272 27.200002305 128
2939 272 27.200002532 270
2940 272 27.200002967 50
2941 272 27.200003946 98
2942 272 27.200004120 45
2943 272 27.200004873 42
2944 272 27.200006836 45
2945 272 27.200007404 51
2946 273 27.300000961 251
2947 273 27.300002328 110
2948 273 27.300002992 47
2949 273 27.300003974 93
2950 273 27.300004265 62
2951 273 27.300004899 59
2952 273 27.300006861 58
2953 273 27.300007942 48
2954 273 27.300009240 54
2955 274 27.399998534 16
2956 274 27.400000990 281
2957 274 27.400002354 108
2958 274 27.400002584 270
2959 274 27.400003018 41
2960 274 27.400004006 75
2961 274 27.400004177 48
2962 274 27.400004290 56
2963 274 27.400004925 49
2964 274 27.400006887 53
2965 274 27.400007452 61
2966 274 27.400007969 56
2967 275 27.499998556 17
2968 275 27.500001017 276
2969 275 27.500002381 106
2970 275 27.500002612 265
2971 275 27.500003041 50
2972 275 27.500004022 84
2973 275 27.500004192 43
2974 275 27.500004313 72
2975 275 27.500004951 48
2976 275 27.500007478 71
2977 275 27.500007994 53
2978 275 27.500009291 51
2979 276 27.599998582 16
2980 276 27.600001042 275
2981 276 27.600002403 99
2982 276 27.600002632 289
2983 276 27.600003063 56
2984 276 27.600004046 105
2985 276 27.600004224 54
2986 276 27.600004338 51
2987 276 27.600004977 49
2988 276 27.600006934 52
2989 276 27.600007502 59
2990 276 27.600009318 52
2991 277 27.699998608 15
2992 277 27.700001066 280
2993 277 27.700002660 261
2994 277 27.700003088 55
2995 277 27.700004082 115
2996 277 27.700004249 50
2997 277 27.700004364 59
2998 277 27.700004999 57
2999 277 27.700007526 49
3000 278 27.800001083 309
3001 278 27.800002457 124
3002 278 27.800002684 273
3003 278 27.800003114 64
3004 278 27.800004266 54
3005 278 27.800004389 56
3006 278 27.800005025 55
3007 278 27.800006985 52
3008 278 27.800007550 55
3009 278 27.800009369 48
3010 279 27.899998657 14
3011 279 27.900001108 283
3012 279 27.900002479 108
3013 279 27.900002708 274
3014 279 27.900003139 48
3015 279 27.900004122 78
3016 279 27.900004290 46
3017 279 27.900004414 54
3018 279 27.900005051 56
3019 279 27.900007578 60
3020 279 27.900008098 56
3021 279 27.900010876 50
3022 280 27.999998683 12
3023 280 28.000001141 285
3024 280 28.000002506 108
3025 280 28.000002736 244
3026 280 28.000003164 52
3027 280 28.000004146 118
3028 280 28.000004315 46
3029 280 28.000004439 63
3030 280 28.000005077 48
3031 280 28.000008121 81
3032 280 28.000009420 72
3033 281 28.100001166 266
3034 281 28.100002528 112
3035 281 28.100002756 281
3036 281 28.100003190 53
3037 281 28.100004174 86
3038 281 28.100004343 47
3039 281 28.100004464 85
3040 281 28.100005103 56
3041 281 28.100007062 59
3042 281 28.100007626 57
3043 281 28.100009443 52
3044 281 28.100010041 69
3045 282 28.199998731 16
3046 282 28.200001182 272
3047 282 28.200002555 121
3048 282 28.200002784 286
3049 282 28.200003215 59
3050 282 28.200004198 97
3051 282 28.200004368 40
3052 282 28.200004490 60
3053 282 28.200005125 58
3054 282 28.200008175 49
3055 282 28.200009471 57
3056 283 28.300001207 286
3057 283 28.300002582 143
3058 283 28.300002812 241
3059 283 28.300003241 42
3060 283 28.300004401 41
3061 283 28.300005151 57
3062 283 28.300009494 47
3063 284 28.399998784 14
3064 284 28.400001232 272
3065 284 28.400002604 109
3066 284 28.400003266 48
3067 284 28.400004250 107
3068 284 28.400004417 50
3069 284 28.400005177 59
3070 284 28.400007135 52
3071 284 28.400007702 50
3072 284 28.400009521 47
3073 285 28.499998808 15
3074 285 28.500001267 268
3075 285 28.500002633 140
3076 285 28.500002856 279
3077 285 28.500003291 46
3078 285 28.500004274 117
3079 285 28.500004444 45
3080 285 28.500004565 61
3081 285 28.500005203 53
3082 285 28.500007730 51
3083 285 28.500009545 47
3084 286 28.600001299 302
3085 286 28.600002660 120
3086 286 28.600002888 294
3087 286 28.600003317 43
3088 286 28.600004298 97
3089 286 28.600005229 68
3090 286 28.600007186 51
3091 286 28.600007754 59
3092 286 28.600008272 57
3093 287 28.699998861 16
3094 287 28.700001316 268
3095 287 28.700002683 109
3096 287 28.700002916 255
3097 287 28.700003342 60
3098 287 28.700004326 94
3099 287 28.700004498 43
3100 287 28.700004616 61
3101 287 28.700005255 53
3102 287 28.700007212 49
3103 287 28.700008299 52
3104 287 28.700009596 64
3105 288 28.799998883 14
3106 288 28.800001332 278
3107 288 28.800002709 110
3108 288 28.800002936 278
3109 288 28.800003368 49
3110 288 28.800004358 82
3111 288 28.800004522 41
3112 288 28.800004641 42
3113 288 28.800005277 46
3114 288 28.800007806 55
3115 289 28.900001365 295
3116 289 28.900002736 129
3117 289 28.900002964 267
3118 289 28.900003393 51
3119 289 28.900004374 118
3120 289 28.900004547 48
3121 289 28.900004666 64
3122 289 28.900005303 50
3123 289 28.900009646 54
3124 290 28.999998936 13
3125 290 29.000001390 278
3126 290 29.000002759 116
3127 290 29.000002984 251
3128 290 29.000003418 52
3129 290 29.000004402 112
3130 290 29.000004572 46
3131 290 29.000004691 77
3132 290 29.000005329 48
3133 290 29.000007288 51
3134 290 29.000008376 57
3135 290 29.000009674 64
3136 291 29.099998958 15
3137 291 29.100001406 274
3138 291 29.100002786 130
3139 291 29.100003008 286
3140 291 29.100003444 47
3141 291 29.100004426 109
3142 291 29.100004597 41
3143 291 29.100004716 51
3144 291 29.100005355 60
3145 292 29.199998985 14
3146 292 29.200001443 271
3147 292 29.200002813 119
3148 292 29.200003040 289
3149 292 29.200003469 59
3150 292 29.200004450 95
3151 292 29.200004622 44
3152 292 29.200004742 78
3153 292 29.200005381 56
3154 292 29.200008425 57
3155 293 29.299999007 13
3156 293 29.300001467 268
3157 293 29.300002835 125
3158 293 29.300003064 285
3159 293 29.300003495 51
3160 293 29.300004474 107
3161 293 29.300004658 43
3162 293 29.300005403 48
3163 293 29.300007930 59
3164 294 29.400001480 255
3165 294 29.400002862 145
3166 294 29.400003088 293
3167 294 29.400003520 55
3168 294 29.400004502 89
3169 294 29.400004675 45
3170 294 29.400005429 59
3171 294 29.400007387 50
3172 294 29.400009771 60
3173 295 29.499999062 11
3174 295 29.500001519 264
3175 295 29.500002885 111
3176 295 29.500003548 42
3177 295 29.500004528 81
3178 295 29.500004700 46
3179 295 29.500004817 59
3180 295 29.500007412 45
3181 295 29.500008500 54
3182 295 29.500009797 62
3183 296 29.599999085 16
3184 296 29.600002912 114
3185 296 29.600003138 305
3186 296 29.600003573 50
3187 296 29.600004552 97
3188 296 29.600004725 39
3189 296 29.600004842 55
3190 296 29.600005481 55
3191 296 29.600007438 63
3192 296 29.600008009 53
3193 296 29.600009820 61
3194 297 29.699999111 10
3195 297 29.700001560 268
3196 297 29.700002939 118
3197 297 29.700003162 266
3198 297 29.700003599 43
3199 297 29.700004580 105
3200 297 29.700004750 43
3201 297 29.700005507 61
3202 297 29.700007464 54
3203 297 29.700008033 54
3204 298 29.800001593 255
3205 298 29.800002961 120
3206 298 29.800003190 249
3207 298 29.800003624 45
3208 298 29.800004604 117
3209 298 29.800004774 39
3210 298 29.800004893 64
3211 298 29.800005529 54
3212 298 29.800007489 59
3213 298 29.800008057 54
3214 299 29.899999160 14
3215 299 29.900001618 252
3216 299 29.900002988 109
3217 299 29.900003213 290
3218 299 29.900003650 49
3219 299 29.900004637 105
3220 299 29.900004799 55
3221 299 29.900004918 52
3222 299 29.900005555 47
3223 299 29.900007515 64
3224 299 29.900009898 90
3225 300 29.999999187 14
3226 300 30.000003015 115
3227 300 30.000003237 268
3228 300 30.000003676 51
3229 300 30.000004661 105
3230 300 30.000004836 48
3231 300 30.000004943 46
3232 300 30.000005581 53
3233 300 30.000007540 56
3234 300 30.000008631 48
3235 300 30.000009921 51
3236 301 30.099999210 16
3237 301 30.100001660 241
3238 301 30.100003042 111
3239 301 30.100003261 296
3240 301 30.100003701 50
3241 301 30.100004681 73
3242 301 30.100004853 47
3243 301 30.100004968 58
3244 301 30.100005607 58
3245 301 30.100008134 50
3246 301 30.100008654 77
3247 301 30.100009948 44
3248 302 30.199999236 13
3249 302 30.200001696 276
3250 302 30.200003065 116
3251 302 30.200003297 266
3252 302 30.200003723 44
3253 302 30.200004713 76
3254 302 30.200004878 34
3255 302 30.200004994 62
3256 302 30.200005633 57
3257 302 30.200008681 49
3258 302 30.200009971 49
3259 303 30.300001709 263
3260 303 30.300003091 116
3261 303 30.300003313 288
3262 303 30.300003748 50
3263 303 30.300004729 83
3264 303 30.300004902 48
3265 303 30.300005019 62
3266 303 30.300005659 47
3267 303 30.300008186 49
3268 303 30.300008704 52
3269 304 30.400001746 270
3270 304 30.400003114 127
3271 304 30.400003340 260
3272 304 30.400003774 51
3273 304 30.400004758 100
3274 304 30.400004927 37
3275 304 30.400005681 51
3276 305 30.499999316 13
3277 305 30.500001771 290
3278 305 30.500003139 105
3279 305 30.500003364 268
3280 305 30.500003797 41
3281 305 30.500004780 94
3282 305 30.500004960 49
3283 305 30.500005705 54
3284 305 30.500008230 54
3285 305 30.500008756 66
3286 305 30.500010049 47
3287 306 30.599999339 13
3288 306 30.600001796 284
3289 306 30.600003169 120
3290 306 30.600003388 299
3291 306 30.600003823 49
3292 306 30.600004804 92
3293 306 30.600004977 45
3294 306 30.600005094 82
3295 306 30.600005730 50
3296 306 30.600008258 60
3297 306 30.600010072 65
3298 307 30.699999366 15
3299 307 30.700001820 249
3300 307 30.700003188 120
3301 307 30.700003416 254
3302 307 30.700003848 47
3303 307 30.700004840 93
3304 307 30.700005014 47
3305 307 30.700005756 57
3306 307 30.700007716 52
3307 307 30.700010099 41
3308 308 30.799999389 13
3309 308 30.800001845 277
3310 308 30.800003215 123
3311 308 30.800003440 268
3312 308 30.800003874 48
3313 308 30.800004856 68
3314 308 30.800005038 58
3315 308 30.800005145 52
3316 308 30.800005782 63
3317 308 30.800007741 50
3318 308 30.800008305 52
3319 308 30.800010122 55
3320 309 30.899999416 12
3321 309 30.900001874 270
3322 309 30.900003241 130
3323 309 30.900003463 262
3324 309 30.900003899 42
3325 309 30.900004888 92
3326 309 30.900005063 42
3327 309 30.900005808 51
3328 309 30.900007767 52
3329 309 30.900008333 57
3330 309 30.900008855 63
3331 310 30.999999439 16
3332 310 31.000001899 262
3333 310 31.000003264 107
3334 310 31.000003495 270
3335 310 31.000003924 48
3336 310 31.000004904 104
3337 310 31.000005080 40
3338 310 31.000005195 51
3339 310 31.000005830 55
3340 310 31.000007792 54
3341 310 31.000008357 52
3342 310 31.000008882 63
3343 310 31.000010173 48
3344 311 31.100001912 239
3345 311 31.100003290 99
3346 311 31.100003950 54
3347 311 31.100004932 69
3348 311 31.100005105 48
3349 311 31.100005220 68
3350 311 31.100005855 63
3351 311 31.100007814 54
3352 311 31.100008381 43
3353 311 31.100008904 51
3354 311 31.100010200 78
3355 312 31.200001948 265
3356 312 31.200003317 134
3357 312 31.200003539 260
3358 312 31.200003975 49
3359 312 31.200004960 111
3360 312 31.200005130 49
3361 312 31.200005246 49
3362 312 31.200005881 56
3363 312 31.200008405 50
3364 312 31.200010223 78
3365 313 31.300001973 257
3366 313 31.300003340 110
3367 313 31.300004001 48
3368 313 31.300004988 98
3369 313 31.300005154 44
3370 313 31.300005271 59
3371 313 31.300005907 50
3372 313 31.300007865 51
3373 313 31.300008432 59
3374 313 31.300008958 58
3375 313 31.300009987 59
3376 314 31.400001998 276
3377 314 31.400003366 102
3378 314 31.400003594 318
3379 314 31.400004026 44
3380 314 31.400005016 102
3381 314 31.400005183 37
3382 314 31.400005296 69
3383 314 31.400005933 64
3384 314 31.400007891 49
3385 314 31.400008456 54
3386 314 31.400010274 47
3387 315 31.500002025 284
3388 315 31.500003393 130
3389 315 31.500003614 268
3390 315 31.500004049 44
3391 315 31.500005034 84
3392 315 31.500005216 44
3393 315 31.500005323 61
3394 315 31.500005957 60
3395 315 31.500007916 54
3396 315 31.500008484 58
3397 315 31.500010301 50
3398 316 31.600003415 122
3399 316 31.600003642 225
3400 316 31.600004074 43
3401 316 31.600005058 99
3402 316 31.600005241 51
3403 316 31.600005349 68
3404 316 31.600007942 50
3405 316 31.600008509 56
3406 316 31.600010063 42
3407 316 31.600010324 51
3408 317 31.700002067 257
3409 317 31.700003442 98
3410 317 31.700003674 272
3411 317 31.700004100 49
3412 317 31.700005094 90
3413 317 31.700005258 52
3414 317 31.700005374 49
3415 317 31.700006009 46
3416 317 31.700007968 55
3417 318 31.799999643 17
3418 318 31.800002100 256
3419 318 31.800003469 147
3420 318 31.800003698 310
3421 318 31.800004125 48
3422 318 31.800005110 78
3423 318 31.800005282 40
3424 318 31.800005400 46
3425 318 31.800006035 61
3426 318 31.800009081 49
3427 319 31.899999666 16
3428 319 31.900002117 276
3429 319 31.900003491 115
3430 319 31.900003717 246
3431 319 31.900004150 45
3432 319 31.900005143 106
3433 319 31.900005307 49
3434 319 31.900005425 60
3435 319 31.900006061 50
3436 319 31.900008019 45
3437 319 31.900010402 44
3438 320 31.999999693 16
3439 320 32.000002154 252
3440 320 32.000003518 109
3441 320 32.000003741 240
3442 320 32.000004175 44
3443 320 32.000005171 78
3444 320 32.000005336 53
3445 320 32.000005450 56
3446 320 32.000006087 40
3447 320 32.000008613 51
3448 320 32.000009130 53
3449 321 32.099999716 14
3450 321 32.100002159 293
3451 321 32.100003544 119
3452 321 32.100003777 275
3453 321 32.100004200 44
3454 321 32.100005187 85
3455 321 32.100005361 47
3456 321 32.100006113 45
3457 321 32.100009157 49
3458 321 32.100010452 63
3459 322 32.199999743 15
3460 322 32.200002204 255
3461 322 32.200003567 101
3462 322 32.200003793 260
3463 322 32.200004226 55
3464 322 32.200005211 97
3465 322 32.200005386 43
3466 322 32.200006135 48
3467 322 32.200008092 60
3468 322 32.200008662 62
3469 322 32.200010475 50
3470 323 32.299999766 15
3471 323 32.300002229 265
3472 323 32.300003594 118
3473 323 32.300003813 226
3474 323 32.300004251 55
3475 323 32.300005235 86
3476 323 32.300005410 37
3477 323 32.300005527 86
3478 323 32.300006161 52
3479 323 32.300009206 66
3480 324 32.399999793 13
3481 324 32.400002246 270
3482 324 32.400003620 120
3483 324 32.400003844 263
3484 324 32.400004276 46
3485 324 32.400005272 89
3486 324 32.400005443 51
3487 324 32.400005552 62
3488 324 32.400006187 50
3489 325 32.499999819 10
3490 325 32.500002279 323
3491 325 32.500003643 120
3492 325 32.500004303 47
3493 325 32.500005294 98
3494 325 32.500005458 44
3495 325 32.500005575 66
3496 325 32.500006213 48
3497 325 32.500009258 47
3498 325 32.500010553 47
3499 326 32.599999846 14
3500 326 32.600002291 289
3501 326 32.600003669 107
3502 326 32.600003900 276
3503 326 32.600004329 50
3504 326 32.600005310 89
3505 326 32.600005600 53
3506 326 32.600006239 44
3507 326 32.600009284 52
3508 326 32.600010576 50
3509 327 32.700002328 260
3510 327 32.700003696 120
3511 327 32.700003928 272
3512 327 32.700004354 43
3513 327 32.700005338 94
3514 327 32.700005511 35
3515 327 32.700005626 47
3516 327 32.700006265 52
3517 327 32.700008220 56
3518 327 32.700008791 52
3519 327 32.700010603 57
3520 328 32.800002340 277
3521 328 32.800003719 117
3522 328 32.800003944 286
3523 328 32.800004380 47
3524 328 32.800005370 104
3525 328 32.800005544 46
3526 328 32.800005651 80
3527 328 32.800006287 56
3528 328 32.800008245 50
3529 328 32.800008815 48
3530 329 32.899999919 12
3531 329 32.900002385 307
3532 329 32.900003745 122
3533 329 32.900003967 240
3534 329 32.900004405 54
3535 329 32.900005386 109
3536 329 32.900005568 48
3537 329 32.900005676 58
3538 329 32.900006313 70
3539 329 32.900008271 45
3540 330 32.999999943 17
3541 330 33.000002394 277
3542 330 33.000003772 110
3543 330 33.000003991 297
3544 330 33.000004430 45
3545 330 33.000005422 84
3546 330 33.000005585 48
3547 330 33.000006339 49
3548 330 33.000008296 55
3549 330 33.000008867 54
3550 330 33.000009384 57
3551 330 33.000010677 53
3552 331 33.099999970 11
3553 331 33.100002426 258
3554 331 33.100004019 241
3555 331 33.100004456 52
3556 331 33.100005438 86
3557 331 33.100005609 41
3558 331 33.100005726 56
3559 331 33.100006365 66
3560 331 33.100009410 65
3561 331 33.100010704 45
3562 332 33.199999993 15
3563 332 33.200002451 279
3564 332 33.200003825 127
3565 332 33.200004043 250
3566 332 33.200004481 46
3567 332 33.200005462 79
3568 332 33.200005634 41
3569 332 33.200005752 50
3570 332 33.200006391 52
3571 332 33.200008344 49
3572 332 33.200008916 71
3573 332 33.200010727 51
3574 332 33.200012210 52
3575 333 33.300002487 285
3576 333 33.300003848 117
3577 333 33.300004503 48
3578 333 33.300005486 106
3579 333 33.300005671 45
3580 333 33.300005777 70
3581 333 33.300006413 53
3582 333 33.300009460 67
3583 334 33.400000043 10
3584 334 33.400003870 126
3585 334 33.400004094 241
3586 334 33.400004528 45
3587 334 33.400005510 111
3588 334 33.400005695 47
3589 334 33.400005802 80
3590 334 33.400006439 47
3591 334 33.400009483 64
3592 334 33.400010778 50
3593 335 33.500000071 15
3594 335 33.500002531 274
3595 335 33.500003897 122
3596 335 33.500004122 283
3597 335 33.500004553 55
3598 335 33.500005546 100
3599 335 33.500005712 55
3600 335 33.500005827 73
3601 335 33.500006465 50
3602 335 33.500008423 43
3603 335 33.500008992 56
3604 335 33.500010807 53
3605 336 33.600000098 12
3606 336 33.600002556 280
3607 336 33.600003919 138
3608 336 33.600004146 250
3609 336 33.600004579 45
3610 336 33.600005566 126
3611 336 33.600005736 45
3612 336 33.600005852 66
3613 336 33.600008448 62
3614 336 33.600009017 50
3615 337 33.700002580 282
3616 337 33.700003946 129
3617 337 33.700004166 263
3618 337 33.700004604 47
3619 337 33.700005586 106
3620 337 33.700005761 59
3621 337 33.700005878 70
3622 337 33.700006513 54
3623 337 33.700008474 49
3624 337 33.700009041 56
3625 338 33.800000146 13
3626 338 33.800002593 253
3627 338 33.800003973 111
3628 338 33.800004202 262
3629 338 33.800004630 62
3630 338 33.800005614 72
3631 338 33.800005786 56
3632 338 33.800005899 52
3633 338 33.800006539 56
3634 338 33.800009069 64
3635 338 33.800009583 66
3636 338 33.800010889 54
3637 339 33.900000173 17
3638 339 33.900003995 124
3639 339 33.900004225 270
3640 339 33.900004655 59
3641 339 33.900005646 87
3642 339 33.900005810 44
3643 339 33.900006565 59
3644 339 33.900008522 57
3645 339 33.900009093 51
3646 339 33.900009606 59
3647 340 34.000000197 15
3648 340 34.000004022 109
3649 340 34.000004253 311
3650 340 34.000004680 52
3651 340 34.000005666 116
3652 340 34.000005835 44
3653 340 34.000005949 59
3654 340 34.000006591 56
3655 340 34.000009632 60
3656 341 34.100000224 15
3657 341 34.100002680 277
3658 341 34.100004036 120
3659 341 34.100004269 316
3660 341 34.100004706 49
3661 341 34.100005686 98
3662 341 34.100005859 40
3663 341 34.100005974 63
3664 341 34.100006617 57
3665 341 34.100008573 48
3666 342 34.200002704 249
3667 342 34.200004071 99
3668 342 34.200004293 243
3669 342 34.200004731 45
3670 342 34.200005714 72
3671 342 34.200005888 44
3672 342 34.200006000 53
3673 342 34.200006639 63
3674 342 34.200009170 46
3675 342 34.200009682 49
3676 343 34.300000272 14
3677 343 34.300002721 277
3678 343 34.300004098 115
3679 343 34.300004317 282
3680 343 34.300004757 38
3681 343 34.300005746 96
3682 343 34.300005913 45
3683 343 34.300006025 50
3684 343 34.300006665 63
3685 343 34.300008625 57
3686 343 34.300009708 52
3687 343 34.300011604 57
3688 344 34.400000299 13
3689 344 34.400002746 293
3690 344 34.400004120 117
3691 344 34.400004344 286
3692 344 34.400004782 38
3693 344 34.400005762 95
3694 344 34.400005937 41
3695 344 34.400006050 59
3696 344 34.400006691 64
3697 344 34.400008651 48
3698 344 34.400009218 57
3699 344 34.400009731 47
3700 344 34.400011033 62
3701 345 34.500000323 12
3702 345 34.500002783 284
3703 345 34.500004149 111
3704 345 34.500004373 282
3705 345 34.500004807 46
3706 345 34.500005790 88
3707 345 34.500005964 45
3708 345 34.500006077 55
3709 345 34.500008674 53
3710 345 34.500009760 70
3711 346 34.600002796 251
3712 346 34.600004176 108
3713 346 34.600004405 269
3714 346 34.600004833 44
3715 346 34.600005814 101
3716 346 34.600005989 59
3717 346 34.600006103 55
3718 346 34.600006743 50
3719 346 34.600009271 51
3720 347 34.700000374 13
3721 347 34.700002824 288
3722 347 34.700004203 107
3723 347 34.700004425 272
3724 347 34.700004858 54
3725 347 34.700005838 97
3726 347 34.700006014 51
3727 347 34.700006128 72
3728 347 34.700006769 54
3729 347 34.700008726 56
3730 347 34.700009295 53
3731 347 34.700011112 52
3732 348 34.800000398 12
3733 348 34.800002857 261
3734 348 34.800004225 137
3735 348 34.800004449 260
3736 348 34.800004884 47
3737 348 34.800005874 88
3738 348 34.800006042 57
3739 348 34.800006154 92
3740 348 34.800006791 47
3741 348 34.800008747 48
3742 349 34.900000425 14
3743 349 34.900002874 284
3744 349 34.900004252 111
3745 349 34.900004477 287
3746 349 34.900004909 46
3747 349 34.900005890 109
3748 349 34.900006067 43
3749 349 34.900006179 78
3750 349 34.900006817 53
3751 349 34.900008773 53
3752 349 34.900009347 54
3753 349 34.900011162 72
3754 350 35.000000449 17
3755 350 35.000002899 279
3756 350 35.000004279 111
3757 350 35.000004502 294
3758 350 35.000004934 44
3759 350 35.000005914 85
3760 350 35.000006100 47
3761 350 35.000006208 59
3762 350 35.000006843 55
3763 350 35.000011186 53
3764 351 35.100004302 97
3765 351 35.100004526 284
3766 351 35.100004960 52
3767 351 35.100005942 97
3768 351 35.100006125 44
3769 351 35.100006234 73
3770 351 35.100006869 50
3771 351 35.100008824 55
3772 351 35.100009396 56
3773 351 35.100011213 58
3774 352 35.200000500 14
3775 352 35.200002948 272
3776 352 35.200004329 131
3777 352 35.200004554 260
3778 352 35.200004985 47
3779 352 35.200005966 101
3780 352 35.200006142 38
3781 352 35.200006259 60
3782 352 35.200008850 43
3783 352 35.200009424 50
3784 352 35.200011237 61
3785 353 35.300000524 12
3786 353 35.300002985 287
3787 353 35.300004355 123
3788 353 35.300004578 293
3789 353 35.300005011 44
3790 353 35.300005998 104
3791 353 35.300006170 43
3792 353 35.300006285 55
3793 353 35.300006921 48
3794 353 35.300009962 49
3795 353 35.300011264 62
3796 354 35.400003010 318
3797 354 35.400004378 134
3798 354 35.400004602 293
3799 354 35.400005036 47
3800 354 35.400006026 77
3801 354 35.400006195 38
3802 354 35.400006306 64
3803 354 35.400006947 70
3804 354 35.400009472 67
3805 354 35.400011287 65
3806 355 35.500000577 13
3807 355 35.500003037 288
3808 355 35.500004401 135
3809 355 35.500004632 251
3810 355 35.500005061 54
3811 355 35.500006042 88
3812 355 35.500006220 51
3813 355 35.500006333 52
3814 355 35.500010012 57
3815 355 35.500011315 67
3816 356 35.600000601 12
3817 356 35.600003062 273
3818 356 35.600004427 126
3819 356 35.600004652 286
3820 356 35.600005087 39
3821 356 35.600006066 84
3822 356 35.600006245 43
3823 356 35.600006358 73
3824 356 35.600006997 47
3825 356 35.600008954 54
3826 356 35.600009525 53
3827 357 35.700000629 15
3828 357 35.700003079 265
3829 357 35.700004449 126
3830 357 35.700004676 272
3831 357 35.700005112 66
3832 357 35.700006094 89
3833 357 35.700006270 54
3834 357 35.700006384 62
3835 357 35.700007023 42
3836 357 35.700008980 43
3837 357 35.700009549 49
3838 357 35.700011366 55
3839 358 35.800003116 269
3840 358 35.800004476 100
3841 358 35.800004700 271
3842 358 35.800005138 46
3843 358 35.800006118 112
3844 358 35.800006302 48
3845 358 35.800006409 76
3846 358 35.800007049 47
3847 358 35.800009006 41
3848 358 35.800010088 67
3849 358 35.800011389 64
3850 359 35.900000676 16
3851 359 35.900003129 287
3852 359 35.900004502 114
3853 359 35.900004732 268
3854 359 35.900005163 41
3855 359 35.900006142 117
3856 359 35.900006319 43
3857 359 35.900006434 60
3858 359 35.900007076 61
3859 359 35.900009032 55
3860 359 35.900009601 49
3861 359 35.900011416 48
3862 360 36.000000704 15
3863 360 36.000003154 277
3864 360 36.000004525 98
3865 360 36.000004752 280
3866 360 36.000005188 54
3867 360 36.000006170 97
3868 360 36.000006348 39
3869 360 36.000006459 59
3870 360 36.000007102 41
3871 360 36.000009058 51
3872 361 36.100003191 306
3873 361 36.100004551 100
3874 361 36.100005214 53
3875 361 36.100006202 109
3876 361 36.100006373 45
3877 361 36.100006484 68
3878 361 36.100007128 48
3879 361 36.100009650 61
3880 361 36.100011467 66
3881 362 36.200000752 13
3882 362 36.200003216 255
3883 362 36.200004577 109
3884 362 36.200004804 271
3885 362 36.200005239 46
3886 362 36.200006218 95
3887 362 36.200006398 44
3888 362 36.200006510 77
3889 362 36.200007154 56
3890 362 36.200009105 53
3891 362 36.200009678 49
3892 362 36.200011491 46
3893 363 36.300000779 15
3894 363 36.300003233 254
3895 363 36.300004604 95
3896 363 36.300004840 287
3897 363 36.300005265 55
3898 363 36.300006246 104
3899 363 36.300006422 42
3900 363 36.300006535 55
3901 363 36.300007176 56
3902 363 36.300009131 64
3903 364 36.400003270 260
3904 364 36.400004626 134
3905 364 36.400004856 272
3906 364 36.400005290 46
3907 364 36.400006270 84
3908 364 36.400006447 41
3909 364 36.400006560 63
3910 364 36.400007203 56
3911 364 36.400009726 55
3912 365 36.500000829 14
3913 365 36.500003293 278
3914 365 36.500004657 144
3915 365 36.500004880 239
3916 365 36.500005318 50
3917 365 36.500006302 76
3918 365 36.500006474 42
3919 365 36.500006587 60
3920 365 36.500007225 47
3921 366 36.600000857 15
3922 366 36.600003306 286
3923 366 36.600004684 130
3924 366 36.600004904 275
3925 366 36.600005343 46
3926 366 36.600006322 112
3927 366 36.600006498 48
3928 366 36.600006613 64
3929 366 36.600007250 55
3930 366 36.600009206 51
3931 366 36.600009779 50
3932 366 36.600011592 62
3933 367 36.700000881 12
3934 367 36.700003342 273
3935 367 36.700004707 131
3936 367 36.700004940 269
3937 367 36.700005369 51
3938 367 36.700006354 109
3939 367 36.700006523 47
3940 367 36.700007276 64
3941 367 36.700009811 57
3942 367 36.700010317 52
3943 368 36.800000905 14
3944 368 36.800003367 279
3945 368 36.800004733 109
3946 368 36.800004956 274
3947 368 36.800005394 42
3948 368 36.800006370 86
3949 368 36.800006556 43
3950 368 36.800006664 59
3951 368 36.800007302 57
3952 368 36.800009257 50
3953 368 36.800009827 60
3954 368 36.800010340 49
3955 368 36.800011643 44
3956 369 36.900003392 290
3957 369 36.900004760 101
3958 369 36.900004976 294
3959 369 36.900005420 46
3960 369 36.900006406 91
3961 369 36.900006580 42
3962 369 36.900006689 58
3963 369 36.900007324 62
3964 369 36.900009283 57
3965 369 36.900009855 58
3966 370 37.000000957 15
3967 370 37.000003417 288
3968 370 37.000004783 110
3969 370 37.000005016 257
3970 370 37.000005446 43
3971 370 37.000006597 42
3972 370 37.000006714 62
3973 370 37.000007350 55
3974 370 37.000009308 65
3975 371 37.100003442 283
3976 371 37.100004814 113
3977 371 37.100005036 262
3978 371 37.100005471 64
3979 371 37.100006446 97
3980 371 37.100006629 45
3981 371 37.100006740 49
3982 371 37.100007375 53
3983 371 37.100009334 62
3984 371 37.100009904 52
3985 371 37.100011457 57
3986 372 37.200001005 14
3987 372 37.200003470 310
3988 372 37.200004837 111
3989 372 37.200005056 287
3990 372 37.200005497 44
3991 372 37.200006474 104
3992 372 37.200006658 52
3993 372 37.200006765 67
3994 372 37.200007401 49
3995 372 37.200009360 55
3996 372 37.200009932 54
