22121122071  58  3.81071e+00
22121122072  33  6.96230e-02
22121170062  13  3.75640e-02
22121170071  75  1.35246e-01
22121170072  56  1.09353e-01
22121230062  20  3.95908e-02
22121230071  70  1.12384e-01
22121230072  64  1.07537e-01
22121308071  61  1.04280e-01
22121308072  58  8.59399e-02
22129290391  10  9.58450e-02
22129290392   9  6.86307e-02
22129290501  53  2.82320e-01
22129290502  39  2.42877e-01
22129290631  51  2.44589e-01
22129290632  70  3.41939e-01
22129290791  76  3.27922e-01
22129290792  84  3.56437e-01
22129350312   7  3.53010e-02
22129350391  35  1.94962e-01
22129350392  34  1.98299e-01
22129350501  58  2.79733e-01
22129350502  49  2.36435e-01
22129350631  75  3.27980e-01
22129350632  73  3.19606e-01
22129350791  92  3.98940e-01
22129350792  90  4.13705e-01
22129420311  39  1.69694e-01
22129420391  52  2.13770e-01
22129420392  70  2.46702e-01
22129420501  60  2.59933e-01
22129420502  86  3.27498e-01
22129420631  75  3.34365e-01
22129420632  77  3.20646e-01
22129420791 110  3.99316e-01
22129420792 105  3.25940e-01
22129500252  32  1.41067e-01
22129500311  14  9.00948e-02
22129500312  31  1.34136e-01
22129500391  62  2.22963e-01
22129500392  84  3.04261e-01
22129500501  84  2.93553e-01
22129500502  87  3.09826e-01
22129500631 100  3.42700e-01
22129500632  85  2.50732e-01
22129500791 114  3.89814e-01
22129500792 113  3.91480e-01
22129600251  52  2.00483e-01
22129600252  49  2.45422e-01
22129600311  66  2.09736e-01
22129600312  66  2.29593e-01
22129600391  75  2.78733e-01
22129600392  87  2.90334e-01
22129600501 113  3.28263e-01
22129600502 104  3.10172e-01
22129600631 115  3.64560e-01
22129600632 118  4.30727e-01
22129600791 119  4.11397e-01
22129600792 117  2.99266e-01
22129720191  10  4.47710e-02
22129720192  36  1.25701e-01
22129720251  51  2.43041e-01
22129720252  60  3.44291e-01
22129720311  85  2.38523e-01
22129720312  75  2.38991e-01
22129720391 115  3.06289e-01
22129720392 103  3.19647e-01
22129720501 103  2.98750e-01
22129720502 117  3.34754e-01
22129720631 119  3.39154e-01
22129720632 119  3.00103e-01
22129720791 124  4.20024e-01
22129720792 120  3.57086e-01
22129870152   7  3.03738e-02
22129870191  62  1.68383e-01
22129870192  81  1.95569e-01
22129870251  81  1.98279e-01
22129870252  83  2.22516e-01
22129870311  93  2.52492e-01
22129870312 106  2.81886e-01
22129870391 118  3.22125e-01
22129870392 116  2.89785e-01
22129870501 119  3.43029e-01
22129870502 124  3.16516e-01
22129870631 119  3.27637e-01
22129870632 120  3.28435e-01
22129870791 119  4.19014e-01
22129870792 123  3.33840e-01
221210050122  25  9.79669e-02
221210050151  59  1.92740e-01
221210050152  47  1.36393e-01
221210050191  81  1.79351e-01
221210050192  72  1.78533e-01
221210050251  93  2.33986e-01
221210050252 117  2.72488e-01
221210050311 105  2.60538e-01
221210050312 116  2.85398e-01
221210050391 120  2.84444e-01
221210050392 117  2.81528e-01
221210050501 125  3.06532e-01
221210050502 128  3.45047e-01
221210050631 122  3.07735e-01
221210050632 129  2.60141e-01
221210050791 128  3.15995e-01
221210050792 128  3.14431e-01
221210260121  55  1.49469e-01
221210260122  58  1.24454e-01
221210260151  75  1.78036e-01
221210260152  83  1.72373e-01
221210260191 117  3.71508e-01
221210260192  97  3.46216e-01
221210260251 114  2.32144e-01
221210260252 115  2.20005e-01
221210260311 123  2.42157e-01
221210260312 118  2.45563e-01
221210260391 122  2.92964e-01
221210260392 126  2.84551e-01
221210260501 130  2.61265e-01
221210260502 127  2.69593e-01
221210260631 125  2.33279e-01
221210260632 133  4.31633e-01
221210260791 131  2.64807e-01
221210260792 132  2.41444e-01
221210520101  47  1.18787e-01
221210520121  68  2.02183e-01
221210520122  70  1.50382e-01
221210520151  94  1.72087e-01
221210520152  96  1.62158e-01
221210520191 115  3.56702e-01
221210520192 107  3.19413e-01
221210520251 121  2.28685e-01
221210520252 122  2.85021e-01
221210520311 122  2.46645e-01
221210520312 125  2.47278e-01
221210520391 123  2.66563e-01
221210520392 124  2.44896e-01
221210520501 126  2.40345e-01
221210520502 128  2.56665e-01
221210520631 135  2.73069e-01
221210520632 129  2.76672e-01
221210520791 136  2.57437e-01
221210520792 134  2.63485e-01
221210830101  52  1.22671e-01
221210830102  53  1.25905e-01
221210830121  90  1.49473e-01
221210830122  83  1.55124e-01
221210830151 115  1.73226e-01
221210830152 109  1.88551e-01
221210830191 117  1.80589e-01
221210830192 118  1.94193e-01
221210830251 123  2.56839e-01
221210830252 125  2.32393e-01
221210830311 128  2.69978e-01
221210830312 126  2.60873e-01
221210830391 128  2.17376e-01
221210830392 129  2.21698e-01
221210830501 134  2.18559e-01
221210830502 132  2.28086e-01
221210830631 135  2.29743e-01
221210830632 132  2.35612e-01
221210830791 141  2.38822e-01
221210830792 140  2.52469e-01
221211220101  80  1.47276e-01
221211220102  81  1.59081e-01
221211220121 107  1.98931e-01
221211220122  96  1.31378e-01
221211220151 118  1.88607e-01
221211220152 114  1.98965e-01
221211220191 123  2.69789e-01
221211220192 112  1.93249e-01
221211220251 125  2.29477e-01
221211220252 130  2.32080e-01
221211220311 132  2.62445e-01
221211220312 129  2.44184e-01
221211220391 137  2.08175e-01
221211220392 133  3.05620e-01
221211220501 138  2.37014e-01
221211220502 135  2.78031e-01
221211220631 137  2.45059e-01
221211220632 137  3.31175e-01
221211220791 142  2.63745e-01
221211220792 135  2.48025e-01
221211700101  97  1.61319e-01
221211700102  82  1.68913e-01
221211700121 103  1.58566e-01
221211700122 100  1.66684e-01
221211700151 125  1.98873e-01
221211700152 126  2.01433e-01
221211700191 125  1.99321e-01
221211700192 125  2.95191e-01
221211700251 132  2.48571e-01
221211700252 134  2.53223e-01
221211700311 128  2.63850e-01
221211700312 138  2.49218e-01
221211700391 140  2.39994e-01
221211700392 136  2.46469e-01
221211700501 141  2.78776e-01
221211700502 138  2.84323e-01
221211700631 142  2.44540e-01
221211700632 140  2.51174e-01
221211700791 143  3.02913e-01
221211700792 142  2.92305e-01
221212300101  91  1.46856e-01
221212300102  93  1.47067e-01
221212300121 118  2.08813e-01
221212300122 116  1.64084e-01
221212300151 127  2.04822e-01
221212300152 116  1.91399e-01
221212300191 133  2.29333e-01
221212300192 129  2.25216e-01
221212300251 128  2.39361e-01
221212300252 132  2.36527e-01
221212300311 140  2.57456e-01
221212300312 135  2.40363e-01
221212300391 139  2.19527e-01
221212300392 147  2.51954e-01
221212300501 145  3.11774e-01
221212300502 144  2.88881e-01
221212300631 147  2.87845e-01
221212300632 144  2.58407e-01
221212300791 157  2.43836e-01
221212300792 153  2.99545e-01
221213080101  75  1.15489e-01
221213080102 100  1.61382e-01
221213080121 102  1.62038e-01
221213080122  93  1.41480e-01
221213080151 127  1.72787e-01
221213080152 131  1.35986e+00
221213080191 135  2.47387e-01
221213080192 131  2.29516e-01
221213080251 139  3.36763e-01
221213080252 139  2.39896e-01
221213080311 140  2.44346e-01
221213080312 141  2.72253e-01
221213080391 142  2.49434e-01
221213080392 146  2.69528e-01
221213080501 144  2.42339e-01
221213080502 149  2.45465e-01
221213080631 151  3.04236e-01
221213080632 150  2.37935e-01
221213080791 152  2.82679e-01
221213080792 152  2.61196e-01
221214170101  18  5.64609e-02
221214170102  53  2.18762e-01
221214170121  59  1.10000e-01
221214170122  47  7.98247e-02
221214170151  98  2.43570e-01
221214170152  76  1.34097e-01
221214170191 101  2.82478e-01
221214170192 109  2.69050e-01
221214170251 126  3.06140e-01
221214170252 116  2.49899e-01
221214170311 140  2.77504e-01
221214170312 130  3.19553e-01
221214170391 139  2.77404e-01
221214170392 144  3.36051e-01
221214170501 149  3.67191e-01
221214170502 147  2.69128e-01
221214170631 148  2.81945e-01
221214170632 148  3.43138e-01
221214170791 148  3.17870e-01
221214170792 148  3.22914e-01
221292901001  96  4.46157e-01
221292901002  94  4.53104e-01
221292901251 115  4.83206e-01
221292901252 110  3.91454e-01
221292901255 115  5.20455e-01
221292901581 116  6.54571e-01
221292901582 114  5.11577e-01
221292901585 114  6.37275e-01
221292901991 113  5.74820e-01
221292901992 114  5.14217e-01
221292901995 113  5.61584e-01
221292902511 126  5.61326e-01
221292902512 123  5.47195e-01
221292902515 124  4.71093e-01
221292903161 123  6.42582e-01
221292903162 120  7.01511e-01
221292903165 125  6.22464e-01
221292903981 126  5.21678e-01
221292903982 121  6.63259e-01
221292903985 125  6.16416e-01
221293501001 106  4.36734e-01
221293501002  95  3.39960e-01
221293501251 113  6.70330e-01
221293501252 114  4.54773e-01
221293501255 111  4.56588e-01
221293501581 114  4.03778e-01
221293501582 121  5.66231e-01
221293501585 116  5.05042e-01
221293501991 122  3.82533e-01
221293501992 120  4.64174e-01
221293501995 123  3.98022e-01
221293502511 121  7.08795e-01
221293502512 124  6.50972e-01
221293502515 120  4.65644e-01
221293503161 135  5.91569e-01
221293503162 123  5.62793e-01
221293503165 124  4.43000e-01
221293503981 129  5.81906e-01
221293503982 125  6.69265e-01
221293503985 134  7.62920e-01
221294201001 114  6.30865e-01
221294201002 115  5.64592e-01
221294201251 118  4.02309e-01
221294201252 118  4.79037e-01
221294201255 113  3.93148e-01
221294201581 115  5.50929e-01
221294201582 125  5.40694e-01
221294201585 126  5.43411e-01
221294201991 126  4.23309e-01
221294201992 125  5.02752e-01
221294201995 125  5.36677e-01
221294202511 122  4.97435e-01
221294202512 125  7.94213e-01
221294202515 124  5.04692e-01
221294203161 130  4.65144e-01
221294203162 129  4.36834e-01
221294203165 129  4.82595e-01
221294203981 135  4.43281e-01
221294203982 131  4.01880e-01
221294203985 129  4.75183e-01
221295001001 116  3.49348e-01
221295001002 119  4.63043e-01
221295001251 118  4.21174e-01
221295001252 122  3.63754e-01
221295001255 118  4.98389e-01
221295001581 125  3.54570e-01
221295001582 123  5.21302e-01
221295001585 126  4.86140e-01
221295001991 127  4.12817e-01
221295001992 124  4.18519e-01
221295001995 128  5.37385e-01
221295002511 129  4.69906e-01
221295002512 131  6.18529e-01
221295002515 131  6.55443e-01
221295003161 134  3.77419e-01
221295003162 128  4.54713e-01
221295003165 126  5.01539e-01
221295003981 138  4.85641e-01
221295003982 134  4.32912e-01
221295003985 130  4.54205e-01
221296001001 122  4.12924e-01
221296001002 121  3.73574e-01
221296001251 124  3.35474e-01
221296001252 123  3.68027e-01
221296001255 125  3.75007e-01
221296001581 129  4.38559e-01
221296001582 126  3.86425e-01
221296001585 128  3.49775e-01
221296001991 131  3.32085e-01
221296001992 125  4.74831e-01
221296001995 133  3.90773e-01
221296002511 128  4.13550e-01
221296002512 131  3.55991e-01
221296002515 132  3.75576e-01
221296003161 136  4.40640e-01
221296003162 131  3.82427e-01
221296003165 135  3.89816e-01
221296003981 138  4.21417e-01
221296003982 137  4.36862e-01
221296003985 134  4.83998e-01
221297201001 125  3.59497e-01
221297201002 125  3.62082e-01
221297201251 126  3.92835e-01
221297201252 130  3.19729e-01
221297201255 127  3.78070e-01
221297201581 130  3.74358e-01
221297201582 130  4.04860e-01
221297201585 128  3.19389e-01
221297201991 130  3.44870e-01
221297201992 130  2.95299e-01
221297201995 135  4.25063e-01
221297202511 135  3.18312e-01
221297202512 138  3.49512e-01
221297202515 135  3.92811e-01
221297203161 136  3.89702e-01
221297203162 134  3.04167e-01
221297203165 137  3.84499e-01
221297203981 139  3.81250e-01
221297203982 135  5.01122e-01
221297203985 137  3.89165e-01
221298701001 127  3.95738e-01
221298701002 125  4.33772e-01
221298701251 127  4.12293e-01
221298701252 130  3.45538e-01
221298701255 130  4.16950e-01
221298701581 132  3.49091e-01
221298701582 138  3.69037e-01
221298701585 132  4.46220e-01
221298701991 135  4.27937e-01
221298701992 136  3.07927e-01
221298701995 135  3.76579e-01
221298702511 138  3.72165e-01
221298702512 140  3.72000e-01
221298702515 138  3.74925e-01
221298703161 144  3.76627e-01
221298703162 139  3.38803e-01
221298703165 142  3.69797e-01
221298703981 140  2.90172e-01
221298703982 143  3.11682e-01
221298703985 140  3.91492e-01
2212100501001 131  5.49192e-01
2212100501002 128  3.09100e-01
2212100501251 135  3.23177e-01
2212100501252 133  3.76531e-01
2212100501255 135  3.55040e-01
2212100501581 135  3.89802e-01
2212100501582 137  3.73672e-01
2212100501585 133  2.99856e-01
2212100501991 134  3.88598e-01
2212100501992 140  5.58282e-01
2212100501995 139  2.83897e-01
2212100502511 142  2.73866e-01
2212100502512 140  3.26367e-01
2212100502515 145  2.79657e-01
2212100503161 141  2.73683e-01
2212100503162 142  2.37215e-01
2212100503165 139  2.84245e-01
2212100503981 141  6.96725e-01
2212100503982 148  4.01956e-01
2212100503985 139  3.26427e-01
2212102601001 136  2.56280e-01
2212102601002 130  2.14219e-01
2212102601251 135  2.81190e-01
2212102601252 137  2.77850e-01
2212102601255 137  2.53403e-01
2212102601581 140  2.76102e-01
2212102601582 138  2.33800e-01
2212102601585 142  2.91227e-01
2212102601991 143  2.90123e-01
2212102601992 139  3.09900e-01
2212102601995 138  2.69176e-01
2212102602511 141  2.85827e-01
2212102602512 144  2.82266e-01
2212102602515 143  3.04947e-01
2212102603161 141  2.49978e-01
2212102603162 141  2.98118e-01
2212102603165 143  3.31402e-01
2212102603981 142  2.66030e-01
2212102603982 144  2.68989e-01
2212102603985 146  2.39860e-01
2212105201001 136  2.93136e-01
2212105201002 137  2.72188e-01
2212105201251 145  2.88837e-01
2212105201252 137  3.42101e-01
2212105201255 138  3.38939e-01
2212105201581 142  2.64110e-01
2212105201582 140  2.58420e-01
2212105201585 143  2.73904e-01
2212105201991 140  2.64472e-01
2212105201992 141  3.13818e-01
2212105201995 143  2.27589e-01
2212105202511 144  3.17204e-01
2212105202512 146  1.99751e-01
2212105202515 149  2.76161e-01
2212105203161 149  2.46184e-01
2212105203162 150  2.51437e-01
2212105203165 147  2.67362e-01
2212105203981 145  2.65652e-01
2212105203982 148  2.39495e-01
2212105203985 147  2.06925e-01
2212105222571  10  3.31559e-02
2212105222572  23  6.36537e-02
2212105227071  11  4.38747e-02
2212108301001 139  2.59147e-01
2212108301002 139  2.53327e-01
2212108301251 138  2.62940e-01
2212108301252 141  2.93430e-01
2212108301255 145  2.74844e-01
2212108301581 145  2.71728e-01
2212108301582 142  2.90440e-01
2212108301585 142  2.76075e-01
2212108301991 143  3.27639e-01
2212108301992 146  3.08395e-01
2212108301995 143  2.81980e-01
2212108302511 145  2.58755e-01
2212108302512 153  2.75707e-01
2212108302515 151  2.43371e-01
2212108303161 150  2.53560e-01
2212108303162 150  2.71337e-01
2212108303165 149  2.21555e-01
2212108303981 156  2.58476e-01
2212108303982 150  2.32039e-01
2212108303985 152  2.71689e-01
2212108318062  22  3.71730e-02
2212108318071  54  1.69653e-01
2212108318072  51  1.14717e-01
2212108322571  70  1.52546e-01
2212108322572  52  1.78906e-01
2212108327071  53  1.55520e-01
2212108327072  51  1.27412e-01
2212108331571  41  9.31389e-02
2212108331572  37  7.76429e-02
2212112201001 143  3.34233e-01
2212112201002 141  2.38851e-01
2212112201251 146  2.88356e-01
2212112201252 145  2.59253e-01
2212112201255 142  2.85724e-01
2212112201581 151  2.97416e-01
2212112201582 145  2.66699e-01
2212112201585 149  3.20729e-01
2212112201991 151  2.38591e-01
2212112201992 152  2.31047e-01
2212112201995 152  2.27511e-01
2212112202511 154  3.29219e-01
2212112202512 150  2.75081e-01
2212112202515 148  2.62109e-01
2212112203161 149  2.89231e-01
2212112203162 151  2.90144e-01
2212112203165 150  2.53813e-01
2212112203981 152  2.50745e-01
2212112203982 154  2.71980e-01
2212112203985 156  2.94454e-01
2212112218052   7  1.99158e-02
2212112218061  69  1.40811e-01
2212112218062  60  1.06940e-01
2212112218071  85  2.09106e-01
2212112218072  78  1.61454e-01
2212112222551  27  5.41780e-02
2212112222561  82  1.68686e-01
2212112222562  66  1.25319e-01
2212112222571  69  1.86655e-01
2212112222572  88  1.75781e-01
2212112227052  36  1.00107e-01
2212112227061  41  8.34601e-02
2212112227062  57  1.19986e-01
2212112227071  83  1.60061e-01
2212112227072  65  1.26043e-01
2212112231561  11  3.76840e-02
2212112231571  67  1.57341e-01
2212112231572  67  1.18719e-01
2212117001001 146  3.06713e-01
2212117001002 147  3.26742e-01
2212117001251 149  2.41003e-01
2212117001252 160  3.08178e-01
2212117001581 153  2.53308e-01
2212117001582 149  2.77576e-01
2212117001585 154  2.75644e-01
2212117001991 150  2.14080e-01
2212117001992 154  2.53283e-01
2212117001995 155  2.71373e-01
2212117002511 152  2.81925e-01
2212117002512 151  2.88309e-01
2212117002515 151  2.80530e-01
2212117003161 158  2.52344e-01
2212117003162 155  2.47468e-01
2212117003165 154  2.34808e-01
2212117003981 160  2.33325e-01
2212117003982 159  2.38729e-01
2212117003985 158  2.38120e-01
2212117018032  13  3.65777e-02
2212117018051  44  7.97408e-02
2212117018052  21  3.55811e-02
2212117018061  90  1.35190e-01
2212117018062 100  1.42343e-01
2212117018071 121  2.04681e-01
2212117018072 107  2.16604e-01
2212117022551  84  1.49474e-01
2212117022552  48  8.61793e-02
2212117022561  80  1.31945e-01
2212117022562  78  1.24184e-01
2212117022571 106  1.84371e-01
2212117022572  98  2.00936e-01
2212117027051  37  6.67090e-02
2212117027052  40  9.81040e-02
2212117027061  72  1.14248e-01
2212117027062  74  1.36165e-01
2212117027071 118  1.73596e-01
2212117027072 107  1.85252e-01
2212117031561  63  1.03802e-01
2212117031562  79  1.21101e-01
2212117031571  81  1.25451e-01
2212117031572  84  1.36700e-01
2212123001001 150  2.68247e-01
2212123001002 149  3.35679e-01
2212123001251 155  2.69125e-01
2212123001252 150  2.90847e-01
2212123001581 151  2.60352e-01
2212123001582 154  2.99600e-01
2212123001585 157  2.47430e-01
2212123001991 160  2.87677e-01
2212123001992 159  2.58985e-01
2212123001995 153  2.76981e-01
2212123002511 155  2.65930e-01
2212123002512 158  2.79107e-01
2212123002515 162  2.53266e-01
2212123003161 164  2.63475e-01
2212123003162 165  2.80500e-01
2212123003165 161  3.00091e-01
2212123003981 165  2.26948e-01
2212123003982 165  2.63815e-01
2212123003985 163  2.67800e-01
2212123018051  76  1.08813e-01
2212123018052  94  1.11910e-01
2212123018061  99  1.43951e-01
2212123018062 109  1.79161e-01
2212123018071 123  2.16755e-01
2212123018072 124  2.22011e-01
2212123022531  38  6.28088e-02
2212123022532  69  1.17338e-01
2212123022551  80  1.16233e-01
2212123022552 101  1.60783e-01
2212123022561 108  1.56488e-01
2212123022562  96  1.35546e-01
2212123022571 130  2.08146e-01
2212123022572 113  1.81479e-01
2212123027031  29  4.74930e-02
2212123027032  69  1.09395e-01
2212123027051  76  1.12146e-01
2212123027052  69  1.00199e-01
2212123027061 100  1.45513e-01
2212123027062  97  1.43710e-01
2212123027071 125  2.13567e-01
2212123027072 124  2.28001e-01
2212123031551  23  4.45843e-02
2212123031552  35  5.51488e-02
2212123031561  84  1.16274e-01
2212123031562  78  1.25392e-01
2212123031571  92  1.46832e-01
2212123031572  86  1.44697e-01
2212130801001 162  4.78576e-01
2212130801002 150  2.96981e-01
2212130801251 156  2.67587e-01
2212130801252 157  2.16761e-01
2212130801581 157  2.99438e-01
2212130801582 160  2.86470e-01
2212130801585 164  2.90645e-01
2212130801991 161  2.80917e-01
2212130801992 163  2.89415e-01
2212130801995 164  3.03677e-01
2212130802511 166  2.74862e-01
2212130802512 167  2.72713e-01
2212130802515 169  2.85326e-01
2212130803161 170  2.71526e-01
2212130803162 164  2.64287e-01
2212130803165 167  2.48553e-01
2212130803981 168  3.09519e-01
2212130803982 169  2.97607e-01
2212130803985 167  2.69747e-01
2212130818021  32  5.65290e-02
2212130818051  97  1.47138e-01
2212130818052 121  1.80946e-01
2212130818061 126  1.98012e-01
2212130818062 125  2.30365e-01
2212130818071 133  2.04220e-01
2212130818072 134  2.13636e-01
2212130822551 101  1.42372e-01
2212130822552 103  1.62275e-01
2212130822561 117  1.90125e-01
2212130822562 121  2.02574e-01
2212130822571 132  2.34103e-01
2212130822572 131  2.07957e-01
2212130827032  44  7.78031e-02
2212130827051 100  1.60983e-01
2212130827052  88  1.29152e-01
2212130827061 110  1.72569e-01
2212130827062 121  1.88034e-01
2212130827071 138  2.13211e-01
2212130827072 132  2.61591e-01
2212130831551  62  1.49205e-01
2212130831552  30  6.89590e-02
2212130831561  88  1.08790e-01
2212130831562  82  1.25460e-01
2212130831571 111  1.70893e-01
2212130831572 107  1.57442e-01
2212141701001 176  5.36548e-01
2212141701002 162  3.75169e-01
2212141701251 173  4.23605e-01
2212141701252 162  3.70367e-01
2212141701581 163  4.30230e-01
2212141701582 161  3.40642e-01
2212141701585 163  3.75405e-01
2212141701991 170  3.75708e-01
2212141701992 165  4.06822e-01
2212141701995 172  4.96995e-01
2212141702511 170  4.60036e-01
2212141702512 172  5.29564e-01
2212141702515 176  3.99602e-01
2212141703161 175  3.16869e-01
2212141703162 176  3.81689e-01
2212141703165 176  1.65632e+00
2212141703981 176  4.83540e-01
2212141703982 176  3.95340e-01
2212141703985 176  3.65019e-01
2212141718021  17  4.26018e-02
2212141718022  40  7.80230e-02
2212141718051 143  2.64204e-01
2212141718052 130  2.50327e-01
2212141718061 131  2.67943e-01
2212141718062 153  3.18850e-01
2212141718071 139  2.71593e-01
2212141718072 132  2.40879e-01
2212141722521  45  8.04641e-02
2212141722551 130  2.40352e-01
2212141722552 132  2.63363e-01
2212141722561 134  2.50676e-01
2212141722562 140  2.92437e-01
2212141722571 139  2.89131e-01
2212141722572 139  2.53510e-01
2212141727051 123  2.32425e-01
2212141727052 117  2.26388e-01
2212141727061 133  2.49627e-01
2212141727062 131  2.40186e-01
2212141727071 136  2.86613e-01
2212141727072 142  2.56647e-01
2212141731551  20  4.70760e-02
2212141731552  47  7.68759e-02
2212141731561  79  1.55164e-01
2212141731562 107  2.95991e-01
2212141731571 113  2.33595e-01
2212141731572 122  2.56724e-01
2212929180501  46  2.63483e-01
2212929180502  39  2.53464e-01
2212929180631  49  2.76885e-01
2212929180632  67  3.65007e-01
2212929180791  80  3.53020e-01
2212929180792  79  3.79643e-01
2212929225392  17  1.77316e-01
2212929225501  17  1.47388e-01
2212929225502  34  2.46004e-01
2212929225631  59  3.41665e-01
2212929225632  57  3.30918e-01
2212929225791  65  3.74295e-01
2212929225792  79  4.13867e-01
2212929270391  28  1.77370e-01
2212929270392   8  5.37050e-02
2212929270501  40  3.12053e-01
2212929270502   9  7.43380e-02
2212929270631  62  3.44580e-01
2212929270632  66  3.76780e-01
2212929270791  78  3.95507e-01
2212929270792  76  3.71137e-01
2212929315391   7  5.99840e-02
2212929315392   8  6.09682e-02
2212929315501  43  2.62716e-01
2212929315502  39  3.22538e-01
2212929315631  64  6.01763e-01
2212929315632  68  3.54355e-01
2212929315791  70  4.97823e-01
2212929315792  71  3.72462e-01
2212935180392  14  1.02462e-01
2212935180501  44  2.50111e-01
2212935180502  50  2.45984e-01
2212935180631  74  3.86602e-01
2212935180632  76  2.89283e-01
2212935180791 103  4.05506e-01
2212935180792  88  3.59498e-01
2212935225392  10  1.01115e-01
2212935225501  49  2.64369e-01
2212935225502  59  3.08285e-01
2212935225631  67  3.31289e-01
2212935225632  70  3.55094e-01
2212935225791  86  3.41492e-01
2212935225792  79  3.90879e-01
2212935270391  10  1.08301e-01
2212935270392  20  1.05569e-01
2212935270501  39  2.69592e-01
2212935270502  51  5.16391e-01
2212935270631  88  4.06158e-01
2212935270632  70  3.39733e-01
2212935270791  95  4.25503e-01
2212935270792  87  4.03982e-01
2212935315312   8  6.59580e-02
2212935315391  50  2.61030e-01
2212935315392  24  1.52118e-01
2212935315501  41  2.90780e-01
2212935315502  59  3.18843e-01
2212935315631  76  3.15815e-01
2212935315632  67  4.69278e-01
2212935315791  97  4.48245e-01
2212935315792 111  4.50976e-01
2212942180311  24  1.40930e-01
2212942180312  20  8.55830e-02
2212942180391  18  1.81312e-01
2212942180392  45  2.38455e-01
2212942180501  69  2.65825e-01
2212942180502  69  3.08990e-01
2212942180631  93  3.43265e-01
2212942180632  94  3.49933e-01
2212942180791 115  4.15265e-01
2212942180792  97  3.66457e-01
2212942225311   7  5.06268e-02
2212942225312   7  5.47421e-02
2212942225391  41  2.00290e-01
2212942225392  49  2.41408e-01
2212942225501  66  2.92669e-01
2212942225502  70  3.25909e-01
2212942225631  84  3.26329e-01
2212942225632  83  3.57027e-01
2212942225791 112  4.39896e-01
2212942225792  99  4.19934e-01
2212942270252   6  4.22740e-02
2212942270311  23  1.65568e-01
2212942270312   7  4.66499e-02
2212942270391  58  2.45923e-01
2212942270392  72  2.79569e-01
2212942270501  73  3.26625e-01
2212942270502  63  2.75110e-01
2212942270631  88  3.77377e-01
2212942270632  98  3.81015e-01
2212942270791 113  4.30003e-01
2212942270792  97  3.89858e-01
2212942315391  59  2.64195e-01
2212942315392  46  3.85121e-01
2212942315501  72  3.34510e-01
2212942315502  71  3.06068e-01
2212942315631  80  3.81407e-01
2212942315632  86  3.13544e-01
2212942315791  91  3.35116e-01
2212942315792 102  3.44970e-01
2212950180251   9  1.12778e-01
2212950180252   7  6.79951e-02
2212950180311  33  1.46594e-01
2212950180312  47  2.76652e-01
2212950180391  63  2.27748e-01
2212950180392  72  4.08502e-01
2212950180501  77  3.14087e-01
2212950180502  85  2.99439e-01
2212950180631 102  3.77997e-01
2212950180632 112  2.99846e-01
2212950180791 116  3.78231e-01
2212950180792 116  3.35571e-01
2212950225311  40  1.73718e-01
2212950225312  39  1.82943e-01
2212950225391  72  2.99493e-01
2212950225392  76  2.88255e-01
2212950225501  78  3.23082e-01
2212950225502  77  2.97716e-01
2212950225631  95  3.60035e-01
2212950225632  86  3.17798e-01
2212950225791 117  3.96243e-01
2212950225792 111  4.12222e-01
2212950270251   7  4.68318e-02
2212950270311  38  1.76773e-01
2212950270312  47  3.02712e-01
2212950270391  66  2.43182e-01
2212950270392  67  2.48505e-01
2212950270501 102  3.35912e-01
2212950270502  89  3.28815e-01
2212950270631 114  4.30658e-01
2212950270632  89  3.24265e-01
2212950270791 105  3.92314e-01
2212950270792 114  3.83753e-01
2212950315252   8  4.27170e-02
2212950315311  20  1.94868e-01
2212950315312  43  1.59800e-01
2212950315391  72  2.89890e-01
2212950315392  72  4.15888e-01
2212950315501  78  3.02530e-01
2212950315502  85  3.24022e-01
2212950315631 105  3.43758e-01
2212950315632 106  3.89631e-01
2212950315791 117  3.92242e-01
2212950315792 110  4.74555e-01
2212960180192   6  5.81241e-02
2212960180251  20  8.76281e-02
2212960180252  45  1.47275e-01
2212960180311  65  2.20820e-01
2212960180312  73  2.33276e-01
2212960180391  88  2.67769e-01
2212960180392  94  2.57063e-01
2212960180501  92  2.78561e-01
2212960180502  96  2.62880e-01
2212960180631 120  3.33477e-01
2212960180632 112  3.56457e-01
2212960180791 117  3.64497e-01
2212960180792 113  3.74544e-01
2212960225251  10  4.67339e-02
2212960225252  39  1.43608e-01
2212960225311  72  2.35951e-01
2212960225312  78  2.61863e-01
2212960225391  56  1.90615e-01
2212960225392  81  2.99485e-01
2212960225501  95  2.99866e-01
2212960225502  87  2.76277e-01
2212960225631 115  3.54545e-01
2212960225632 102  3.24982e-01
2212960225791 117  3.54690e-01
2212960225792 119  3.17592e-01
2212960270191  13  8.91478e-02
2212960270251  20  1.11762e-01
2212960270252  27  9.86271e-02
2212960270311  72  2.45323e-01
2212960270312  69  2.13153e-01
2212960270391  69  2.33134e-01
2212960270392  96  2.61197e-01
2212960270501 114  3.42014e-01
2212960270502  96  2.94725e-01
2212960270631 113  3.53059e-01
2212960270632 109  3.47469e-01
2212960270791 115  2.87766e-01
2212960270792 121  3.61840e-01
2212960315251  72  2.02104e-01
2212960315252  22  1.90117e-01
2212960315311  49  1.88360e-01
2212960315312  59  2.18772e-01
2212960315391  81  2.83252e-01
2212960315392  85  2.85986e-01
2212960315501  96  3.20359e-01
2212960315502  91  2.82541e-01
2212960315631 117  3.54557e-01
2212960315632 116  3.49304e-01
2212960315791 118  3.63324e-01
2212960315792 119  4.19215e-01
2212972180191  34  1.73937e-01
2212972180192  19  7.21159e-02
2212972180251  69  2.10482e-01
2212972180252  73  1.99222e-01
2212972180311  80  2.99695e-01
2212972180312  72  2.00326e-01
2212972180391 104  3.34784e-01
2212972180392  93  2.95245e-01
2212972180501 113  3.28295e-01
2212972180502 108  3.20885e-01
2212972180631 121  3.40543e-01
2212972180632 122  3.57405e-01
2212972180791 119  3.57060e-01
2212972180792 119  3.07543e-01
2212972225151   9  3.30610e-02
2212972225191  46  1.52528e-01
2212972225192  41  1.35884e-01
2212972225251  47  1.31855e-01
2212972225252  76  2.15340e-01
2212972225311  75  2.10181e-01
2212972225312  85  2.46281e-01
2212972225391 111  3.12363e-01
2212972225392 116  3.16295e-01
2212972225501 120  3.05909e-01
2212972225502 113  3.37270e-01
2212972225631 119  3.00089e-01
2212972225632 119  3.36779e-01
2212972225791 118  2.73710e-01
2212972225792 117  3.38855e-01
2212972270191  21  8.61890e-02
2212972270192  30  1.10377e-01
2212972270251  48  1.71997e-01
2212972270252  59  1.82218e-01
2212972270311  79  3.13129e-01
2212972270312  92  2.72888e-01
2212972270391  90  2.32510e-01
2212972270392  99  2.99330e-01
2212972270501 118  3.38089e-01
2212972270502 121  3.40196e-01
2212972270631 122  3.45646e-01
2212972270632 118  3.32363e-01
2212972270791 125  3.50602e-01
2212972270792 122  3.46667e-01
2212972315191  24  1.24793e-01
2212972315192  27  1.03722e-01
2212972315251  60  1.55559e-01
2212972315252  57  1.79787e-01
2212972315311  79  2.29412e-01
2212972315312  82  2.49777e-01
2212972315391  98  3.10525e-01
2212972315392  94  3.07813e-01
2212972315501 111  3.17866e-01
2212972315502 118  3.31734e-01
2212972315631 119  3.27161e-01
2212972315632 121  3.18307e-01
2212972315791 123  3.46942e-01
2212972315792 119  4.10730e-01
2212987180151  32  1.08362e-01
2212987180152  28  1.48093e-01
2212987180191  61  1.33152e-01
2212987180192  71  2.22357e-01
2212987180251  94  2.27662e-01
2212987180252  92  2.29892e-01
2212987180311 111  2.94619e-01
2212987180312  87  2.68410e-01
2212987180391 119  3.26697e-01
2212987180392 100  3.14175e-01
2212987180501 115  3.01188e-01
2212987180502 117  2.91930e-01
2212987180631 117  4.23728e-01
2212987180632 116  3.30228e-01
2212987180791 124  3.43064e-01
2212987180792 125  3.31817e-01
2212987225122  10  4.01931e-02
2212987225151  27  1.23236e-01
2212987225152  42  1.21046e-01
2212987225191  56  2.62359e-01
2212987225192  72  1.87486e-01
2212987225251  77  1.88352e-01
2212987225252  82  2.10600e-01
2212987225311  91  2.62775e-01
2212987225312  98  2.81121e-01
2212987225391 119  3.25764e-01
2212987225392  98  3.08299e-01
2212987225501 119  3.56946e-01
2212987225502 120  2.95279e-01
2212987225631 121  3.17137e-01
2212987225632 125  3.00322e-01
2212987225791 127  3.38246e-01
2212987225792 125  3.30423e-01
2212987270151  33  1.34513e-01
2212987270152  50  1.30392e-01
2212987270191  69  1.67350e-01
2212987270192  53  1.51057e-01
2212987270251  80  3.07491e-01
2212987270252  86  2.18534e-01
2212987270311  96  2.71851e-01
2212987270312 107  3.06166e-01
2212987270391 115  3.23228e-01
2212987270392 117  3.11353e-01
2212987270501 119  2.96772e-01
2212987270502 124  3.06906e-01
2212987270631 120  3.28580e-01
2212987270632 128  3.41121e-01
2212987270791 129  3.35607e-01
2212987270792 126  2.92243e-01
2212987315152  53  1.36083e-01
2212987315191  60  2.05911e-01
2212987315192  66  1.72566e-01
2212987315251 100  2.51671e-01
2212987315252  68  1.98571e-01
2212987315311  94  2.44988e-01
2212987315312  95  2.67419e-01
2212987315391 118  3.12897e-01
2212987315392 118  3.07183e-01
2212987315501 119  3.43758e-01
2212987315502 119  3.56765e-01
2212987315631 118  3.07094e-01
2212987315632 122  3.22724e-01
2212987315791 126  3.36519e-01
2212987315792 121  3.25783e-01
22121005180121  18  4.74811e-02
22121005180122   8  3.59831e-02
22121005180151  68  2.40899e-01
22121005180152  67  3.15940e-01
22121005180191  75  1.71478e-01
22121005180192  93  3.23952e-01
22121005180251 103  2.50880e-01
22121005180252  94  2.18071e-01
22121005180311 113  2.68838e-01
22121005180312 120  2.89641e-01
22121005180391 121  2.77300e-01
22121005180392 119  2.86043e-01
22121005180501 128  3.20099e-01
22121005180502 123  2.71907e-01
22121005180631 123  2.74360e-01
22121005180632 129  3.22077e-01
22121005180791 126  3.11748e-01
22121005180792 130  2.54566e-01
22121005225121  23  9.95629e-02
22121005225122  59  1.77300e-01
22121005225151  57  1.76564e-01
22121005225152  70  1.49074e-01
22121005225191  88  1.98417e-01
22121005225192  84  1.93729e-01
22121005225251  96  2.86860e-01
22121005225252 104  2.38983e-01
22121005225311 118  2.92453e-01
22121005225312 117  2.66611e-01
22121005225391 118  3.00822e-01
22121005225392 123  2.50896e-01
22121005225501 126  3.36852e-01
22121005225502 123  2.76731e-01
22121005225631 126  3.16967e-01
22121005225632 126  3.14870e-01
22121005225791 130  3.38166e-01
22121005225792 131  3.31191e-01
22121005270121  23  7.63531e-02
22121005270151  44  1.10450e-01
22121005270152  64  1.47599e-01
22121005270191  76  2.09920e-01
22121005270192  92  2.12875e-01
22121005270251 102  2.24358e-01
22121005270252  92  2.14613e-01
22121005270311 118  2.85293e-01
22121005270312 118  2.41211e-01
22121005270391 116  2.93554e-01
22121005270392 120  2.76010e-01
22121005270501 124  3.18299e-01
22121005270502 118  2.97095e-01
22121005270631 128  3.13661e-01
22121005270632 129  3.24950e-01
22121005270791 126  3.16887e-01
22121005270792 128  3.23853e-01
22121005315122   8  5.01540e-02
22121005315151  58  1.99184e-01
22121005315152  54  1.33529e-01
22121005315191  95  2.37397e-01
22121005315192  80  1.47819e-01
22121005315251 102  2.51868e-01
22121005315252 116  2.58507e-01
22121005315311 116  2.60072e-01
22121005315312 104  2.30935e-01
22121005315391 117  2.94300e-01
22121005315392  99  3.24544e-01
22121005315501 128  3.20934e-01
22121005315502 128  3.07056e-01
22121005315631 127  3.20038e-01
22121005315632 128  3.25883e-01
22121005315791 130  3.41111e-01
22121005315792 129  3.27890e-01
22121026180101  17  1.23673e-01
22121026180102   9  3.21159e-02
22121026180121  61  1.76946e-01
22121026180122  51  1.20011e-01
22121026180151  93  1.73487e-01
22121026180152  82  1.68886e-01
22121026180191 119  2.79809e-01
22121026180192 107  2.15273e-01
22121026180251 121  2.20289e-01
22121026180252 113  2.58362e-01
22121026180311 122  2.36230e-01
22121026180312 120  2.31311e-01
22121026180391 125  2.69052e-01
22121026180392 125  2.48798e-01
22121026180501 131  2.88996e-01
22121026180502 123  2.51306e-01
22121026180631 133  2.87473e-01
22121026180632 133  2.98836e-01
22121026180791 131  2.65378e-01
22121026180792 131  2.73103e-01
22121026225102  10  3.79419e-02
22121026225121  55  1.16140e-01
22121026225122  56  1.31700e-01
22121026225151  82  1.56836e-01
22121026225152  86  1.74978e-01
22121026225191 102  3.82494e-01
22121026225192  96  2.08577e-01
22121026225251 118  2.71622e-01
22121026225252 121  2.45118e-01
22121026225311 119  2.64977e-01
22121026225312 117  2.85138e-01
22121026225391 122  2.28949e-01
22121026225392 126  2.53340e-01
22121026225501 126  2.47773e-01
22121026225502 131  2.83668e-01
22121026225631 130  2.79667e-01
22121026225632 130  3.17457e-01
22121026225791 133  2.86787e-01
22121026225792 130  2.80237e-01
22121026270101  53  1.53212e-01
22121026270121  54  1.36338e-01
22121026270122  61  1.43928e-01
22121026270151  94  1.71120e-01
22121026270152  81  1.91038e-01
22121026270191  96  2.12476e-01
22121026270192 118  3.48096e-01
22121026270251 117  2.41339e-01
22121026270252 118  2.29418e-01
22121026270311 121  2.33718e-01
22121026270312 117  2.54269e-01
22121026270391 125  2.65972e-01
22121026270392 121  2.95445e-01
22121026270501 126  2.66868e-01
22121026270502 120  2.27977e-01
22121026270631 132  3.03473e-01
22121026270632 130  2.81580e-01
22121026270791 133  2.84155e-01
22121026270792 134  2.45807e-01
22121026315121  45  1.24669e-01
22121026315122  45  1.46030e-01
22121026315151  86  1.63131e-01
22121026315152  79  1.49871e-01
22121026315191 110  3.36243e-01
22121026315192  93  3.28300e-01
22121026315251 107  2.34011e-01
22121026315252 118  2.38460e-01
22121026315311 119  2.87106e-01
22121026315312 116  2.29932e-01
22121026315391 123  2.78292e-01
22121026315392 121  2.75268e-01
22121026315501 128  2.78945e-01
22121026315502 127  2.83670e-01
22121026315631 128  2.64875e-01
22121026315632 129  2.93965e-01
22121026315791 131  2.86672e-01
22121026315792 133  2.92290e-01
22121052180101  56  1.25831e-01
22121052180102  65  1.30789e-01
22121052180121  74  1.14982e-01
22121052180122  84  1.47968e-01
22121052180151 107  1.91612e-01
22121052180152 119  1.89360e-01
22121052180191 117  2.94416e-01
22121052180192 114  2.15106e-01
22121052180251 124  2.50383e-01
22121052180252 121  2.22698e-01
22121052180311 125  2.41166e-01
22121052180312 127  2.35987e-01
22121052180391 128  2.28457e-01
22121052180392 123  2.45761e-01
22121052180501 131  2.13211e-01
22121052180502 134  2.66014e-01
22121052180631 134  2.67364e-01
22121052180632 131  2.30766e-01
22121052180791 138  2.59645e-01
22121052180792 136  2.42865e-01
22121052225101  56  1.19176e-01
22121052225102  52  1.37819e-01
22121052225121  82  1.82194e-01
22121052225122  87  1.60145e-01
22121052225151 103  1.83431e-01
22121052225152 115  1.94289e-01
22121052225191 123  2.77423e-01
22121052225192 116  2.69735e-01
22121052225251 120  2.16366e-01
22121052225252 121  2.39042e-01
22121052225311 123  2.23132e-01
22121052225312 124  2.57800e-01
22121052225391 127  2.30130e-01
22121052225392 129  2.34243e-01
22121052225501 130  2.50623e-01
22121052225502 131  2.58674e-01
22121052225631 134  2.68134e-01
22121052225632 135  2.60847e-01
22121052225791 134  2.69793e-01
22121052225792 138  2.74701e-01
22121052270101  58  1.18191e-01
22121052270102  59  1.05971e-01
22121052270121  86  1.52713e-01
22121052270122  83  1.83400e-01
22121052270151  98  1.64713e-01
22121052270152 114  1.88280e-01
22121052270191 120  2.31242e-01
22121052270192 119  2.88442e-01
22121052270251 118  2.40301e-01
22121052270252 126  2.29461e-01
22121052270311 123  2.28617e-01
22121052270312 127  2.34669e-01
22121052270391 128  2.37711e-01
22121052270392 127  2.23959e-01
22121052270501 136  2.46928e-01
22121052270502 131  2.07454e-01
22121052270631 134  2.65006e-01
22121052270632 137  1.88324e-01
22121052270791 133  2.37388e-01
22121052270792 134  2.77344e-01
22121052315101  51  1.43071e-01
22121052315102  35  6.73659e-02
22121052315121  73  1.30677e-01
22121052315122  83  1.54860e-01
22121052315151 118  2.10187e-01
22121052315152 104  1.69398e-01
22121052315191 116  3.30539e-01
22121052315192 115  3.06270e-01
22121052315251 127  2.75900e-01
22121052315252 120  2.43355e-01
22121052315311 128  2.35662e-01
22121052315312 120  2.21783e-01
22121052315391 128  2.35504e-01
22121052315392 127  2.30154e-01
22121052315501 125  2.73814e-01
22121052315502 129  2.51302e-01
22121052315631 131  2.52675e-01
22121052315632 132  2.58228e-01
22121052315791 132  2.18953e-01
22121052315792 134  2.75244e-01
22121083180101  94  1.56367e-01
22121083180102  74  1.47631e-01
22121083180121 105  1.76780e-01
22121083180122 109  1.67711e-01
22121083180151 118  1.79380e-01
22121083180152 121  2.09045e-01
22121083180191 124  2.68477e-01
22121083180192 123  2.70680e-01
22121083180251 127  2.63239e-01
22121083180252 129  1.94380e-01
22121083180311 133  2.33678e-01
22121083180312 130  2.88754e-01
22121083180391 134  2.30500e-01
22121083180392 136  2.33796e-01
22121083180501 131  2.19179e-01
22121083180502 138  2.44995e-01
22121083180631 138  2.53507e-01
22121083180632 140  2.36413e-01
22121083180791 140  2.50130e-01
22121083180792 143  2.71057e-01
22121083225101  96  1.83216e-01
22121083225102  86  1.53114e-01
22121083225121 117  2.05132e-01
22121083225122 106  2.05848e-01
22121083225151 118  1.92128e-01
22121083225152 121  2.26648e-01
22121083225191 125  2.41911e-01
22121083225192 123  1.72330e-01
22121083225251 128  2.16031e-01
22121083225252 128  1.97563e-01
22121083225311 130  2.29883e-01
22121083225312 129  2.20497e-01
22121083225391 132  2.27681e-01
22121083225392 132  2.22145e-01
22121083225501 135  2.38723e-01
22121083225502 130  2.41585e-01
22121083225631 136  2.51370e-01
22121083225632 135  2.23497e-01
22121083225791 140  2.58777e-01
22121083225792 141  2.65693e-01
22121083270101  85  2.27675e-01
22121083270102  83  1.61558e-01
22121083270121 116  1.92738e-01
22121083270122 106  1.64612e-01
22121083270151 121  2.26401e-01
22121083270152 121  1.91834e-01
22121083270191 121  1.84648e-01
22121083270192 123  2.07283e-01
22121083270251 128  2.24931e-01
22121083270252 124  2.64439e-01
22121083270311 132  2.23788e-01
22121083270312 129  2.23119e-01
22121083270391 133  2.37087e-01
22121083270392 130  2.22692e-01
22121083270501 133  2.52044e-01
22121083270502 136  2.34523e-01
22121083270631 141  2.12968e-01
22121083270632 136  2.30595e-01
22121083270791 142  2.56965e-01
22121083270792 141  2.78200e-01
22121083315101  69  1.36493e-01
22121083315102  69  1.52639e-01
22121083315121  96  1.51704e-01
22121083315122  83  1.55560e-01
22121083315151 119  2.09882e-01
22121083315152 120  1.87638e-01
22121083315191 125  2.19302e-01
22121083315192 123  2.08893e-01
22121083315251 124  2.55219e-01
22121083315252 129  2.62516e-01
22121083315311 127  2.21112e-01
22121083315312 128  1.99089e-01
22121083315391 134  2.28533e-01
22121083315392 137  2.31625e-01
22121083315501 135  2.36167e-01
22121083315502 133  2.02823e-01
22121083315631 135  2.32378e-01
22121083315632 140  2.30465e-01
22121083315791 137  2.58265e-01
22121083315792 140  2.64108e-01
22121122180101 116  2.27468e-01
22121122180102 118  1.78903e-01
22121122180121 118  1.63903e-01
22121122180122 114  3.07404e-01
22121122180151 126  2.47443e-01
22121122180152 123  1.86270e-01
22121122180191 130  2.37270e-01
22121122180192 134  2.20716e-01
22121122180251 132  2.44320e-01
22121122180252 131  2.16112e-01
22121122180311 133  2.67919e-01
22121122180312 132  2.42332e-01
22121122180391 141  2.82874e-01
22121122180392 137  2.75718e-01
22121122180501 141  3.05860e-01
22121122180502 130  2.38532e-01
22121122180631 141  3.60738e-01
22121122180632 138  2.67828e-01
22121122180791 142  3.07608e-01
22121122180792 141  3.03588e-01
22121122225101 106  2.30545e-01
22121122225102  94  1.59314e-01
22121122225121 121  2.78023e-01
22121122225122 116  1.80499e-01
22121122225151 122  1.95233e-01
22121122225152 126  2.56026e-01
22121122225191 128  2.57904e-01
22121122225192 129  2.19945e-01
22121122225251 130  2.21211e-01
22121122225252 132  2.23212e-01
22121122225311 135  2.77897e-01
22121122225312 138  5.09072e-01
22121122225391 142  2.64570e-01
22121122225392 137  3.30800e-01
22121122225501 141  3.45965e-01
22121122225502 143  3.01680e-01
22121122225631 140  3.03030e-01
22121122225632 141  3.09073e-01
22121122225791 142  3.02863e-01
22121122225792 143  2.88664e-01
22121122270101 102  1.72977e-01
22121122270102 106  1.97536e-01
22121122270121 118  1.84019e-01
22121122270122 123  2.46577e-01
22121122270151 123  2.46618e-01
22121122270152 123  2.62617e-01
22121122270191 127  2.14492e-01
22121122270192 133  3.72433e-01
22121122270251 128  1.97134e-01
22121122270252 130  2.39126e-01
22121122270311 134  3.84717e-01
22121122270312 132  2.49456e-01
22121122270391 136  2.34136e-01
22121122270392 135  2.94895e-01
22121122270501 138  3.19293e-01
22121122270502 142  2.95660e-01
22121122270631 144  2.88239e-01
22121122270632 141  3.25512e-01
22121122270791 141  2.49197e-01
22121122270792 140  2.60513e-01
22121122315101  85  1.70806e-01
22121122315102  98  1.85783e-01
22121122315121 116  2.04780e-01
22121122315122 116  1.97275e-01
22121122315151 126  1.95529e-01
22121122315152 124  2.42925e-01
22121122315191 124  1.95695e-01
22121122315192 126  2.53449e-01
22121122315251 132  2.46869e-01
22121122315252 123  2.97780e-01
22121122315311 131  2.77664e-01
22121122315312 135  2.95629e-01
22121122315391 130  2.80233e-01
22121122315392 137  2.79917e-01
22121122315501 141  2.97598e-01
22121122315502 135  2.45172e-01
22121122315631 140  3.04270e-01
22121122315632 140  2.68399e-01
22121122315791 140  2.75799e-01
22121122315792 140  3.03262e-01
22121170180101 118  1.61528e-01
22121170180102 123  2.49973e-01
22121170180121 125  1.96618e-01
22121170180122 126  2.35795e-01
22121170180151 129  2.42994e-01
22121170180152 123  2.27634e-01
22121170180191 133  2.31442e-01
22121170180192 134  3.46070e-01
22121170180251 136  2.63753e-01
22121170180252 134  2.75426e-01
22121170180311 143  2.23969e-01
22121170180312 143  4.10529e-01
22121170180391 139  2.84297e-01
22121170180392 137  2.54916e-01
22121170180501 144  3.33949e-01
22121170180502 142  3.13581e-01
22121170180631 150  2.28251e-01
22121170180632 142  3.67515e-01
22121170180791 146  2.87487e-01
22121170180792 147  2.47303e-01
22121170225101 118  2.09963e-01
22121170225102 125  2.16703e-01
22121170225121 122  2.23204e-01
22121170225122 123  2.35371e-01
22121170225151 127  2.56961e-01
22121170225152 131  3.24033e-01
22121170225191 129  2.35807e-01
22121170225192 132  2.59234e-01
22121170225251 138  2.61718e-01
22121170225252 140  2.60103e-01
22121170225311 141  2.67984e-01
22121170225312 142  3.09616e-01
22121170225391 148  2.46199e-01
22121170225392 138  2.57223e-01
22121170225501 143  2.42311e-01
22121170225502 142  2.66402e-01
22121170225631 151  2.44568e-01
22121170225632 142  3.76555e-01
22121170225791 154  2.89859e-01
22121170225792 152  2.39419e-01
22121170270101 116  2.29759e-01
22121170270102 118  2.38604e-01
22121170270121 125  1.97344e-01
22121170270122 125  2.37457e-01
22121170270151 133  2.24631e-01
22121170270152 130  1.99500e-01
22121170270191 135  2.33339e-01
22121170270192 131  3.10593e-01
22121170270251 135  2.93172e-01
22121170270252 130  2.57680e-01
22121170270311 138  2.59682e-01
22121170270312 137  2.39088e-01
22121170270391 141  2.64239e-01
22121170270392 138  2.66537e-01
22121170270501 147  2.84739e-01
22121170270502 144  2.92768e-01
22121170270631 144  3.84582e-01
22121170270632 146  2.29170e-01
22121170270791 154  2.40820e-01
22121170270792 151  2.40045e-01
22121170315101  96  1.59752e-01
22121170315102  98  1.61364e-01
22121170315121 119  2.16845e-01
22121170315122 123  2.08153e-01
22121170315151 126  2.99321e-01
22121170315152 127  2.98878e-01
22121170315191 131  2.08375e-01
22121170315192 130  2.43272e-01
22121170315251 132  2.59996e-01
22121170315252 128  2.31802e-01
22121170315311 133  2.71172e-01
22121170315312 132  2.60790e-01
22121170315391 140  2.55732e-01
22121170315392 142  2.71939e-01
22121170315501 141  2.37219e-01
22121170315502 144  2.26472e-01
22121170315631 142  2.44424e-01
22121170315632 141  2.27436e-01
22121170315791 147  3.05141e-01
22121170315792 144  2.49229e-01
22121230180101 128  2.22389e-01
22121230180102 123  2.27338e-01
22121230180121 130  1.97924e-01
22121230180122 133  2.28414e-01
22121230180151 134  2.24078e-01
22121230180152 138  2.35690e-01
22121230180191 145  2.65907e-01
22121230180192 142  2.70615e-01
22121230180251 141  2.62436e-01
22121230180252 145  2.58690e-01
22121230180311 147  2.55203e-01
22121230180312 147  2.52838e-01
22121230180391 140  2.64321e-01
22121230180392 148  2.75186e-01
22121230180501 147  2.74232e-01
22121230180502 153  2.69452e-01
22121230180631 151  2.71048e-01
22121230180632 154  2.42379e-01
22121230180791 148  2.71745e-01
22121230180792 157  2.45268e-01
22121230225101 131  2.29657e-01
22121230225102 129  2.12545e-01
22121230225121 131  2.45391e-01
22121230225122 136  2.17631e-01
22121230225151 132  2.14304e-01
22121230225152 143  2.48653e-01
22121230225191 139  2.66620e-01
22121230225192 141  2.58824e-01
22121230225251 142  2.44186e-01
22121230225252 139  2.21709e-01
22121230225311 144  2.36784e-01
22121230225312 145  2.29623e-01
22121230225391 145  2.52649e-01
22121230225392 154  2.42401e-01
22121230225501 153  2.91104e-01
22121230225502 151  2.86472e-01
22121230225631 151  2.80369e-01
22121230225632 152  2.90441e-01
22121230225791 158  2.49028e-01
22121230225792 152  2.70911e-01
22121230270101 123  2.03499e-01
22121230270102 126  2.23965e-01
22121230270121 133  2.29267e-01
22121230270122 131  2.27466e-01
22121230270151 133  2.11186e-01
22121230270152 136  2.35990e-01
22121230270191 134  2.42872e-01
22121230270192 143  3.27352e-01
22121230270251 138  2.51620e-01
22121230270252 141  2.05803e-01
22121230270311 137  2.29580e-01
22121230270312 145  2.29840e-01
22121230270391 142  2.64396e-01
22121230270392 147  2.59544e-01
22121230270501 151  2.78718e-01
22121230270502 154  3.03894e-01
22121230270631 147  2.88802e-01
22121230270632 152  2.91447e-01
22121230270791 152  2.75092e-01
22121230270792 152  2.65798e-01
22121230315101 123  2.19985e-01
22121230315102 121  1.93113e-01
22121230315121 120  2.11556e-01
22121230315122 128  2.00334e-01
22121230315151 130  2.09627e-01
22121230315152 130  1.93493e-01
22121230315191 132  2.35045e-01
22121230315192 131  2.08860e-01
22121230315251 142  2.49267e-01
22121230315252 142  2.45189e-01
22121230315311 140  2.59296e-01
22121230315312 140  2.10024e-01
22121230315391 140  2.73559e-01
22121230315392 145  3.03516e-01
22121230315501 142  2.73788e-01
22121230315502 149  2.61879e-01
22121230315631 152  2.72377e-01
22121230315632 151  2.44461e-01
22121230315791 150  2.87710e-01
22121230315792 155  3.09873e-01
22121308180101 142  2.14089e-01
22121308180102 131  2.45004e-01
22121308180121 141  2.39329e-01
22121308180122 141  2.17879e-01
22121308180151 142  2.58179e-01
22121308180152 142  2.16198e-01
22121308180191 142  2.43187e-01
22121308180192 144  2.84304e-01
22121308180251 148  2.31736e-01
22121308180252 151  2.37777e-01
22121308180311 152  3.02020e-01
22121308180312 152  2.59611e-01
22121308180391 156  2.42080e-01
22121308180392 153  2.87615e-01
22121308180501 156  2.45100e-01
22121308180502 155  2.70086e-01
22121308180631 156  2.48143e-01
22121308180632 163  3.50261e-01
22121308180791 157  3.24708e-01
22121308180792 164  2.84073e-01
22121308225101 138  2.20491e-01
22121308225102 139  2.40360e-01
22121308225121 142  2.48318e-01
22121308225122 136  2.38288e-01
22121308225151 139  2.39476e-01
22121308225152 142  2.21705e-01
22121308225191 145  2.71840e-01
22121308225192 142  2.54030e-01
22121308225251 154  3.12303e-01
22121308225252 152  2.83612e-01
22121308225311 150  2.63431e-01
22121308225312 151  2.88721e-01
22121308225391 154  2.69911e-01
22121308225392 155  2.89541e-01
22121308225501 166  3.81299e-01
22121308225502 154  2.89653e-01
22121308225631 159  2.71220e-01
22121308225632 160  3.00486e-01
22121308225791 160  3.05610e-01
22121308225792 166  3.67560e-01
22121308270101 141  2.30649e-01
22121308270102 132  2.39685e-01
22121308270121 137  2.20175e-01
22121308270122 132  2.19063e-01
22121308270151 150  3.08803e-01
22121308270152 143  2.53844e-01
22121308270191 144  2.43422e-01
22121308270192 141  2.41574e-01
22121308270251 153  2.86786e-01
22121308270252 151  2.51506e-01
22121308270311 152  2.89835e-01
22121308270312 154  2.78054e-01
22121308270391 151  2.34525e-01
22121308270392 153  2.86669e-01
22121308270501 154  2.68064e-01
22121308270502 149  2.38035e-01
22121308270631 151  2.55245e-01
22121308270632 152  2.67654e-01
22121308270791 155  2.92127e-01
22121308270792 161  3.61930e-01
22121308315101 132  2.64082e-01
22121308315102 125  2.24104e-01
22121308315121 132  2.32285e-01
22121308315122 122  2.13544e-01
22121308315151 132  2.29356e-01
22121308315152 142  2.18839e-01
22121308315191 141  2.06829e-01
22121308315192 139  2.52711e-01
22121308315251 141  2.45700e-01
22121308315252 139  2.60387e-01
22121308315311 149  2.32865e-01
22121308315312 139  2.00311e-01
22121308315391 151  2.71627e-01
22121308315392 152  2.67884e-01
22121308315501 151  2.83640e-01
22121308315502 150  2.77998e-01
22121308315631 165  3.80111e-01
22121308315632 160  2.96296e-01
22121308315791 153  3.01017e-01
22121308315792 151  2.63711e-01
22121417180101 144  2.97827e-01
22121417180102 144  2.53880e-01
22121417180121 154  3.15281e-01
22121417180122 151  3.19270e-01
22121417180151 153  3.25996e-01
22121417180152 150  3.28909e-01
22121417180191 152  3.09885e-01
22121417180192 159  3.31001e-01
22121417180251 154  2.37225e-01
22121417180252 155  3.50749e-01
22121417180311 176  4.07072e-01
22121417180312 167  3.75111e-01
22121417180391 164  3.01851e-01
22121417180392 160  3.01402e-01
22121417180501 172  3.94098e-01
22121417180502 166  3.92248e-01
22121417180631 165  2.57953e-01
22121417180632 166  3.10825e-01
22121417180791 176  4.96764e-01
22121417180792 176  7.38147e-01
22121417225101 140  2.85170e-01
22121417225102 141  2.39042e-01
22121417225121 151  3.12702e-01
22121417225122 143  2.18858e-01
22121417225151 153  3.44462e-01
22121417225152 151  3.11992e-01
22121417225191 150  2.79059e-01
22121417225192 159  3.58069e-01
22121417225251 164  3.34267e-01
22121417225252 158  2.78418e-01
22121417225311 158  2.68365e-01
22121417225312 168  3.02635e-01
22121417225391 163  2.97243e-01
22121417225392 158  2.84807e-01
22121417225501 164  3.01700e-01
22121417225502 169  3.42475e-01
22121417225631 167  4.79044e-01
22121417225632 169  3.76248e-01
22121417225791 167  3.38157e-01
22121417225792 176  1.99030e+00
22121417270101 139  1.91099e-01
22121417270102 146  2.97128e-01
22121417270121 147  3.03974e-01
22121417270122 140  2.86222e-01
22121417270151 147  3.14020e-01
22121417270152 152  3.45794e-01
22121417270191 165  3.53947e-01
22121417270192 154  3.49687e-01
22121417270251 154  3.41341e-01
22121417270252 157  3.14714e-01
22121417270311 152  2.90188e-01
22121417270312 161  3.63637e-01
22121417270391 166  3.12014e-01
22121417270392 167  3.28423e-01
22121417270501 165  4.11083e-01
22121417270502 162  2.84789e-01
22121417270631 166  3.35618e-01
22121417270632 168  4.25555e-01
22121417270791 167  3.90886e-01
22121417270792 166  3.81698e-01
22121417315101 133  2.51739e-01
22121417315102 133  2.48474e-01
22121417315121 139  2.95018e-01
22121417315122 148  2.68833e-01
22121417315151 147  3.57459e-01
22121417315152 134  2.07177e-01
22121417315191 155  3.32997e-01
22121417315192 141  2.92964e-01
22121417315251 153  3.20080e-01
22121417315252 149  2.88239e-01
22121417315311 150  3.18979e-01
22121417315312 152  3.23559e-01
22121417315391 154  3.12582e-01
22121417315392 161  4.18445e-01
22121417315501 157  3.86069e-01
22121417315502 157  3.49858e-01
22121417315631 162  3.65003e-01
22121417315632 166  4.54470e-01
22121417315791 176  4.68371e-01
22121417315792 166  3.60597e-01
22129291801001  96  4.48405e-01
22129291801002  85  3.93966e-01
22129291801251  97  4.86436e-01
22129291801252 115  4.80756e-01
22129291801255 107  5.43162e-01
22129291801581 116  4.36404e-01
22129291801582 116  6.23474e-01
22129291801585 113  4.27241e-01
22129291801991 112  5.81436e-01
22129291801992 121  6.78302e-01
22129291801995 113  5.25126e-01
22129291802511 122  5.52451e-01
22129291802512 125  6.24749e-01
22129291802515 123  6.22635e-01
22129291803161 123  9.83915e-01
22129291803162 124  5.27421e-01
22129291803165 122  5.20108e-01
22129291803981 124  5.52884e-01
22129291803982 124  6.78091e-01
22129291803985 128  5.88900e-01
22129292251001  89  4.62528e-01
22129292251002  86  4.54053e-01
22129292251251 101  4.14675e-01
22129292251252 112  5.67387e-01
22129292251255 110  5.16771e-01
22129292251581 118  6.95388e-01
22129292251582 115  4.97374e-01
22129292251585 110  5.41819e-01
22129292251991 117  7.23274e-01
22129292251992 120  7.35854e-01
22129292251995 119  7.33885e-01
22129292252511 119  5.94275e-01
22129292252512 120  6.36878e-01
22129292252515 118  5.12948e-01
22129292253161 126  8.38907e-01
22129292253162 127  5.01398e-01
22129292253165 128  7.91116e-01
22129292253981 126  6.48688e-01
22129292253982 126  5.13782e-01
22129292253985 125  6.00061e-01
22129292701001  93  4.27715e-01
22129292701002  88  4.10102e-01
22129292701251 106  4.20997e-01
22129292701252 112  5.74123e-01
22129292701255 103  4.18395e-01
22129292701581 113  5.01514e-01
22129292701582 114  4.12134e-01
22129292701585 111  4.89913e-01
22129292701991 120  5.80133e-01
22129292701992 118  8.03822e-01
22129292701995 123  4.94840e-01
22129292702511 123  6.17859e-01
22129292702512 120  5.58057e-01
22129292702515 118  5.73491e-01
22129292703161 122  4.80167e-01
22129292703162 127  5.97581e-01
22129292703165 124  5.90873e-01
22129292703981 124  5.57756e-01
22129292703982 123  6.35773e-01
22129292703985 125  5.67124e-01
22129293151001  95  3.90834e-01
22129293151002  98  5.27772e-01
22129293151251 105  4.57591e-01
22129293151252  95  5.80101e-01
22129293151255 110  4.96509e-01
22129293151581 110  5.39413e-01
22129293151582 114  6.91763e-01
22129293151585 110  4.28895e-01
22129293151991 122  6.44577e-01
22129293151992 120  4.73119e-01
22129293151995 117  6.33433e-01
22129293152511 120  6.14577e-01
22129293152512 121  4.77208e-01
22129293152515 117  5.90289e-01
22129293153161 126  5.82353e-01
22129293153162 127  6.50711e-01
22129293153165 124  5.91683e-01
22129293153981 127  5.74071e-01
22129293153982 125  6.85967e-01
22129293153985 126  5.40303e-01
22129351801001 113  4.44221e-01
22129351801002  97  4.13161e-01
22129351801251 117  4.57368e-01
22129351801252 113  4.13994e-01
22129351801255 113  4.76045e-01
22129351801581 116  5.83472e-01
22129351801582 118  4.61308e-01
22129351801585 122  5.26402e-01
22129351801991 122  4.36690e-01
22129351801992 120  5.59515e-01
22129351801995 121  4.52034e-01
22129351802511 122  6.56354e-01
22129351802512 124  4.10488e-01
22129351802515 123  6.75870e-01
22129351803161 122  6.85575e-01
22129351803162 130  4.72419e-01
22129351803165 128  5.59459e-01
22129351803981 127  6.16354e-01
22129351803982 129  6.68506e-01
22129351803985 130  5.47690e-01
22129352251001 101  5.38966e-01
22129352251002 106  4.40606e-01
22129352251251 112  3.99057e-01
22129352251252  90  4.28239e-01
22129352251255 114  4.39350e-01
22129352251581 117  6.87610e-01
22129352251582 120  6.99273e-01
22129352251585 119  4.95307e-01
22129352251991 125  4.22898e-01
22129352251992 119  4.90573e-01
22129352251995 119  6.76824e-01
22129352252511 122  6.40066e-01
22129352252512 130  6.45169e-01
22129352252515 121  5.94760e-01
22129352253161 123  5.96126e-01
22129352253162 127  6.54341e-01
22129352253165 124  6.21844e-01
22129352253981 128  6.15778e-01
22129352253982 131  4.36388e-01
22129352253985 134  6.19150e-01
22129352701001 100  4.88462e-01
22129352701002 111  4.63242e-01
22129352701251 114  4.79624e-01
22129352701252 115  6.75636e-01
22129352701255 115  4.48251e-01
22129352701581 122  4.14105e-01
22129352701582 118  4.13505e-01
22129352701585 119  5.53631e-01
22129352701991 125  6.93678e-01
22129352701992 124  4.44129e-01
22129352701995 121  4.93936e-01
22129352702511 126  5.60337e-01
22129352702512 120  5.39243e-01
22129352702515 124  6.18709e-01
22129352703161 126  1.08318e+00
22129352703162 126  6.12133e-01
22129352703165 127  7.67948e-01
22129352703981 126  6.71061e-01
22129352703982 126  4.49763e-01
22129352703985 130  9.04716e-01
22129353151001 112  4.55563e-01
22129353151002 113  4.25969e-01
22129353151251 115  4.18512e-01
22129353151252 112  4.52876e-01
22129353151255 114  6.51123e-01
22129353151581 116  6.17237e-01
22129353151582 122  5.47343e-01
22129353151585 117  4.94495e-01
22129353151991 118  6.75939e-01
22129353151992 121  5.33733e-01
22129353151995 119  5.21723e-01
22129353152511 126  6.24763e-01
22129353152512 122  4.86722e-01
22129353152515 126  7.64453e-01
22129353153161 125  5.06676e-01
22129353153162 129  5.25874e-01
22129353153165 124  6.64678e-01
22129353153981 127  5.98018e-01
22129353153982 128  6.18000e-01
22129353153985 127  6.22458e-01
22129421801001 115  3.94475e-01
22129421801002 113  4.15207e-01
22129421801251 115  4.04435e-01
22129421801252 118  3.73383e-01
22129421801255 120  4.39317e-01
22129421801581 125  5.24032e-01
22129421801582 123  4.53616e-01
22129421801585 125  6.03005e-01
22129421801991 121  5.01233e-01
22129421801992 122  5.04837e-01
22129421801995 121  5.36700e-01
22129421802511 128  5.06492e-01
22129421802512 124  4.99787e-01
22129421802515 126  5.00250e-01
22129421803161 128  3.83949e-01
22129421803162 129  5.48425e-01
22129421803165 127  4.73427e-01
22129421803981 135  4.59342e-01
22129421803982 131  5.26714e-01
22129421803985 131  4.20012e-01
22129422251001 114  3.85832e-01
22129422251002 114  4.34746e-01
22129422251251 122  4.42053e-01
22129422251252 117  4.13546e-01
22129422251255 118  4.14160e-01
22129422251581 121  4.32937e-01
22129422251582 122  5.43141e-01
22129422251585 123  4.18676e-01
22129422251991 124  3.84559e-01
22129422251992 127  4.33297e-01
22129422251995 123  5.53731e-01
22129422252511 124  5.26169e-01
22129422252512 125  5.30752e-01
22129422252515 126  4.82145e-01
22129422253161 127  6.58625e-01
22129422253162 130  4.35378e-01
22129422253165 127  4.46066e-01
22129422253981 131  4.89367e-01
22129422253982 133  5.70539e-01
22129422253985 132  4.43156e-01
22129422701001 112  4.92209e-01
22129422701002 113  3.66624e-01
22129422701251 115  5.24099e-01
22129422701252 121  4.43278e-01
22129422701255 116  4.48246e-01
22129422701581 121  5.45803e-01
22129422701582 122  4.45568e-01
22129422701585 118  5.16829e-01
22129422701991 122  6.13042e-01
22129422701992 126  4.43163e-01
22129422701995 121  5.27035e-01
22129422702511 125  5.22956e-01
22129422702512 127  4.96239e-01
22129422702515 129  4.77379e-01
22129422703161 132  5.64011e-01
22129422703162 126  5.21145e-01
22129422703165 128  5.75270e-01
22129422703981 131  4.05499e-01
22129422703982 132  5.38854e-01
22129422703985 130  4.94918e-01
22129423151001 110  3.73275e-01
22129423151002  98  4.16049e-01
22129423151251 117  4.10456e-01
22129423151252 120  3.84596e-01
22129423151255 117  4.19984e-01
22129423151581 118  5.10922e-01
22129423151582 120  4.41408e-01
22129423151585 122  4.21214e-01
22129423151991 125  5.63247e-01
22129423151992 121  6.00530e-01
22129423151995 127  4.47446e-01
22129423152511 127  4.47178e-01
22129423152512 130  4.63154e-01
22129423152515 123  5.07030e-01
22129423153161 127  5.48104e-01
22129423153162 126  5.90486e-01
22129423153165 126  4.43455e-01
22129423153981 135  5.35146e-01
22129423153982 131  5.94937e-01
22129423153985 130  5.12150e-01
22129501801001 120  4.51768e-01
22129501801002 120  4.22515e-01
22129501801251 120  3.73077e-01
22129501801252 123  4.39138e-01
22129501801255 122  4.66961e-01
22129501801581 126  3.51570e-01
22129501801582 128  4.37235e-01
22129501801585 124  4.04010e-01
22129501801991 129  3.85299e-01
22129501801992 126  4.31402e-01
22129501801995 129  3.83392e-01
22129501802511 127  4.62046e-01
22129501802512 128  4.61953e-01
22129501802515 129  4.47592e-01
22129501803161 130  4.21519e-01
22129501803162 131  4.94887e-01
22129501803165 134  5.50305e-01
22129501803981 134  3.93963e-01
22129501803982 137  5.14382e-01
22129501803985 128  4.54558e-01
22129502251001 120  3.96017e-01
22129502251002 116  4.29068e-01
22129502251251 119  4.37028e-01
22129502251252 118  4.88920e-01
22129502251255 117  4.32528e-01
22129502251581 123  4.63897e-01
22129502251582 126  3.71314e-01
22129502251585 123  4.54439e-01
22129502251991 128  4.95264e-01
22129502251992 127  4.46835e-01
22129502251995 125  6.82280e-01
22129502252511 133  4.91436e-01
22129502252512 128  5.94275e-01
22129502252515 127  5.19930e-01
22129502253161 131  4.73003e-01
22129502253162 132  4.11643e-01
22129502253165 136  4.19216e-01
22129502253981 130  4.02316e-01
22129502253982 131  4.76807e-01
22129502253985 135  5.09420e-01
22129502701001 114  3.89076e-01
22129502701002 118  5.18060e-01
22129502701251 118  3.60867e-01
22129502701252 122  4.36993e-01
22129502701255 122  4.19923e-01
22129502701581 121  5.09602e-01
22129502701582 124  4.39340e-01
22129502701585 126  3.78468e-01
22129502701991 129  4.53115e-01
22129502701992 131  3.71528e-01
22129502701995 126  4.10433e-01
22129502702511 128  4.27485e-01
22129502702512 126  4.47140e-01
22129502702515 127  5.02350e-01
22129502703161 135  4.99091e-01
22129502703162 129  5.33151e-01
22129502703165 131  4.63579e-01
22129502703981 133  4.47187e-01
22129502703982 134  3.96074e-01
22129502703985 135  4.56199e-01
22129503151001 120  4.54988e-01
22129503151002 116  4.24411e-01
22129503151251 123  5.34019e-01
22129503151252 121  3.55527e-01
22129503151255 118  3.67950e-01
22129503151581 122  4.47549e-01
22129503151582 121  4.51059e-01
22129503151585 126  5.18326e-01
22129503151991 124  5.12273e-01
22129503151992 130  4.91639e-01
22129503151995 125  4.89269e-01
22129503152511 127  5.05652e-01
22129503152512 130  5.09560e-01
22129503152515 130  5.02801e-01
22129503153161 132  3.88893e-01
22129503153162 133  4.37843e-01
22129503153165 133  5.07391e-01
22129503153981 134  3.75813e-01
22129503153982 132  3.96983e-01
22129503153985 132  3.76708e-01
22129601801001 121  3.68882e-01
22129601801002 117  3.92944e-01
22129601801251 121  3.95210e-01
22129601801252 124  3.31914e-01
22129601801255 125  3.88866e-01
22129601801581 126  3.84808e-01
22129601801582 128  3.44067e-01
22129601801585 126  3.56922e-01
22129601801991 129  3.54139e-01
22129601801992 127  3.65823e-01
22129601801995 130  4.47725e-01
22129601802511 133  4.10774e-01
22129601802512 132  3.48884e-01
22129601802515 132  4.12227e-01
22129601803161 134  3.77944e-01
22129601803162 141  3.38371e-01
22129601803165 136  3.56882e-01
22129601803981 134  4.47626e-01
22129601803982 135  5.11639e-01
22129601803985 134  4.42284e-01
22129602251001 119  3.32215e-01
22129602251002 121  3.45808e-01
22129602251251 127  3.84106e-01
22129602251252 127  4.21033e-01
22129602251255 123  3.77660e-01
22129602251581 127  3.46363e-01
22129602251582 129  4.50693e-01
22129602251585 127  3.57423e-01
22129602251991 126  5.10330e-01
22129602251992 132  4.02213e-01
22129602251995 129  4.39294e-01
22129602252511 133  4.56471e-01
22129602252512 130  3.88870e-01
22129602252515 129  4.04702e-01
22129602253161 134  4.41438e-01
22129602253162 134  3.96406e-01
22129602253165 134  4.72350e-01
22129602253981 135  4.76669e-01
22129602253982 134  4.30049e-01
22129602253985 138  4.71756e-01
22129602701001 121  5.79461e-01
22129602701002 118  3.92164e-01
22129602701251 126  3.77185e-01
22129602701252 125  3.54244e-01
22129602701255 127  4.05244e-01
22129602701581 126  4.03719e-01
22129602701582 128  3.43375e-01
22129602701585 127  4.46467e-01
22129602701991 126  3.63175e-01
22129602701992 130  3.22337e-01
22129602701995 129  3.07876e-01
22129602702511 132  4.31809e-01
22129602702512 134  4.11266e-01
22129602702515 135  4.46184e-01
22129602703161 136  4.47557e-01
22129602703162 134  4.28357e-01
22129602703165 131  3.53441e-01
22129602703981 134  4.41206e-01
22129602703982 136  3.80519e-01
22129602703985 135  4.44202e-01
22129603151001 121  3.37099e-01
22129603151002 123  3.82721e-01
22129603151251 123  3.71150e-01
22129603151252 123  3.87516e-01
22129603151255 125  3.41698e-01
22129603151581 124  4.41272e-01
22129603151582 127  3.13528e-01
22129603151585 122  4.39607e-01
22129603151991 133  4.68998e-01
22129603151992 132  3.32201e-01
22129603151995 130  4.35384e-01
22129603152511 133  3.99152e-01
22129603152512 133  4.19185e-01
22129603152515 132  3.15718e-01
22129603153161 137  4.27357e-01
22129603153162 133  4.33798e-01
22129603153165 135  4.78510e-01
22129603153981 139  4.46970e-01
22129603153982 140  4.55183e-01
22129603153985 138  4.49969e-01
22129721801001 129  3.81431e-01
22129721801002 127  3.58675e-01
22129721801251 130  3.73533e-01
22129721801252 128  3.67838e-01
22129721801255 126  3.52861e-01
22129721801581 131  3.71192e-01
22129721801582 132  3.81682e-01
22129721801585 129  3.96850e-01
22129721801991 131  3.34566e-01
22129721801992 132  3.72657e-01
22129721801995 131  3.75620e-01
22129721802511 134  3.21288e-01
22129721802512 136  3.32247e-01
22129721802515 133  4.71307e-01
22129721803161 135  3.13384e-01
22129721803162 135  3.37177e-01
22129721803165 137  4.58894e-01
22129721803981 141  3.95723e-01
22129721803982 134  4.75079e-01
22129721803985 140  3.11837e-01
22129722251001 124  3.58021e-01
22129722251002 131  3.77055e-01
22129722251251 127  3.65876e-01
22129722251252 127  3.38149e-01
22129722251255 124  3.47904e-01
22129722251581 126  3.62027e-01
22129722251582 133  3.02213e-01
22129722251585 131  3.16376e-01
22129722251991 130  3.62227e-01
22129722251992 129  3.27766e-01
22129722251995 135  3.48699e-01
22129722252511 136  3.94508e-01
22129722252512 135  3.82333e-01
22129722252515 136  3.68571e-01
22129722253161 137  4.02475e-01
22129722253162 134  3.02606e-01
22129722253165 137  3.08076e-01
22129722253981 135  4.01771e-01
22129722253982 138  3.05100e-01
22129722253985 142  3.10726e-01
22129722701001 123  3.62843e-01
22129722701002 131  3.75045e-01
22129722701251 127  3.28037e-01
22129722701252 128  3.54000e-01
22129722701255 128  3.56421e-01
22129722701581 127  3.58770e-01
22129722701582 129  3.65736e-01
22129722701585 129  3.00403e-01
22129722701991 134  3.02499e-01
22129722701992 133  3.77359e-01
22129722701995 132  3.70173e-01
22129722702511 133  3.09387e-01
22129722702512 132  2.99084e-01
22129722702515 137  3.81923e-01
22129722703161 136  3.06037e-01
22129722703162 137  3.37053e-01
22129722703165 140  3.15620e-01
22129722703981 138  3.22892e-01
22129722703982 137  3.90815e-01
22129722703985 136  4.46696e-01
22129723151001 123  3.62034e-01
22129723151002 125  3.52590e-01
22129723151251 126  3.52983e-01
22129723151252 128  3.55343e-01
22129723151255 127  3.66754e-01
22129723151581 133  3.32138e-01
22129723151582 130  3.14731e-01
22129723151585 131  3.65650e-01
22129723151991 131  3.62873e-01
22129723151992 125  4.96212e-01
22129723151995 130  2.93954e-01
22129723152511 138  3.23922e-01
22129723152512 136  3.03753e-01
22129723152515 134  3.16401e-01
22129723153161 136  2.83244e-01
22129723153162 138  3.84171e-01
22129723153165 140  3.14015e-01
22129723153981 139  3.68910e-01
22129723153982 138  4.51616e-01
22129723153985 139  3.66089e-01
22129871801001 126  3.46382e-01
22129871801002 128  3.91308e-01
22129871801251 128  3.53254e-01
22129871801252 131  3.84522e-01
22129871801255 129  3.54453e-01
22129871801581 131  3.61750e-01
22129871801582 135  3.59519e-01
22129871801585 131  3.62567e-01
22129871801991 135  3.95296e-01
22129871801992 136  3.02075e-01
22129871801995 135  3.70791e-01
22129871802511 138  3.58251e-01
22129871802512 133  3.34560e-01
22129871802515 139  3.67946e-01
22129871803161 139  3.62350e-01
22129871803162 142  3.84867e-01
22129871803165 137  3.70219e-01
22129871803981 140  3.69762e-01
22129871803982 143  5.06022e-01
22129871803985 146  3.40975e-01
22129872251001 131  3.54728e-01
22129872251002 128  3.40242e-01
22129872251251 127  3.44119e-01
22129872251252 131  3.53433e-01
22129872251255 133  3.68910e-01
22129872251581 140  2.99667e-01
22129872251582 135  3.91840e-01
22129872251585 133  3.50309e-01
22129872251991 140  3.00356e-01
22129872251992 139  3.54168e-01
22129872251995 133  3.51340e-01
22129872252511 134  3.55155e-01
22129872252512 138  3.55952e-01
22129872252515 139  3.37600e-01
22129872253161 142  3.20264e-01
22129872253162 141  3.46027e-01
22129872253165 137  2.82778e-01
22129872253981 145  3.21549e-01
22129872253982 138  2.94269e-01
22129872253985 142  3.08897e-01
22129872701001 131  3.56492e-01
22129872701002 129  3.48398e-01
22129872701251 134  3.59862e-01
22129872701252 129  3.50408e-01
22129872701255 129  3.48530e-01
22129872701581 134  3.58589e-01
22129872701582 135  3.60349e-01
22129872701585 135  2.96291e-01
22129872701991 134  3.47835e-01
22129872701992 135  3.65034e-01
22129872701995 132  3.62933e-01
22129872702511 138  2.79312e-01
22129872702512 136  2.94860e-01
22129872702515 141  3.23046e-01
22129872703161 141  3.74298e-01
22129872703162 135  3.03854e-01
22129872703165 138  3.21596e-01
22129872703981 142  3.45114e-01
22129872703982 140  3.71373e-01
22129872703985 137  3.25060e-01
22129873151001 129  3.47347e-01
22129873151002 127  2.79018e-01
22129873151251 129  2.96454e-01
22129873151252 128  3.46818e-01
22129873151255 130  3.05834e-01
22129873151581 132  3.54755e-01
22129873151582 133  3.41505e-01
22129873151585 133  3.48738e-01
22129873151991 136  3.61281e-01
22129873151992 136  2.95755e-01
22129873151995 137  3.55818e-01
22129873152511 136  4.02622e-01
22129873152512 138  3.70531e-01
22129873152515 139  3.13675e-01
22129873153161 138  2.86702e-01
22129873153162 141  3.10738e-01
22129873153165 140  3.05337e-01
22129873153981 142  3.38491e-01
22129873153982 139  3.52259e-01
22129873153985 141  4.75575e-01
221210051801001 132  3.18759e-01
221210051801002 126  2.55527e-01
221210051801251 132  2.72470e-01
221210051801252 131  3.19656e-01
221210051801255 134  3.21155e-01
221210051801581 137  3.49428e-01
221210051801582 138  3.54271e-01
221210051801585 133  2.68867e-01
221210051801991 140  3.29971e-01
221210051801992 142  3.04651e-01
221210051801995 140  2.74660e-01
221210051802511 142  3.48471e-01
221210051802512 139  3.11235e-01
221210051802515 146  3.59431e-01
221210051803161 139  3.22056e-01
221210051803162 140  2.67780e-01
221210051803165 144  3.35648e-01
221210051803981 142  3.36975e-01
221210051803982 142  2.72453e-01
221210051803985 147  2.92843e-01
221210052251001 134  3.34766e-01
221210052251002 132  3.33467e-01
221210052251251 134  3.32290e-01
221210052251252 135  3.35492e-01
221210052251255 136  3.21875e-01
221210052251581 137  3.44806e-01
221210052251582 136  3.37913e-01
221210052251585 138  3.23625e-01
221210052251991 139  3.46679e-01
221210052251992 136  3.23847e-01
221210052251995 145  3.52600e-01
221210052252511 140  3.44561e-01
221210052252512 141  3.38262e-01
221210052252515 140  2.74540e-01
221210052253161 144  3.42421e-01
221210052253162 141  3.74789e-01
221210052253165 142  3.46928e-01
221210052253981 140  3.40595e-01
221210052253982 141  3.45556e-01
221210052253985 146  3.19097e-01
221210052701001 134  3.23618e-01
221210052701002 133  3.22797e-01
221210052701251 133  3.08228e-01
221210052701252 136  3.37020e-01
221210052701255 135  3.34652e-01
221210052701581 136  3.02867e-01
221210052701582 135  3.10520e-01
221210052701585 138  3.19842e-01
221210052701991 136  2.63102e-01
221210052701992 136  3.27580e-01
221210052701995 141  3.55083e-01
221210052702511 140  2.93099e-01
221210052702512 141  3.36306e-01
221210052702515 143  3.50043e-01
221210052703161 143  3.52077e-01
221210052703162 143  3.32384e-01
221210052703165 140  3.33762e-01
221210052703981 149  3.50514e-01
221210052703982 145  2.72266e-01
221210052703985 144  3.53091e-01
221210053151001 131  3.32916e-01
221210053151002 131  3.26581e-01
221210053151251 135  3.40531e-01
221210053151252 134  3.36837e-01
221210053151255 134  3.00576e-01
221210053151581 139  3.55107e-01
221210053151582 137  2.80815e-01
221210053151585 137  3.38474e-01
221210053151991 136  3.22108e-01
221210053151992 141  3.35059e-01
221210053151995 143  3.44250e-01
221210053152511 138  3.51003e-01
221210053152512 138  3.80591e-01
221210053152515 139  3.31025e-01
221210053153161 145  3.56468e-01
221210053153162 145  3.57340e-01
221210053153165 141  3.49727e-01
221210053153981 149  3.66556e-01
221210053153982 138  3.39332e-01
221210053153985 143  3.46042e-01
221210261801001 139  3.06309e-01
221210261801002 138  2.61713e-01
221210261801251 136  2.33675e-01
221210261801252 134  2.23749e-01
221210261801255 135  2.52622e-01
221210261801581 141  2.89643e-01
221210261801582 142  2.58878e-01
221210261801585 140  2.80959e-01
221210261801991 141  2.55734e-01
221210261801992 141  2.66417e-01
221210261801995 142  2.69391e-01
221210261802511 139  2.44525e-01
221210261802512 142  2.82173e-01
221210261802515 147  2.44666e-01
221210261803161 142  2.64007e-01
221210261803162 147  2.99081e-01
221210261803165 145  3.10282e-01
221210261803981 147  2.85564e-01
221210261803982 149  3.55381e-01
221210261803985 145  3.01849e-01
221210262251001 136  2.96206e-01
221210262251002 134  2.92490e-01
221210262251251 141  2.83711e-01
221210262251252 138  2.94034e-01
221210262251255 143  2.82119e-01
221210262251581 139  2.93070e-01
221210262251582 141  3.02085e-01
221210262251585 138  2.49964e-01
221210262251991 142  2.85901e-01
221210262251992 143  3.00696e-01
221210262251995 142  3.07335e-01
221210262252511 141  2.99369e-01
221210262252512 143  2.51845e-01
221210262252515 143  2.79215e-01
221210262253161 148  2.78126e-01
221210262253162 144  2.62118e-01
221210262253165 147  2.92992e-01
221210262253981 146  3.16519e-01
221210262253982 141  2.46600e-01
221210262253985 146  2.60375e-01
221210262701001 134  2.84814e-01
221210262701002 133  2.84954e-01
221210262701251 138  2.71853e-01
221210262701252 143  3.13582e-01
221210262701255 134  2.42947e-01
221210262701581 137  3.05208e-01
221210262701582 143  3.14619e-01
221210262701585 141  2.85030e-01
221210262701991 143  3.23610e-01
221210262701992 143  2.91838e-01
221210262701995 141  3.01674e-01
221210262702511 145  3.15547e-01
221210262702512 144  3.08955e-01
221210262702515 150  3.08969e-01
221210262703161 146  2.49968e-01
221210262703162 146  3.08179e-01
221210262703165 147  2.64712e-01
221210262703981 150  3.02856e-01
221210262703982 148  2.48410e-01
221210262703985 145  3.32015e-01
221210263151001 135  3.60891e-01
221210263151002 137  2.76146e-01
221210263151251 136  2.42139e-01
221210263151252 136  2.95067e-01
221210263151255 141  2.94843e-01
221210263151581 140  3.01263e-01
221210263151582 140  3.29373e-01
221210263151585 141  3.19427e-01
221210263151991 141  3.04858e-01
221210263151992 140  3.04906e-01
221210263151995 144  3.41558e-01
221210263152511 144  3.13763e-01
221210263152512 147  2.67674e-01
221210263152515 144  2.90060e-01
221210263153161 141  3.03001e-01
221210263153162 142  2.57088e-01
221210263153165 143  2.87015e-01
221210263153981 145  3.09720e-01
221210263153982 145  2.61029e-01
221210263153985 146  2.46143e-01
221210521801001 144  2.75105e-01
221210521801002 139  2.49579e-01
221210521801251 142  2.71817e-01
221210521801252 145  2.94062e-01
221210521801255 140  2.68292e-01
221210521801581 142  2.83286e-01
221210521801582 142  2.78048e-01
221210521801585 141  2.50501e-01
221210521801991 147  2.83091e-01
221210521801992 144  2.41227e-01
221210521801995 145  2.58956e-01
221210521802511 146  2.79917e-01
221210521802512 146  2.60215e-01
221210521802515 141  2.59457e-01
221210521803161 148  2.83427e-01
221210521803162 150  2.78713e-01
221210521803165 147  2.18555e-01
221210521803981 153  2.70267e-01
221210521803982 152  2.74078e-01
221210521803985 153  2.89673e-01
221210522251001 146  2.84038e-01
221210522251002 142  2.73217e-01
221210522251251 145  2.35915e-01
221210522251252 141  2.29699e-01
221210522251255 143  2.37800e-01
221210522251581 144  2.61923e-01
221210522251582 141  2.46847e-01
221210522251585 143  2.30930e-01
221210522251991 153  2.36580e-01
221210522251992 143  2.22795e-01
221210522251995 141  2.44265e-01
221210522252511 144  2.59208e-01
221210522252512 144  2.73680e-01
221210522252515 144  2.80155e-01
221210522253161 149  3.13855e-01
221210522253162 147  2.56690e-01
221210522253165 151  2.94187e-01
221210522253981 152  2.35297e-01
221210522253982 152  2.99307e-01
221210522253985 150  2.28641e-01
221210522701001 142  2.61750e-01
221210522701002 142  2.69627e-01
221210522701251 142  2.26584e-01
221210522701252 145  2.30037e-01
221210522701255 140  2.84493e-01
221210522701581 142  2.76613e-01
221210522701582 135  2.11057e-01
221210522701585 141  2.74792e-01
221210522701991 140  2.78741e-01
221210522701992 140  2.54981e-01
221210522701995 142  2.77873e-01
221210522702511 150  2.85552e-01
221210522702512 145  2.79151e-01
221210522702515 148  2.75135e-01
221210522703161 150  2.88178e-01
221210522703162 152  2.77825e-01
221210522703165 149  2.74805e-01
221210522703981 148  2.74398e-01
221210522703982 155  2.45144e-01
221210522703985 149  2.82907e-01
221210523151001 142  2.36903e-01
221210523151002 140  2.70105e-01
221210523151251 143  2.80803e-01
221210523151252 140  2.69766e-01
221210523151255 142  2.81817e-01
221210523151581 142  2.19651e-01
221210523151582 141  2.76764e-01
221210523151585 142  2.43987e-01
221210523151991 145  2.28969e-01
221210523151992 146  2.84924e-01
221210523151995 143  2.25227e-01
221210523152511 142  2.79735e-01
221210523152512 145  3.12404e-01
221210523152515 145  2.46502e-01
221210523153161 150  2.65032e-01
221210523153162 154  2.95872e-01
221210523153165 148  2.92413e-01
221210523153981 149  2.56080e-01
221210523153982 152  2.30274e-01
221210523153985 152  2.37370e-01
221210831801001 140  2.59701e-01
221210831801002 141  2.38573e-01
221210831801251 143  2.71715e-01
221210831801252 149  2.82823e-01
221210831801255 146  2.88808e-01
221210831801581 148  2.73881e-01
221210831801582 147  2.74658e-01
221210831801585 151  2.67853e-01
221210831801991 146  2.16477e-01
221210831801992 145  2.59694e-01
221210831801995 152  2.53621e-01
221210831802511 151  2.56744e-01
221210831802512 152  3.07754e-01
221210831802515 149  2.44920e-01
221210831803161 150  2.96370e-01
221210831803162 152  2.54632e-01
221210831803165 150  2.39846e-01
221210831803981 153  2.84630e-01
221210831803982 151  2.34452e-01
221210831803985 153  2.98368e-01
221210832251001 141  3.13398e-01
221210832251002 142  2.66183e-01
221210832251251 145  2.56878e-01
221210832251252 143  2.74034e-01
221210832251255 141  2.47968e-01
221210832251581 145  2.53632e-01
221210832251582 146  2.68119e-01
221210832251585 147  2.67410e-01
221210832251991 152  2.68350e-01
221210832251992 152  2.68249e-01
221210832251995 152  2.73686e-01
221210832252511 152  2.58012e-01
221210832252512 154  2.62634e-01
221210832252515 154  2.65073e-01
221210832253161 155  2.69813e-01
221210832253162 149  2.30079e-01
221210832253165 153  2.35755e-01
221210832253981 153  2.65112e-01
221210832253982 149  2.63766e-01
221210832253985 148  2.24580e-01
221210832701001 143  2.75335e-01
221210832701002 141  2.61408e-01
221210832701251 144  2.68433e-01
221210832701252 143  2.71689e-01
221210832701255 139  2.65784e-01
221210832701581 146  2.85861e-01
221210832701582 142  2.50938e-01
221210832701585 142  2.66884e-01
221210832701991 147  2.77136e-01
221210832701992 155  2.93026e-01
221210832701995 146  2.13085e-01
221210832702511 151  2.86664e-01
221210832702512 153  2.35984e-01
221210832702515 152  3.23496e-01
221210832703161 152  2.35306e-01
221210832703162 152  2.82330e-01
221210832703165 154  2.93405e-01
221210832703981 153  3.48329e-01
221210832703982 154  2.43404e-01
221210832703985 151  2.86962e-01
221210833151001 142  2.66763e-01
221210833151002 145  2.75871e-01
221210833151251 142  2.66496e-01
221210833151252 142  2.62951e-01
221210833151255 139  2.58960e-01
221210833151581 142  2.74889e-01
221210833151582 142  2.67650e-01
221210833151585 142  2.70667e-01
221210833151991 154  2.85887e-01
221210833151992 146  2.84439e-01
221210833151995 147  2.97632e-01
221210833152511 152  2.90040e-01
221210833152512 148  2.56627e-01
221210833152515 147  2.86190e-01
221210833153161 152  2.99548e-01
221210833153162 151  3.21573e-01
221210833153165 152  2.48506e-01
221210833153981 152  2.30933e-01
221210833153982 153  2.67088e-01
221210833153985 144  2.75972e-01
221211221801001 147  2.91740e-01
221211221801002 148  2.69402e-01
221211221801251 150  2.88004e-01
221211221801252 155  2.53153e-01
221211221801255 153  2.21426e-01
221211221801581 150  2.27463e-01
221211221801582 152  2.74519e-01
221211221801585 153  2.76021e-01
221211221801991 152  2.26625e-01
221211221801992 151  2.57623e-01
221211221801995 151  2.52593e-01
221211221802511 151  2.55136e-01
221211221802512 154  2.28873e-01
221211221802515 152  2.38795e-01
221211221803161 153  3.02539e-01
221211221803162 154  3.22402e-01
221211221803165 151  2.75018e-01
221211221803981 155  3.58262e-01
221211221803982 154  2.26512e-01
221211221803985 158  2.90930e-01
221211222251001 149  2.88600e-01
221211222251002 147  3.19360e-01
221211222251251 153  2.52376e-01
221211222251252 145  2.89670e-01
221211222251255 153  2.54527e-01
221211222251581 148  2.45240e-01
221211222251582 149  2.74532e-01
221211222251585 152  2.75611e-01
221211222251991 152  2.42021e-01
221211222251992 151  2.71040e-01
221211222251995 151  2.54799e-01
221211222252511 153  2.52318e-01
221211222252512 154  2.24025e-01
221211222252515 151  2.19129e-01
221211222253161 152  3.07655e-01
221211222253162 155  2.83064e-01
221211222253165 153  2.68801e-01
221211222253981 154  2.54643e-01
221211222253982 152  2.57502e-01
221211222253985 159  2.63010e-01
221211222701001 144  2.37814e-01
221211222701002 140  2.64615e-01
221211222701251 147  2.68375e-01
221211222701252 148  2.57470e-01
221211222701255 146  2.29753e-01
221211222701581 153  3.32222e-01
221211222701582 151  2.46535e-01
221211222701585 152  2.68158e-01
221211222701991 154  2.65595e-01
221211222701992 152  2.21263e-01
221211222701995 150  2.43550e-01
221211222702511 154  2.73123e-01
221211222702512 157  2.93554e-01
221211222702515 153  2.53104e-01
221211222703161 151  2.82782e-01
221211222703162 151  2.45033e-01
221211222703165 153  2.20089e-01
221211222703981 151  2.64268e-01
221211222703982 158  3.11673e-01
221211222703985 155  2.77528e-01
221211223151001 148  2.61321e-01
221211223151002 144  2.87596e-01
221211223151251 147  3.46376e-01
221211223151252 140  2.88677e-01
221211223151255 144  3.18947e-01
221211223151581 150  2.38638e-01
221211223151582 147  2.46238e-01
221211223151585 151  2.64685e-01
221211223151991 150  2.24000e-01
221211223151992 150  2.67945e-01
221211223151995 151  2.24006e-01
221211223152511 152  3.01807e-01
221211223152512 153  2.73349e-01
221211223152515 151  2.83041e-01
221211223153161 152  2.69768e-01
221211223153162 152  2.58247e-01
221211223153165 156  3.02619e-01
221211223153981 156  2.31719e-01
221211223153982 158  2.30830e-01
221211223153985 158  2.38397e-01
221211701801001 153  3.05602e-01
221211701801002 150  2.46176e-01
221211701801251 150  2.82913e-01
221211701801252 152  2.61065e-01
221211701801581 152  2.60529e-01
221211701801582 154  2.84422e-01
221211701801585 156  2.40398e-01
221211701801991 154  2.50573e-01
221211701801992 155  2.26558e-01
221211701801995 159  2.64869e-01
221211701802511 159  2.63018e-01
221211701802512 157  2.32012e-01
221211701802515 157  2.92219e-01
221211701803161 163  2.99140e-01
221211701803162 159  2.16273e-01
221211701803165 161  2.55315e-01
221211701803981 167  2.55547e-01
221211701803982 165  2.34001e-01
221211701803985 161  2.35777e-01
221211702251001 155  3.29849e-01
221211702251002 150  3.02149e-01
221211702251251 152  2.96947e-01
221211702251252 154  2.80062e-01
221211702251581 148  2.95060e-01
221211702251582 152  2.69749e-01
221211702251585 156  2.52986e-01
221211702251991 154  2.62844e-01
221211702251992 152  2.75166e-01
221211702251995 158  2.55548e-01
221211702252511 157  2.51488e-01
221211702252512 157  2.81411e-01
221211702252515 165  2.95220e-01
221211702253161 164  3.20272e-01
221211702253162 161  2.80544e-01
221211702253165 163  2.80317e-01
221211702253981 165  2.72066e-01
221211702253982 167  2.45436e-01
221211702253985 165  2.67312e-01
221211702701001 152  2.46933e-01
221211702701002 150  2.63016e-01
221211702701251 152  2.97422e-01
221211702701252 148  2.85631e-01
221211702701581 152  2.77272e-01
221211702701582 151  2.88718e-01
221211702701585 154  2.43928e-01
221211702701991 148  2.15599e-01
221211702701992 154  2.59859e-01
221211702701995 156  2.86707e-01
221211702702511 159  2.97662e-01
221211702702512 156  3.61141e-01
221211702702515 165  4.32565e-01
221211702703161 161  2.69070e-01
221211702703162 161  2.32340e-01
221211702703165 165  2.22643e-01
221211702703981 159  2.83273e-01
221211702703982 163  2.95115e-01
221211702703985 161  2.51662e-01
221211703151001 152  2.91859e-01
221211703151002 153  2.76093e-01
221211703151251 151  2.83887e-01
221211703151252 146  2.72499e-01
221211703151581 153  2.84522e-01
221211703151582 150  2.28638e-01
221211703151585 151  2.52143e-01
221211703151991 155  2.59762e-01
221211703151992 152  2.72445e-01
221211703151995 154  2.67575e-01
221211703152511 158  2.39953e-01
221211703152512 153  2.23001e-01
221211703152515 151  2.39580e-01
221211703153161 157  2.81644e-01
221211703153162 153  2.43679e-01
221211703153165 161  2.66212e-01
221211703153981 161  2.46503e-01
221211703153982 165  2.98643e-01
221211703153985 157  2.77235e-01
221212301801001 153  3.01249e-01
221212301801002 153  2.66869e-01
221212301801251 162  2.79108e-01
221212301801252 157  3.06199e-01
221212301801581 164  2.65196e-01
221212301801582 165  2.80635e-01
221212301801585 158  2.59984e-01
221212301801991 163  2.90639e-01
221212301801992 160  2.40843e-01
221212301801995 165  2.54798e-01
221212301802511 163  2.60740e-01
221212301802512 166  3.26027e-01
221212301802515 163  2.58876e-01
221212301803161 163  2.63974e-01
221212301803162 166  2.80632e-01
221212301803165 164  2.87169e-01
221212301803981 171  2.69401e-01
221212301803982 164  3.21781e-01
221212301803985 165  3.12158e-01
221212302251001 162  3.18044e-01
221212302251002 154  3.15736e-01
221212302251251 158  3.06417e-01
221212302251252 161  2.59361e-01
221212302251581 166  2.97803e-01
221212302251582 158  2.83791e-01
221212302251585 158  3.03105e-01
221212302251991 163  2.69309e-01
221212302251992 163  3.20355e-01
221212302251995 166  2.96522e-01
221212302252511 166  3.08066e-01
221212302252512 165  3.07434e-01
221212302252515 163  2.84886e-01
221212302253161 167  2.77967e-01
221212302253162 168  2.75789e-01
221212302253165 166  2.65114e-01
221212302253981 167  3.60502e-01
221212302253982 168  2.43637e-01
221212302253985 166  2.58726e-01
221212302701001 155  3.27300e-01
221212302701002 152  2.91321e-01
221212302701251 161  2.94378e-01
221212302701252 163  2.60876e-01
221212302701581 158  2.72139e-01
221212302701582 167  2.99674e-01
221212302701585 165  2.97965e-01
221212302701991 163  2.94579e-01
221212302701992 165  2.79510e-01
221212302701995 163  2.43194e-01
221212302702511 166  2.75266e-01
221212302702512 163  2.95191e-01
221212302702515 165  3.22522e-01
221212302703161 166  3.15352e-01
221212302703162 167  2.88086e-01
221212302703165 166  3.78836e-01
221212302703981 166  2.74316e-01
221212302703982 163  2.38821e-01
221212302703985 166  3.24758e-01
221212303151001 153  2.68724e-01
221212303151002 158  2.46434e-01
221212303151251 154  3.81780e-01
221212303151252 157  3.46194e-01
221212303151581 152  3.28848e-01
221212303151582 158  2.76123e-01
221212303151585 156  2.98082e-01
221212303151991 161  2.67413e-01
221212303151992 156  2.74053e-01
221212303151995 154  3.07519e-01
221212303152511 160  2.54449e-01
221212303152512 161  2.49544e-01
221212303152515 160  3.15956e-01
221212303153161 166  2.79237e-01
221212303153162 166  3.05507e-01
221212303153165 162  3.02089e-01
221212303153981 168  3.29156e-01
221212303153982 164  3.05069e-01
221212303153985 167  2.62824e-01
221213081801001 176  5.58902e-01
221213081801002 165  3.46052e-01
221213081801251 165  3.00523e-01
221213081801252 165  2.88137e-01
221213081801581 170  2.69649e-01
221213081801582 169  2.91624e-01
221213081801585 172  2.86764e-01
221213081801991 167  2.92206e-01
221213081801992 168  2.61224e-01
221213081801995 166  2.78130e-01
221213081802511 172  3.04775e-01
221213081802512 176  3.13920e-01
221213081802515 172  2.63580e-01
221213081803161 172  3.65402e-01
221213081803162 176  3.46321e-01
221213081803165 174  3.10763e-01
221213081803981 176  3.52027e-01
221213081803982 176  2.76299e-01
221213081803985 176  3.17623e-01
221213082251001 172  3.06781e-01
221213082251002 165  2.88897e-01
221213082251251 164  3.41350e-01
221213082251252 165  2.85050e-01
221213082251581 167  2.78657e-01
221213082251582 173  3.86937e-01
221213082251585 165  3.18369e-01
221213082251991 165  2.66740e-01
221213082251992 170  3.18619e-01
221213082251995 176  3.21239e-01
221213082252511 172  2.72344e-01
221213082252512 171  2.98858e-01
221213082252515 176  3.91216e-01
221213082253161 176  3.43947e-01
221213082253162 176  2.93947e-01
221213082253165 173  2.77547e-01
221213082253981 176  3.43824e-01
221213082253982 176  3.18326e-01
221213082253985 176  3.66108e-01
221213082701001 159  2.74000e-01
221213082701002 165  2.95131e-01
221213082701251 164  2.70637e-01
221213082701252 166  3.07541e-01
221213082701581 167  2.89796e-01
221213082701582 166  3.46987e-01
221213082701585 172  2.85108e-01
221213082701991 170  2.72954e-01
221213082701992 169  3.21768e-01
221213082701995 163  2.97815e-01
221213082702511 172  3.06495e-01
221213082702512 176  3.71457e-01
221213082702515 168  3.63447e-01
221213082703161 173  2.65391e-01
221213082703162 169  2.53572e-01
221213082703165 173  2.60006e-01
221213082703981 176  3.24416e-01
221213082703982 176  3.01055e-01
221213082703985 176  3.06752e-01
221213083151001 163  3.12759e-01
221213083151002 157  3.06423e-01
221213083151251 167  3.14339e-01
221213083151252 161  2.80243e-01
221213083151581 168  2.87605e-01
221213083151582 163  2.90995e-01
221213083151585 167  3.14762e-01
221213083151991 165  2.60201e-01
221213083151992 165  2.78639e-01
221213083151995 165  3.18042e-01
221213083152511 167  2.89549e-01
221213083152512 168  2.76686e-01
221213083152515 166  2.92074e-01
221213083153161 174  3.17802e-01
221213083153162 176  4.18663e-01
221213083153165 171  2.85645e-01
221213083153981 176  3.09691e-01
221213083153982 176  4.55152e-01
221213083153985 175  2.74028e-01
221214171801001 176  5.22979e-01
221214171801002 171  3.68143e-01
221214171801251 176  3.88872e-01
221214171801252 176  5.56602e-01
221214171801581 176  3.86823e-01
221214171801582 176  4.34559e-01
221214171801585 176  4.44907e-01
221214171801991 176  5.65355e-01
221214171801992 176  4.21918e-01
221214171801995 176  3.58492e-01
221214171802511 176  3.89324e-01
221214171802512 176  4.25127e-01
221214171802515 176  4.14487e-01
221214171803161 176  4.29757e-01
221214171803162 176  4.54780e-01
221214171803165 176  3.78000e-01
221214171803981 176  6.35949e-01
221214171803982 176  3.65422e-01
221214171803985 176  4.45739e-01
221214172251001 172  3.51377e-01
221214172251002 176  4.91083e-01
221214172251251 174  4.07351e-01
221214172251252 176  3.82317e-01
221214172251581 176  4.48210e-01
221214172251582 176  3.79475e-01
221214172251585 176  3.69661e-01
221214172251991 176  3.42960e-01
221214172251992 176  3.91520e-01
221214172251995 176  3.71995e-01
221214172252511 176  3.77142e-01
221214172252512 176  4.75518e-01
221214172252515 176  3.60506e-01
221214172253161 176  1.70858e+00
221214172253162 176  3.71935e-01
221214172253165 176  3.43352e-01
221214172253981 176  4.19920e-01
221214172253982 176  2.29673e+00
221214172253985 176  4.32280e-01
221214172701001 171  3.46099e-01
221214172701002 168  3.56000e-01
221214172701251 176  3.55886e-01
221214172701252 171  3.81420e-01
221214172701581 176  3.91145e-01
221214172701582 176  3.60598e-01
221214172701585 176  3.39169e-01
221214172701991 176  4.15632e-01
221214172701992 176  4.03227e-01
221214172701995 176  3.30312e-01
221214172702511 176  3.12196e-01
221214172702512 176  3.58829e-01
221214172702515 176  4.40701e-01
221214172703161 176  3.77746e-01
221214172703162 176  3.08273e-01
221214172703165 176  4.03572e-01
221214172703981 176  1.37442e+00
221214172703982 176  3.51589e-01
221214172703985 176  3.79374e-01
221214173151001 167  4.24163e-01
221214173151002 168  5.00846e-01
221214173151251 176  5.55110e-01
221214173151252 166  2.89875e-01
221214173151581 176  5.08997e-01
221214173151582 176  5.71819e-01
221214173151585 168  4.38247e-01
221214173151991 176  3.84991e-01
221214173151992 168  2.92344e-01
221214173151995 171  3.88113e-01
221214173152511 176  4.16274e-01
221214173152512 176  5.76162e-01
221214173152515 176  3.58236e-01
221214173153161 176  4.33247e-01
221214173153162 176  4.46567e-01
221214173153165 176  6.27705e-01
221214173153981 176  4.28621e-01
221214173153982 176  3.49071e-01
221214173153985 176  1.81334e+00
