22121122071  58  6.77545e+01          nan  1.79955e+02          nan  1.43409e+03          nan  3.00000e+00  3.27551e+06 
22121122072  33  6.77499e+01          nan  1.79933e+02          nan  2.20955e+02          nan  3.00000e+00  3.13422e+06 
22121170062  13  6.29788e+01          nan  1.79882e+02          nan  1.85147e+01          nan  2.68378e+00  2.18122e+06 
22121170071  75  6.29846e+01          nan  1.79917e+02          nan  5.80554e+03          nan  3.00000e+00  2.66713e+06 
22121170072  56  6.29835e+01          nan  1.79894e+02          nan  1.28331e+03          nan  3.00000e+00  2.51366e+06 
22121230062  20  5.64841e+01          nan  1.81150e+02          nan  1.45569e+03          nan  3.00000e+00  1.89350e+06 
22121230071  70  5.69359e+01          nan  1.79834e+02          nan  3.87125e+03          nan  3.00000e+00  1.71452e+06 
22121230072  64  5.69405e+01          nan  1.79842e+02          nan  3.44843e+03          nan  3.00000e+00  1.91472e+06 
22121308071  61  4.90998e+01          nan  1.79794e+02          nan  4.81651e+03          nan  2.98625e+00  1.15216e+06 
22121308072  58  4.91241e+01          nan  1.79787e+02          nan  3.28623e+03          nan  2.98926e+00  1.25918e+06 
22129290391  10  8.70827e+01          nan  1.79927e+02          nan  8.62932e+01          nan  3.00000e+00  2.73014e+07 
22129290392   9  8.70854e+01          nan  1.80001e+02          nan  7.26294e+01          nan  1.22647e+00  2.62738e+07 
22129290501  53  8.70905e+01          nan  1.79998e+02          nan  2.35687e+03          nan  1.62192e+00  3.58922e+07 
22129290502  39  8.70908e+01          nan  1.80001e+02          nan  1.50909e+03          nan  1.64274e+00  3.35446e+07 
22129290631  51  8.70881e+01          nan  1.80002e+02          nan  2.25595e+03          nan  1.56028e+00  3.98813e+07 
22129290632  70  8.70893e+01          nan  1.79999e+02          nan  4.58275e+03          nan  1.65053e+00  4.42480e+07 
