24054 77.62000274658203 305.0 0.13401 0.11457444 2212 54446.9296875 819.2999877929688 29191.65234375 -41620.26953125 11673.1201171875 -1311.64794921875 1942.9599609375 1264.0 1264.0 15 110.0 5.0
11772 57.81999969482422 20.100000381469727 0.14809 0.127471496 2212 12569.87109375 728.5800170898438 10335.3046875 2590.85595703125 6694.47021484375 344.3949890136719 -1065.2939453125 1264.0 1264.0 13 110.0 5.0
16482 77.0 304.6000061035156 0.13976 0.117062912 2212 52006.98046875 784.27001953125 28863.2109375 -40762.625 11699.0302734375 88.27200317382812 949.02197265625 1264.0 1264.0 14 110.0 5.0
1150 72.87000274658203 16.030000686645508 0.17453 0.139848608 2212 38789.9140625 645.8699951171875 33264.4765625 8861.681640625 11425.2099609375 -2363.323974609375 -1374.6180419921875 1264.0 1264.0 8 110.0 5.0
19626 75.16999816894531 145.6699981689453 0.18393 0.156792496 2212 47141.7734375 664.969970703125 -34613.55859375 29426.40625 12066.0302734375 3019.490966796875 3725.9970703125 1264.0 1264.0 6 110.0 5.0
426 80.12000274658203 123.5199966430664 0.20767 0.172373744 2212 77258.1640625 759.3699951171875 -42621.98828125 66409.65625 13256.3603515625 -590.6079711914062 2955.29296875 1264.0 1264.0 18 110.0 5.0
0 78.27999877929688 71.81999969482422 0.959260032 0.8692120320000001 2212 61584.85546875 753.0 20097.427734375 63920.1640625 12509.6796875 1283.3370361328125 6629.39306640625 1264.0 1264.0 8 110.0 5.0
6744 87.30999755859375 39.869998931884766 0.959070016 0.8092206080000001 2212 273984.59375 701.6400146484375 215041.96875 176436.921875 12858.6796875 4990.2529296875 993.2119750976562 1264.0 1264.0 67 110.0 5.0
19462 81.41000366210938 171.4199981689453 0.96148 0.840827136 2212 94699.125 718.4000244140625 -97749.765625 16150.150390625 14144.51953125 -5160.865234375 2180.449951171875 1264.0 1264.0 76 110.0 5.0
21684 75.26000213623047 289.989990234375 0.964569984 0.815423552 2212 43999.15625 761.3499755859375 11056.646484375 -44461.78125 11194.83984375 -3489.73388671875 -4474.23193359375 1264.0 1264.0 6 110.0 5.0
11282 80.95999908447266 293.57000732421875 0.976750016 0.8524743680000001 2212 88248.9296875 729.5700073242188 40210.046875 -83293.5703125 13866.01953125 5360.3349609375 -3411.760009765625 1264.0 1264.0 18 110.0 5.0
2288 78.93000030517578 339.67999267578125 0.978590016 0.858110656 2212 63109.89453125 835.5599975585938 60192.76953125 -20990.982421875 12117.6103515625 2111.531005859375 516.9669799804688 1264.0 1264.0 82 110.0 5.0
6012 79.38999938964844 198.9900054931641 0.9888 0.889058816 2212 71588.21875 731.0999755859375 -62089.55078125 -26110.083984375 13181.0302734375 4445.19287109375 -3213.323974609375 1264.0 1264.0 15 110.0 5.0
18666 78.37999725341797 248.9199981689453 0.998089984 0.8561700480000001 2212 63710.234375 721.3400268554688 -14997.0859375 -58080.05078125 12832.509765625 7448.01416015625 148.2760009765625 1264.0 1264.0 8 110.0 5.0
10928 80.5999984741211 132.88999938964844 1.0138 0.8515923200000001 2212 87751.1171875 661.0800170898438 -53257.0234375 65248.48828125 14332.0400390625 5663.826171875 1819.9110107421875 1264.0 1264.0 19 110.0 5.0
24836 75.5199966430664 305.5599975585937 1.023900032 0.911886912 2212 44987.66796875 766.7999877929688 21461.080078125 -33062.359375 11248.8095703125 -3870.669921875 2372.889892578125 1264.0 1264.0 7 110.0 5.0
9608 87.19000244140625 73.94999694824219 1.0164 0.8565294720000001 2212 267917.4375 692.6199951171875 70515.9921875 251794.78125 13134.41015625 -3467.7099609375 -5369.8388671875 1264.0 1264.0 86 110.0 5.0
15188 81.9000015258789 296.8399963378906 1.0348000000000002 0.9362048 2212 93807.15625 863.75 46512.2265625 -83777.5234375 13217.5400390625 4580.77685546875 -911.1630249023438 1264.0 1264.0 26 110.0 5.0
10282 44.880001068115234 0.8399999737739563 1.042099968 0.906620928 2212 5159.6572265625 819.0499877929688 3036.37890625 -936.8770141601562 3656.06005859375 -604.010986328125 -990.2470092773438 1264.0 1264.0 7 110.0 5.0
24580 75.37000274658203 92.43000030517578 1.036099968 0.8629192960000001 2212 48374.03515625 657.5 557.1201171875 51974.296875 12218.1201171875 2541.6201171875 5210.77587890625 1264.0 1264.0 9 110.0 5.0
5140 85.37000274658203 221.47999572753903 1.041 0.938155776 2212 169630.953125 900.1500244140625 -132921.671875 -109722.921875 13692.75 -6251.08203125 2266.944091796875 1264.0 1264.0 31 110.0 5.0
5114 73.7300033569336 169.17999267578125 1.0502 0.931250816 2212 39432.7890625 714.489990234375 -40071.70703125 7646.798828125 11047.650390625 -2891.0869140625 540.7689819335938 1264.0 1264.0 45 110.0 5.0
12444 75.83000183105469 331.70001220703125 1.0492 0.889737984 2212 48744.94921875 704.9000244140625 45485.71484375 -27839.720703125 11932.75 3872.7529296875 -5433.451171875 1264.0 1264.0 7 110.0 5.0
7672 83.06999969482422 352.489990234375 1.058 0.887987968 2212 122880.8515625 705.1099853515625 121894.6484375 -18995.4296875 14826.3896484375 957.8880004882812 -3052.3310546875 1264.0 1264.0 36 110.0 5.0
15186 84.11000061035156 120.41000366210938 1.058899968 0.920573312 2212 138153.28125 823.1400146484375 -70758.359375 113210.3203125 14177.1396484375 -1196.5140380859375 -5307.56298828125 1264.0 1264.0 36 110.0 5.0
12160 84.19999694824219 45.43999862670898 1.058899968 0.908937408 2212 146741.859375 730.8800048828125 104916.953125 105269.734375 14829.1904296875 2481.77392578125 1249.0560302734375 1264.0 1264.0 161 110.0 5.0
6078 66.16000366210938 80.83999633789062 1.0694 0.916597568 2212 21872.65234375 701.5599975585938 2570.39501953125 20422.19140625 8840.5703125 -614.4650268554688 670.8909912109375 1264.0 1264.0 49 110.0 5.0
21382 85.83999633789062 356.8800048828125 1.0730000000000002 0.90443136 2212 201706.296875 706.97998046875 196538.375 -6666.453125 14632.16015625 -4338.291015625 4282.966796875 1264.0 1264.0 38 110.0 5.0
23112 86.22000122070312 308.1300048828125 1.075000064 0.903071616 2212 220578.515625 675.4199829101562 132590.96875 -171455.5625 14541.76953125 -3308.4609375 1676.6629638671875 1264.0 1264.0 127 110.0 5.0
3820 84.58999633789062 73.51000213623047 1.0764 0.929535808 2212 159002.625 709.530029296875 43192.28125 152609.796875 14991.099609375 -1739.248046875 826.197021484375 1264.0 1264.0 111 110.0 5.0
9378 57.52000045776367 162.5800018310547 1.0852999680000002 0.951223744 2212 12603.4384765625 715.4099731445312 -10797.4677734375 3374.531005859375 6768.10986328125 -653.0980224609375 191.59100341796875 1264.0 1264.0 24 110.0 5.0
23286 81.95999908447266 268.1600036621094 1.0022 0.841579904 2212 99298.5546875 776.3300170898438 -5565.7587890625 -97098.421875 13888.330078125 -2408.76904296875 1173.39501953125 1264.0 1264.0 41 110.0 5.0
22444 85.54000091552734 253.02999877929688 1.0034 0.858607808 2212 182285.28125 805.739990234375 -57231.53125 -174725.5625 14175.0703125 -4188.85986328125 -905.3400268554688 1264.0 1264.0 43 110.0 5.0
1544 86.22000122070312 250.6199951171875 1.111900032 0.970338752 2212 213836.984375 750.1900024414062 -66399.8046875 -196588.953125 14097.330078125 4403.7548828125 4692.876953125 1264.0 1264.0 96 110.0 5.0
9688 76.75 44.68000030517578 1.1168 0.942330688 2212 54252.7265625 690.8800048828125 39963.11328125 42918.421875 12434.75 2413.9150390625 5786.31884765625 1264.0 1264.0 9 110.0 5.0
10906 79.75 164.7100067138672 1.116999936 0.991159552 2212 72116.1328125 791.2100219726562 -73333.890625 23595.802734375 12832.599609375 -4880.60205078125 4881.94287109375 1264.0 1264.0 12 110.0 5.0
20962 83.51000213623047 72.45999908447266 1.118700032 0.973660224 2212 126592.1328125 787.3400268554688 41070.4375 124914.125 14308.6796875 3163.657958984375 4981.205078125 1264.0 1264.0 106 110.0 5.0
17846 78.94000244140625 254.8099975585937 1.132099968 0.975690496 2212 68700.671875 709.5700073242188 -17883.39453125 -70361.3203125 13179.3203125 -216.7350006103516 -5292.30908203125 1264.0 1264.0 57 110.0 5.0
22542 83.77999877929688 69.62999725341797 1.131399936 0.975473024 2212 132991.546875 781.3200073242188 48526.13671875 129835.5234375 14409.150390625 2506.785888671875 5894.6240234375 1264.0 1264.0 173 110.0 5.0
8568 75.25 323.0 1.1376000000000002 0.987424768 2212 45272.98828125 724.1199951171875 30931.447265625 -29790.4765625 11526.58984375 -4033.662109375 -3442.3779296875 1264.0 1264.0 7 110.0 5.0
23296 80.88999938964844 116.2300033569336 1.137100032 1.047522112 2212 82169.828125 833.010009765625 -38195.3203125 68078.0859375 13009.98046875 -2336.35791015625 -4700.72607421875 1264.0 1264.0 22 110.0 5.0
21130 81.6500015258789 233.22999572753903 1.1368 0.976762112 2212 98073.5546875 718.0 -58719.625 -80720.2265625 14242.2099609375 -634.7020263671875 -2991.694091796875 1264.0 1264.0 108 110.0 5.0
13830 82.8499984741211 209.66000366210932 1.1424 0.968172672 2212 119095.875 698.0499877929688 -101298.921875 -60406.26953125 14823.5498046875 1387.89697265625 -1929.719970703125 1264.0 1264.0 61 110.0 5.0
23802 76.33000183105469 78.19999694824219 1.1780000000000002 1.071235648 2212 47878.15625 797.0800170898438 5338.3505859375 48846.19140625 11315.01953125 -4175.19921875 3307.410888671875 1264.0 1264.0 9 110.0 5.0
12984 82.5199966430664 283.2200012207031 1.175500032 1.035977472 2212 108022.609375 780.5999755859375 28963.74609375 -108568.203125 14062.400390625 4470.19482421875 -4303.15478515625 1264.0 1264.0 28 110.0 5.0
14838 77.04000091552734 68.88999938964844 1.190700032 1.011892672 2212 52783.50390625 769.9199829101562 13663.103515625 51129.87890625 11837.7998046875 -4863.126953125 3142.969970703125 1264.0 1264.0 13 110.0 5.0
10814 86.61000061035156 73.91999816894531 1.190300032 1.043223872 2212 222844.21875 857.719970703125 63848.29296875 219896.53125 13177.259765625 2233.075927734375 6145.57080078125 1264.0 1264.0 194 110.0 5.0
23308 78.4000015258789 215.8699951171875 1.097500032 0.948557632 2212 63093.85546875 738.6400146484375 -50116.5546875 -42583.21875 12686.7802734375 -32.81800079345703 -6368.58984375 1264.0 1264.0 12 110.0 5.0
23216 78.51000213623047 163.58999633789062 1.096099968 0.959719872 2212 63577.109375 746.5999755859375 -61399.94921875 11639.419921875 12664.3603515625 -1634.8919677734375 -5961.73095703125 1264.0 1264.0 14 110.0 5.0
4614 80.66000366210938 98.94000244140624 1.099399936 0.97223584 2212 80530.546875 811.969970703125 -19623.02734375 79270.21875 13069.51953125 -7274.47705078125 772.6380004882812 1264.0 1264.0 10 110.0 5.0
5240 81.8499984741211 251.0200042724609 1.2886000640000002 1.10674816 2212 100484.6015625 726.77001953125 -27930.900390625 -91426.5546875 14245.2099609375 4420.44921875 2635.22607421875 1264.0 1264.0 23 110.0 5.0
19978 86.55999755859375 122.77999877929688 1.285299968 1.108533376 2212 226188.046875 787.52001953125 -127392.9921875 190451.0 13572.01953125 -5152.10400390625 624.7780151367188 1264.0 1264.0 46 110.0 5.0
23002 71.97000122070312 170.72000122070312 1.3192000000000002 1.166813568 2212 33497.35546875 721.510009765625 -29849.33203125 3073.388671875 10367.9296875 1586.239013671875 -2063.12109375 1264.0 1264.0 12 110.0 5.0
16390 83.11000061035156 81.83999633789062 1.315500032 1.160657792 2212 113598.8984375 869.7000122070312 20507.634765625 106505.1953125 13627.73046875 4500.0849609375 -5131.5087890625 1264.0 1264.0 26 110.0 5.0
21148 80.56999969482422 333.9200134277344 1.3392999680000002 1.214905216 2212 75067.296875 911.8400268554688 63547.46875 -34603.23828125 12299.2099609375 -2965.422119140625 -2047.68896484375 1264.0 1264.0 23 110.0 5.0
11670 45.41999816894531 90.51000213623048 1.353400064 1.217749248 2212 6366.0693359375 745.47998046875 658.4420166015625 4547.27783203125 4468.3701171875 698.802001953125 13.088000297546388 1264.0 1264.0 12 110.0 5.0
7426 73.5199966430664 126.9499969482422 1.3855000320000002 1.1897056 2212 35335.09375 822.1500244140625 -19036.607421875 21153.201171875 10023.8798828125 1331.363037109375 -5925.13916015625 1264.0 1264.0 6 110.0 5.0
11286 78.9000015258789 355.69000244140625 1.299900032 1.116832896 2212 64687.421875 791.6900024414062 56292.0390625 -5893.51806640625 12453.75 -7005.744140625 -1123.0279541015625 1264.0 1264.0 11 110.0 5.0
1964 78.7699966430664 31.09000015258789 1.407000064 1.2460119040000002 2212 61027.2265625 856.6199951171875 47609.71875 36864.125 11884.9296875 -3650.760009765625 5954.02490234375 1264.0 1264.0 11 110.0 5.0
13784 81.83000183105469 346.5 1.414200064 1.206953472 2212 101613.765625 702.8300170898438 95711.8515625 -28891.123046875 14440.400390625 -2091.512939453125 -5410.61279296875 1264.0 1264.0 24 110.0 5.0
13466 84.91999816894531 314.5599975585937 1.431000064 1.262637312 2212 162622.796875 792.260009765625 116383.734375 -110433.625 14399.7001953125 2726.7099609375 4982.5859375 1264.0 1264.0 35 110.0 5.0
410 77.16999816894531 314.2099914550781 1.481799936 1.311994112 2212 53605.8359375 768.5800170898438 36852.19921875 -37608.83984375 11903.66015625 406.5979919433594 -144.1009979248047 1264.0 1264.0 128 110.0 5.0
8300 79.62999725341797 340.760009765625 1.482099968 1.266848384 2212 71712.4453125 775.4400024414062 68467.515625 -28101.25 12908.5400390625 1866.39501953125 -4856.14111328125 1264.0 1264.0 16 110.0 5.0
15196 85.47000122070312 171.36000061035156 1.3956999680000002 1.215524736 2212 181175.203125 787.3599853515625 -183200.8125 27706.490234375 14309.41015625 -4641.18994140625 574.3599853515625 1264.0 1264.0 191 110.0 5.0
16554 32.7599983215332 95.8499984741211 1.506099968 1.3089253120000002 2212 3373.4111328125 765.3900146484375 -493.9620056152344 1496.446044921875 2836.85009765625 -307.9020080566406 -319.4739990234375 1264.0 1264.0 6 110.0 5.0
4144 76.08999633789062 16.760000228881836 1.506700032 1.289074304 2212 49095.4609375 730.0599975585938 41151.8203125 12639.072265625 11802.419921875 -4479.53076171875 -1103.0880126953125 1264.0 1264.0 23 110.0 5.0
11378 76.5199966430664 69.20999908447266 1.517400064 1.3281406720000002 2212 51064.61328125 738.0700073242188 20194.94140625 50416.07421875 11903.4599609375 2569.19091796875 3991.56103515625 1264.0 1264.0 38 110.0 5.0
23690 79.4000015258789 262.260009765625 1.515100032 1.295275392 2212 72382.8125 716.489990234375 -8906.7958984375 -72187.6875 13314.919921875 675.2239990234375 -1688.2569580078125 1264.0 1264.0 107 110.0 5.0
132 80.51000213623047 4.340000152587891 0.6070599680000001 0.514716448 2212 85776.7421875 677.3800048828125 84204.9296875 157.671875 14142.48046875 -155.30999755859375 -6244.63818359375 1264.0 1264.0 16 110.0 5.0
1882 84.19999694824219 58.470001220703125 0.609529984 0.533857824 2212 149493.25 693.9400024414062 84215.703125 124848.375 15107.23046875 6439.1748046875 -1922.3399658203125 1264.0 1264.0 18 110.0 5.0
21646 39.59000015258789 219.92999267578125 0.6322599680000001 0.562970304 2212 5560.69580078125 695.6300048828125 -3517.948974609375 -1891.736083984375 4285.2099609375 -800.47900390625 382.8340148925781 1264.0 1264.0 6 110.0 5.0
24178 77.41000366210938 247.3999938964844 0.637500032 0.543243712 2212 57431.90625 710.8400268554688 -28462.96484375 -50433.07421875 12518.599609375 -6922.84521484375 1313.7330322265625 1264.0 1264.0 8 110.0 5.0
15252 83.87000274658203 298.4100036621094 0.6392 0.5322785280000001 2212 138444.171875 732.0800170898438 59818.73046875 -124653.96875 14783.7197265625 -5673.2998046875 -3579.5048828125 1264.0 1264.0 11 110.0 5.0
8304 84.31999969482422 61.7400016784668 0.630409984 0.515158816 2212 157370.765625 635.7000122070312 75516.4453125 140915.359375 15575.3603515625 1371.405029296875 2982.491943359375 1264.0 1264.0 91 110.0 5.0
22540 77.08000183105469 135.39999389648438 0.6465200000000001 0.560051072 2212 54054.390625 743.4000244140625 -39094.70703125 41933.8515625 12086.0400390625 -1580.969970703125 4940.283203125 1264.0 1264.0 10 110.0 5.0
18150 80.1500015258789 3.180000066757202 0.655609984 0.552999488 2212 83157.4765625 652.7899780273438 84513.3125 5389.828125 14225.7001953125 2707.823974609375 844.8380126953125 1264.0 1264.0 108 110.0 5.0
7090 86.02999877929688 207.9199981689453 0.6582800000000001 0.565530176 2212 205556.25 752.219970703125 -178360.5 -102008.4921875 14231.509765625 2833.633056640625 -5990.13818359375 1264.0 1264.0 10 110.0 5.0
24046 80.12999725341797 279.9599914550781 0.669369984 0.59362336 2212 80082.78125 705.4299926757812 14524.29296875 -78411.5234375 13727.25 878.1329956054688 -703.1179809570312 1264.0 1264.0 112 110.0 5.0
17700 84.01000213623047 141.66000366210938 0.672129984 0.555095616 2212 144398.984375 697.0599975585938 -109019.265625 95594.640625 15068.740234375 3620.761962890625 6509.15185546875 1264.0 1264.0 7 110.0 5.0
23368 45.130001068115234 57.11000061035156 0.68108 0.622422592 2212 6088.21826171875 758.3800048828125 2311.302001953125 2917.3779296875 4295.240234375 -31.74799919128418 -705.802001953125 1264.0 1264.0 8 110.0 5.0
22728 81.8499984741211 113.30999755859376 0.681379968 0.5722617600000001 2212 100515.7734375 726.239990234375 -35505.08203125 92693.921875 14249.6298828125 3867.8779296875 1314.8310546875 1264.0 1264.0 25 110.0 5.0
22422 80.73999786376953 278.2799987792969 0.6839699840000001 0.586624704 2212 85040.34375 740.1300048828125 10350.46484375 -86683.484375 13684.25 -1736.6650390625 -3626.257080078125 1264.0 1264.0 26 110.0 5.0
19898 86.30999755859375 251.8600006103516 0.689150016 0.591123456 2212 217498.515625 753.9600219726562 -71027.421875 -199927.0625 13997.7998046875 -3451.8291015625 6332.98291015625 1264.0 1264.0 12 110.0 5.0
728 77.72000122070312 357.79998779296875 0.680129984 0.571644928 2212 60970.42578125 677.030029296875 56946.3671875 -7540.181640625 12967.759765625 -2585.131103515625 -5253.2119140625 1264.0 1264.0 8 110.0 5.0
13862 84.97000122070312 71.11000061035156 0.67972 0.5900451840000001 2212 169497.734375 721.9400024414062 60530.43359375 159792.140625 14861.1103515625 5866.48583984375 40.83300018310547 1264.0 1264.0 22 110.0 5.0
24966 80.16000366210938 57.95000076293945 0.697150016 0.5880179200000001 2212 78464.4921875 743.27001953125 46073.87109375 61256.60546875 13409.3798828125 5048.51318359375 -4270.375 1264.0 1264.0 14 110.0 5.0
8376 67.55999755859375 78.33000183105469 0.5999299840000001 0.501172576 2212 25163.11328125 662.8699951171875 4754.6953125 23504.43359375 9605.16015625 50.244998931884766 727.4429931640625 1264.0 1264.0 51 110.0 5.0
18226 84.5 249.02999877929688 0.718790016 0.61008288 2212 146652.375 848.1099853515625 -57308.7890625 -139272.515625 14056.009765625 -5066.591796875 -2963.673095703125 1264.0 1264.0 33 110.0 5.0
23064 74.38999938964844 309.5899963378906 0.7258099840000001 0.619480448 2212 42575.03515625 697.02001953125 29793.615234375 -28042.962890625 11456.4296875 3661.764892578125 3556.248046875 1264.0 1264.0 7 110.0 5.0
13086 83.5 351.29998779296875 0.743049984 0.6493966720000001 2212 124622.046875 815.530029296875 126581.0234375 -20998.861328125 14107.6201171875 4184.76513671875 -2269.60205078125 1264.0 1264.0 97 110.0 5.0
5162 86.68000030517578 332.2799987792969 0.7443500160000001 0.639736768 2212 235082.90625 752.3099975585938 208370.34375 -111648.1328125 13614.240234375 616.8690185546875 -2482.593994140625 1264.0 1264.0 60 110.0 5.0
16510 85.0999984741211 78.76000213623047 0.749219968 0.647605312 2212 168538.8125 788.7999877929688 35078.7578125 164795.0625 14396.0703125 2347.375 93.08899688720705 1264.0 1264.0 81 110.0 5.0
23630 80.54000091552734 133.88999938964844 0.7557200000000001 0.6552802560000001 2212 84134.3125 713.6199951171875 -55689.5703125 61064.6015625 13828.23046875 1845.5 1255.9210205078125 1264.0 1264.0 41 110.0 5.0
23708 76.97000122070312 196.92999267578125 0.7658899840000001 0.6463056 2212 54709.9765625 710.989990234375 -56643.1171875 -13586.6748046875 12334.98046875 -5651.81591796875 1934.8349609375 1264.0 1264.0 8 110.0 5.0
1464 77.63999938964844 253.2400054931641 0.76932 0.6540876800000001 2212 52248.046875 883.6699829101562 -9664.8515625 -47026.28515625 11183.8701171875 5052.35791015625 1842.7550048828125 1264.0 1264.0 8 110.0 5.0
9040 85.94999694824219 325.1700134277344 0.768849984 0.657767808 2212 198790.390625 794.8300170898438 159499.234375 -113630.8515625 14039.9697265625 -3270.4150390625 -376.552001953125 1264.0 1264.0 99 110.0 5.0
8352 80.33000183105469 300.20001220703125 0.7739100160000001 0.6711386880000001 2212 77774.078125 794.22998046875 33010.6328125 -70371.7890625 13063.9599609375 -5555.41796875 -4108.68212890625 1264.0 1264.0 11 110.0 5.0
17152 73.02999877929688 28.959999084472656 0.778140032 0.65799136 2212 36019.78515625 745.219970703125 28382.8359375 11349.3212890625 10513.1298828125 -1760.6929931640625 -5332.0087890625 1264.0 1264.0 6 110.0 5.0
24148 83.47000122070312 34.959999084472656 0.7794200320000001 0.666895232 2212 130501.75 715.219970703125 103277.9921875 72489.8203125 14841.1103515625 -2981.14501953125 -1803.134033203125 1264.0 1264.0 170 110.0 5.0
18804 76.31999969482422 38.869998931884766 0.7868400000000001 0.678324416 2212 49634.5546875 747.4400024414062 44445.1484375 32309.4296875 11738.51953125 6897.34716796875 2044.6190185546875 1264.0 1264.0 7 110.0 5.0
24950 86.83999633789062 150.07000732421875 0.7958400000000001 0.686873664 2212 237836.078125 813.5 -205002.28125 115874.9609375 13110.580078125 801.5339965820312 -2610.905029296875 1264.0 1264.0 71 110.0 5.0
23450 77.80999755859375 280.1600036621094 0.790099968 0.65163872 2212 62375.4296875 660.1199951171875 15447.43359375 -57090.47265625 13170.830078125 4692.64404296875 2922.507080078125 1264.0 1264.0 12 110.0 5.0
18606 83.29000091552734 288.92999267578125 0.8029200000000001 0.6881779840000001 2212 130870.9921875 655.9500122070312 41084.03515625 -118240.0859375 15291.5 -1081.363037109375 4704.880859375 1264.0 1264.0 148 110.0 5.0
24806 84.19000244140625 351.45001220703125 0.8093100160000001 0.6879592320000001 2212 148335.5625 705.780029296875 142068.515625 -16158.6640625 15016.0 -3865.00390625 5781.455078125 1264.0 1264.0 28 110.0 5.0
17876 73.26000213623047 71.48999786376953 0.820769984 0.73231296 2212 33286.75 864.8300170898438 4209.6630859375 32784.41796875 9587.5498046875 -5910.046875 2557.31005859375 1264.0 1264.0 6 110.0 5.0
15502 77.33000183105469 15.399999618530272 0.821710016 0.6919921920000001 2212 57155.359375 705.3599853515625 57674.1171875 19114.484375 12536.1904296875 3912.68701171875 4306.115234375 1264.0 1264.0 8 110.0 5.0
20788 73.76000213623047 267.3299865722656 0.823340032 0.7097472 2212 39969.31640625 701.9500122070312 436.2501220703125 -35949.203125 11177.8798828125 2223.8701171875 2383.625 1264.0 1264.0 6 110.0 5.0
16990 79.58999633789062 69.36000061035156 0.820009984 0.7067941120000001 2212 73545.9296875 728.6699829101562 18934.15625 67503.1328125 13289.0703125 -6563.7041015625 -189.2879943847656 1264.0 1264.0 15 110.0 5.0
11866 83.79000091552734 115.05999755859376 0.820009984 0.72573856 2212 132954.4375 785.4099731445312 -53186.203125 124084.109375 14382.0595703125 2798.47705078125 4352.10498046875 1264.0 1264.0 30 110.0 5.0
8906 70.13999938964844 184.5 0.83252 0.733580032 2212 23498.599609375 938.4400024414062 -24322.681640625 -3286.39404296875 7983.02001953125 -2289.781005859375 -1552.364013671875 1264.0 1264.0 8 110.0 5.0
1146 76.01000213623047 294.3699951171875 0.8338499840000001 0.7152465920000001 2212 49585.1328125 706.6699829101562 17521.556640625 -48037.52734375 11987.330078125 -2331.743896484375 -4210.18701171875 1264.0 1264.0 10 110.0 5.0
14122 87.2699966430664 167.08999633789062 0.834089984 0.700977152 2212 268172.78125 737.1400146484375 -258474.71875 60165.51171875 12772.9296875 2622.592041015625 318.281005859375 1264.0 1264.0 43 110.0 5.0
1970 40.560001373291016 38.2599983215332 0.8363200000000001 0.7394235520000001 2212 4227.64697265625 808.1300048828125 1520.998046875 1321.905029296875 3211.85009765625 -637.5419921875 -380.364990234375 1264.0 1264.0 9 110.0 5.0
23382 81.33000183105469 282.3699951171875 0.84748 0.732540096 2212 91136.1796875 763.4600219726562 13053.7333984375 -85190.40625 13738.16015625 -6246.7158203125 2812.77099609375 1264.0 1264.0 17 110.0 5.0
24144 86.5199966430664 127.13999938964844 0.849990016 0.7328074240000001 2212 216227.71875 888.489990234375 -130027.1953125 171863.171875 13125.0498046875 282.73699951171875 -187.63299560546875 1264.0 1264.0 75 110.0 5.0
19732 77.56999969482422 196.0 0.8644499840000001 0.743734144 2212 57634.0625 730.5700073242188 -47114.21484375 -14554.5869140625 12405.5400390625 6988.5751953125 959.1439819335938 1264.0 1264.0 6 110.0 5.0
18436 75.83000183105469 274.8399963378906 0.870729984 0.73045344 2212 47056.37109375 749.989990234375 -2823.618896484375 -44836.859375 11519.3896484375 -6673.12890625 625.0689697265625 1264.0 1264.0 8 110.0 5.0
6842 76.4800033569336 140.11000061035156 0.8813299840000001 0.7496444160000001 2212 50690.19921875 742.1500244140625 -41700.37890625 31202.1171875 11850.599609375 -3884.7509765625 -405.4440002441406 1264.0 1264.0 10 110.0 5.0
8056 80.97000122070312 331.5899963378906 0.8985200000000001 0.8127116160000001 2212 80722.5546875 884.6500244140625 63291.6875 -39175.25 12669.5302734375 -6829.123046875 -1245.248046875 1264.0 1264.0 16 110.0 5.0
23876 87.12999725341797 357.4800109863281 0.799980032 0.660587648 2212 253423.4375 812.02001953125 253509.890625 -15394.3759765625 12688.91015625 649.0900268554688 -4265.7958984375 1264.0 1264.0 12 110.0 5.0
22066 76.33000183105469 306.8299865722656 0.903820032 0.7909406720000001 2212 50319.01171875 730.8300170898438 26516.375 -35406.55859375 11891.8603515625 -2792.553955078125 3728.760986328125 1264.0 1264.0 19 110.0 5.0
22600 82.80999755859375 86.77999877929688 0.91468 0.79488064 2212 94386.0390625 1162.2900390625 42.7568359375 88576.4609375 11813.3603515625 -5217.22314453125 -4919.52978515625 1264.0 1264.0 22 110.0 5.0
14724 86.08999633789062 175.30999755859375 0.919110016 0.793908672 2212 207417.734375 759.969970703125 -201576.921875 22208.453125 14143.6904296875 4665.14794921875 5288.51416015625 1264.0 1264.0 28 110.0 5.0
7222 86.44000244140625 223.8600006103516 0.919329984 0.8490268160000001 2212 216978.53125 831.2899780273438 -161101.234375 -151861.59375 13473.009765625 -4954.0029296875 -1807.5830078125 1264.0 1264.0 134 110.0 5.0
2840 44.83000183105469 14.649999618530272 0.934380032 0.81108 2212 6885.82666015625 699.3200073242188 3999.88720703125 939.2349853515624 4883.43994140625 -696.8330078125 -288.5450134277344 1264.0 1264.0 11 110.0 5.0
24562 82.05999755859375 94.1500015258789 0.93996 0.820921152 2212 105442.1640625 698.0900268554688 -11084.6240234375 97735.421875 14565.3603515625 -3527.154052734375 -6422.0791015625 1264.0 1264.0 19 110.0 5.0
5530 78.44000244140625 348.3599853515625 0.21011 0.187527904 2212 60605.0234375 804.8599853515625 58952.85546875 -12120.076171875 12144.8798828125 798.2639770507812 -140.33599853515625 1264.0 1264.0 66 110.0 5.0
10288 79.56999969482422 157.0399932861328 0.22466 0.194878704 2212 69749.0546875 806.9400024414062 -62325.16015625 20743.04296875 12626.9599609375 837.0180053710938 -6015.68701171875 1264.0 1264.0 6 110.0 5.0
5094 75.4000015258789 39.79999923706055 0.21969 0.18749816 2212 48022.69921875 669.8800048828125 34991.5234375 28226.203125 12105.0498046875 -712.156982421875 -1520.9759521484375 1264.0 1264.0 59 110.0 5.0
2096 80.55000305175781 39.540000915527344 0.23206 0.19796968 2212 85574.1953125 689.260009765625 60887.515625 49600.4921875 14050.16015625 -4210.04296875 -4138.16796875 1264.0 1264.0 25 110.0 5.0
486 77.08000183105469 208.5 0.23382 0.197251088 2212 56337.1640625 688.0800170898438 -51582.671875 -21772.59375 12596.4501953125 -3326.0439453125 4428.6181640625 1264.0 1264.0 9 110.0 5.0
21770 80.19000244140625 32.290000915527344 0.23484 0.200073312 2212 82133.0703125 679.0 68995.140625 41707.33203125 13993.9501953125 578.7509765625 -1527.0059814453125 1264.0 1264.0 20 110.0 5.0
9164 77.02999877929688 210.1999969482422 0.24562 0.223535936 2212 54418.3046875 726.8900146484375 -48636.01171875 -29296.91796875 12213.6904296875 -2803.5439453125 -2621.787109375 1264.0 1264.0 28 110.0 5.0
1752 80.9800033569336 77.02999877929688 0.24697 0.218560608 2212 85387.4921875 789.0499877929688 18407.357421875 76249.65625 13386.98046875 -520.0910034179688 -5930.412109375 1264.0 1264.0 46 110.0 5.0
23964 80.5999984741211 209.58999633789065 0.24817 0.210483376 2212 82633.9609375 755.4600219726562 -71146.4921875 -40532.40234375 13496.26953125 -254.44200134277344 -276.48199462890625 1264.0 1264.0 41 110.0 5.0
7758 79.72000122070312 300.7099914550781 0.25539 0.217449744 2212 68571.1640625 866.5800170898438 33148.49609375 -63051.54296875 12237.1201171875 -1308.177001953125 -5042.9658203125 1264.0 1264.0 6 110.0 5.0
12644 46.040000915527344 323.510009765625 0.25645 0.223369088 2212 8267.669921875 638.3300170898438 5854.2255859375 -3136.319091796875 5739.0498046875 1069.635986328125 402.8009948730469 1264.0 1264.0 7 110.0 5.0
7466 53.84000015258789 265.2699890136719 0.26063 0.221515616 2212 9487.5986328125 763.760009765625 -1956.8179931640625 -8057.99072265625 5598.080078125 -1325.16796875 -424.0509948730469 1264.0 1264.0 7 110.0 5.0
9906 71.04000091552734 81.70999908447266 0.27816 0.234846448 2212 32721.6484375 663.6500244140625 3739.658203125 31611.7421875 10631.51953125 -722.2919921875 988.7420043945312 1264.0 1264.0 47 110.0 5.0
12490 77.04000091552734 245.2899932861328 0.278110016 0.234875184 2212 56257.69140625 684.239990234375 -22080.4921875 -47875.85546875 12616.9599609375 837.6069946289062 1928.77197265625 1264.0 1264.0 77 110.0 5.0
23274 64.16999816894531 170.6699981689453 0.2792 0.239922176 2212 17290.900390625 788.3200073242188 -15346.1982421875 2388.912841796875 7533.68994140625 11.291999816894531 -134.2270050048828 1264.0 1264.0 25 110.0 5.0
15032 48.97999954223633 293.67999267578125 0.285289984 0.252934112 2212 5983.8310546875 853.8800048828125 734.3160400390625 -3488.14013671875 3927.320068359375 -1078.9139404296875 646.4199829101562 1264.0 1264.0 7 110.0 5.0
6076 77.19999694824219 95.87999725341795 0.29274 0.253317504 2212 54751.1875 744.0700073242188 92.73876953125 52517.14453125 12130.0400390625 5562.35888671875 -592.5360107421875 1264.0 1264.0 8 110.0 5.0
22778 76.55999755859375 79.5199966430664 0.302409984 0.269973152 2212 46632.96484375 868.5599975585938 9554.0908203125 47490.921875 10838.759765625 1304.2110595703125 2891.662109375 1264.0 1264.0 42 110.0 5.0
4404 79.94000244140625 105.4800033569336 0.31064 0.265147392 2212 71695.7734375 841.510009765625 -23953.62890625 70081.8359375 12523.76953125 -5112.0888671875 2049.22607421875 1264.0 1264.0 12 110.0 5.0
16920 77.70999908447266 54.15999984741211 0.31374 0.26176136 2212 61316.29296875 667.97998046875 32457.798828125 42957.88671875 13051.7802734375 -2621.572021484375 -5609.35107421875 1264.0 1264.0 6 110.0 5.0
7984 52.540000915527344 17.8700008392334 0.314790016 0.276223392 2212 10094.8173828125 689.4400024414062 7510.22802734375 3044.408203125 6139.740234375 -116.23200225830078 585.5380249023438 1264.0 1264.0 12 110.0 5.0
4010 77.16000366210938 291.760009765625 0.31502 0.264432752 2212 56112.14453125 704.9299926757812 17935.2265625 -48700.2578125 12469.759765625 -2346.485107421875 2110.470947265625 1264.0 1264.0 20 110.0 5.0
6108 80.5999984741211 116.4499969482422 0.321489984 0.28334656 2212 77934.96875 853.5900268554688 -36728.68359375 69736.8515625 12728.7998046875 -2481.27392578125 896.8040161132812 1264.0 1264.0 41 110.0 5.0
20878 80.30999755859375 314.75 0.322310016 0.28556032 2212 83283.7265625 681.8200073242188 59463.796875 -55863.9296875 14018.08984375 1667.3570556640625 2439.10107421875 1264.0 1264.0 15 110.0 5.0
7550 61.33000183105469 266.739990234375 0.323750016 0.284771776 2212 16615.0 674.280029296875 -2240.06201171875 -14485.58984375 7971.27978515625 -1411.052001953125 68.77999877929688 1264.0 1264.0 13 110.0 5.0
11634 67.44000244140625 158.5500030517578 0.3261 0.270795968 2212 25006.111328125 660.7999877929688 -20193.01953125 7130.19384765625 9593.6103515625 1300.1219482421875 -1314.5159912109375 1264.0 1264.0 15 110.0 5.0
4540 79.95999908447266 200.5200042724609 0.333849984 0.272151456 2212 79908.109375 675.3900146484375 -74804.2890625 -31360.46875 13930.830078125 -1112.4090576171875 -3778.87890625 1264.0 1264.0 12 110.0 5.0
24070 79.87000274658203 344.1199951171875 0.337510016 0.289465312 2212 72673.125 804.1799926757812 72171.5625 -19823.314453125 12781.91015625 3361.52392578125 -248.2239990234375 1264.0 1264.0 93 110.0 5.0
5340 82.97000122070312 309.17999267578125 0.343369984 0.293278848 2212 123863.2890625 662.4400024414062 77645.3515625 -90918.2265625 15159.509765625 -18.089000701904297 4374.44384765625 1264.0 1264.0 10 110.0 5.0
0 77.72000122070312 133.35000610351562 1.551100032 1.4208039680000002 2212 50663.62890625 945.1699829101562 -32021.60546875 30910.154296875 10775.6103515625 1960.875 -5088.18505859375 1264.0 1264.0 11 110.0 5.0
15220 77.94000244140625 313.1000061035156 1.550099968 1.3645002240000002 2212 61611.05859375 696.6699829101562 39954.9296875 -39979.46484375 12872.759765625 -1213.178955078125 4013.736083984375 1264.0 1264.0 27 110.0 5.0
7024 76.66999816894531 348.3900146484375 1.5827000320000002 1.370189952 2212 51550.08203125 746.9500122070312 54812.3671875 -11499.4638671875 11885.349609375 5677.4248046875 -1404.573974609375 1264.0 1264.0 21 110.0 5.0
8414 86.80000305175781 262.6700134277344 1.579699968 1.343010432 2212 237315.6875 795.5999755859375 -34963.1328125 -232547.890625 13247.3203125 -4732.671875 2461.39599609375 1264.0 1264.0 46 110.0 5.0
15754 67.93000030517578 20.690000534057617 1.5911000320000002 1.449268992 2212 20496.7734375 887.8599853515625 16510.474609375 6341.537109375 7701.43994140625 -1259.345947265625 -369.572998046875 1264.0 1264.0 40 110.0 5.0
20650 74.9800033569336 307.3099975585937 1.500999936 1.3387566080000002 2212 43990.51953125 726.5399780273438 26981.236328125 -30002.34765625 11400.419921875 1228.345947265625 3790.922119140625 1264.0 1264.0 11 110.0 5.0
336 81.13999938964844 22.8799991607666 1.614499968 1.4130912 2212 91837.21875 705.8300170898438 87754.125 35904.5078125 14144.830078125 4152.16015625 624.0449829101562 1264.0 1264.0 110 110.0 5.0
8444 83.83999633789062 88.70999908447266 1.613500032 1.35032064 2212 134027.171875 786.75 5801.3662109375 128649.6171875 14381.8203125 2801.4560546875 -4569.93017578125 1264.0 1264.0 46 110.0 5.0
20112 75.76000213623047 66.16999816894531 1.692499968 1.465681408 2212 47338.421875 733.0 19067.3203125 40749.90234375 11644.5 529.1099853515625 -1222.3079833984375 1264.0 1264.0 77 110.0 5.0
8638 86.63999938964844 294.4800109863281 1.692999936 1.4237506560000002 2212 238568.5 693.22998046875 101081.4921875 -210792.375 13982.3701171875 2394.4609375 5957.02001953125 1264.0 1264.0 46 110.0 5.0
6350 77.98999786376953 225.3600006103516 1.600099968 1.3719770880000002 2212 57239.3359375 809.6300048828125 -44836.6484375 -36390.49609375 11910.5 -5497.77587890625 3445.85693359375 1264.0 1264.0 14 110.0 5.0
7304 79.38999938964844 225.0399932861328 1.712600064 1.4715330560000002 2212 68164.6484375 806.47998046875 -55006.4453125 -46764.54296875 12550.669921875 -7663.9072265625 644.1489868164062 1264.0 1264.0 13 110.0 5.0
2792 82.30000305175781 203.38999938964844 1.7120000000000002 1.5032256000000002 2212 102187.3515625 819.6699829101562 -96518.4140625 -47123.796875 13691.6904296875 -3574.097900390625 -6922.45703125 1264.0 1264.0 28 110.0 5.0
1734 74.25 115.12999725341795 1.7278000640000002 1.52027712 2212 39535.15625 770.3400268554688 -14515.7197265625 34605.8359375 10731.4404296875 1643.449951171875 156.65699768066406 1264.0 1264.0 38 110.0 5.0
8134 74.51000213623047 82.9800033569336 1.7280000000000002 1.484007552 2212 42342.4296875 717.3099975585938 8262.60546875 35760.5703125 11308.400390625 3275.655029296875 -4737.97021484375 1264.0 1264.0 7 110.0 5.0
23900 78.94000244140625 128.75999450683594 1.7320999680000002 1.5071631360000002 2212 67688.8671875 731.2100219726562 -48205.18359375 51056.61328125 12985.2197265625 -6614.9921875 -745.155029296875 1264.0 1264.0 16 110.0 5.0
15176 86.02999877929688 66.43000030517578 1.7256 1.49436736 2212 202896.21875 784.4000244140625 73717.9375 185415.78125 14047.349609375 -7219.32177734375 -107.01499938964844 1264.0 1264.0 27 110.0 5.0
18830 42.02000045776367 359.67999267578125 1.7384999680000002 1.4847138560000002 2212 4214.01220703125 834.72998046875 2145.66015625 -1074.1099853515625 3130.639892578125 -675.1099853515625 -1058.3599853515625 1264.0 1264.0 6 110.0 5.0
21048 81.88999938964844 274.6400146484375 1.7583000320000002 1.5087252480000002 2212 97472.5546875 790.5800170898438 8113.92724609375 -103111.859375 13750.849609375 307.7669982910156 -6930.38623046875 1264.0 1264.0 148 110.0 5.0
20782 86.48999786376953 337.82000732421875 1.696700032 1.498025088 2212 227134.859375 738.47998046875 205012.15625 -85064.859375 13905.8203125 -4920.72998046875 521.6859741210938 1264.0 1264.0 185 110.0 5.0
20790 46.34000015258789 266.4700012207031 1.829799936 1.645972352 2212 5628.4443359375 816.4000244140625 -1437.824951171875 -4353.134765625 3885.75 -1187.114990234375 -288.9649963378906 1264.0 1264.0 9 110.0 5.0
17404 76.12999725341797 269.45001220703125 1.835000064 1.628182656 2212 43919.85546875 886.0499877929688 -503.010986328125 -49430.8359375 10528.4599609375 -93.71099853515624 -6793.55419921875 1264.0 1264.0 7 110.0 5.0
3614 83.80000305175781 290.3800048828125 1.825699968 1.633464192 2212 133857.21875 775.1900024414062 39950.59765625 -124177.8125 14456.490234375 -6391.8310546875 566.4979858398438 1264.0 1264.0 29 110.0 5.0
14426 86.83000183105469 206.22000122070312 1.834700032 1.6034809600000002 2212 243822.015625 739.5900268554688 -215644.78125 -109911.046875 13483.0400390625 2754.283935546875 -2350.676025390625 1264.0 1264.0 88 110.0 5.0
2180 71.05000305175781 131.85000610351562 1.851299968 1.62115392 2212 30542.732421875 737.27001953125 -21831.515625 20443.25390625 9918.5400390625 -2558.345947265625 -1074.7860107421875 1264.0 1264.0 6 110.0 5.0
24280 84.37999725341797 91.25 1.890899968 1.669518464 2212 141418.640625 880.1400146484375 -4639.4267578125 147306.390625 13849.169921875 -1569.22705078125 6601.0048828125 1264.0 1264.0 145 110.0 5.0
14234 76.80000305175781 155.52999877929688 1.7984000000000002 1.556993024 2212 54029.36328125 703.260009765625 -50622.14453125 20463.716796875 12337.650390625 -2745.0849609375 -1324.85400390625 1264.0 1264.0 16 110.0 5.0
12400 80.41000366210938 259.69000244140625 1.7988000000000002 1.579794688 2212 75861.4296875 854.3599853515625 -18779.103515625 -74612.8359375 12638.259765625 -5391.623046875 -1019.31201171875 1264.0 1264.0 23 110.0 5.0
8700 86.2699966430664 274.75 1.795299968 1.584257024 2212 213942.3125 774.8499755859375 19450.27734375 -218467.71875 13917.98046875 1771.6259765625 -5711.8349609375 1264.0 1264.0 187 110.0 5.0
10918 78.70999908447266 258.7200012207031 1.926700032 1.712093056 2212 66204.875 722.760009765625 -17248.681640625 -69374.6484375 12961.259765625 -4549.35107421875 -5705.0439453125 1264.0 1264.0 11 110.0 5.0
5354 85.62000274658203 191.91000366210932 1.950200064 1.637955328 2212 189042.984375 756.719970703125 -179687.78125 -42033.421875 14437.400390625 4745.43603515625 -3133.6220703125 1264.0 1264.0 45 110.0 5.0
21198 80.33999633789062 266.17999267578125 1.9788 1.74853888 2212 79760.6640625 755.510009765625 -6796.21435546875 -78725.78125 13383.9296875 -1557.7239990234375 -270.7510070800781 1264.0 1264.0 88 110.0 5.0
13614 79.70999908447266 302.6499938964844 1.989400064 1.662566656 2212 77184.3671875 679.3900146484375 45248.71484375 -66777.4375 13787.48046875 4277.05615234375 -2834.85009765625 1264.0 1264.0 31 110.0 5.0
5980 86.68000030517578 100.43000030517578 1.984999936 1.676441984 2212 235372.140625 749.0700073242188 -36390.36328125 228013.25 13630.990234375 6148.5087890625 -3081.27490234375 1264.0 1264.0 41 110.0 5.0
5626 73.86000061035156 27.790000915527344 1.900600064 1.639499392 2212 39558.98046875 724.9600219726562 35381.2109375 15258.0078125 10996.8203125 1764.2430419921875 -2458.712890625 1264.0 1264.0 8 110.0 5.0
10794 85.80999755859375 157.3699951171875 2.056199936 1.795119104 2212 193418.96875 792.5800170898438 -182457.203125 78951.421875 14131.990234375 -4406.93994140625 4726.85302734375 1264.0 1264.0 109 110.0 5.0
15970 75.29000091552734 2.25 2.076199936 1.765929728 2212 45542.8984375 721.6900024414062 41178.65234375 4944.44384765625 11564.5595703125 -2837.547119140625 3215.0439453125 1264.0 1264.0 10 110.0 5.0
5636 80.79000091552734 229.6999969482422 2.088899968 1.893737984 2212 86291.6484375 727.6699829101562 -55157.390625 -60567.921875 13811.2802734375 -64.35299682617188 4395.55712890625 1264.0 1264.0 27 110.0 5.0
8988 81.45999908447266 135.5 2.088 1.796212992 2212 92649.4921875 767.5700073242188 -69159.2734375 59341.0546875 13758.4296875 -3809.673095703125 -4877.81591796875 1264.0 1264.0 22 110.0 5.0
17954 87.0999984741211 65.37999725341797 2.0945999360000003 1.7848468480000002 2212 264340.6875 677.5999755859375 112669.125 242908.46875 13373.76953125 2686.305908203125 2906.5380859375 1264.0 1264.0 203 110.0 5.0
4932 73.77999877929688 146.41000366210938 2.116199936 1.8503424 2212 39309.03125 723.6300048828125 -30593.2578125 23783.7421875 10980.0498046875 848.4829711914062 2901.802978515625 1264.0 1264.0 7 110.0 5.0
15722 42.209999084472656 233.72999572753903 2.137400064 1.920630528 2212 5342.1181640625 754.5 -1546.152099609375 -4187.26708984375 3956.840087890625 577.1279907226562 -1293.5970458984375 1264.0 1264.0 6 110.0 5.0
22314 77.43000030517578 324.8500061035156 2.1428000000000003 2.0114949120000003 2212 53071.4453125 824.52001953125 44382.2109375 -34565.16796875 11550.0595703125 2028.5830078125 -4743.2861328125 1264.0 1264.0 11 110.0 5.0
3976 75.69999694824219 101.36000061035156 2.178500096 1.872222592 2212 44488.70703125 805.780029296875 -10394.3828125 42473.421875 10988.669921875 -1902.8330078125 207.74200439453125 1264.0 1264.0 35 110.0 5.0
23956 77.86000061035156 282.7799987792969 2.186299904 2.04153984 2212 55990.79296875 819.489990234375 9870.3125 -60265.2734375 11774.9296875 -2238.31689453125 -6882.68212890625 1264.0 1264.0 10 110.0 5.0
3572 85.41999816894531 103.29000091552734 2.099100032 1.900173312 2212 180173.203125 777.4000244140625 -41613.29296875 170050.0 14387.009765625 -327.3500061035156 -4738.05712890625 1264.0 1264.0 169 110.0 5.0
15086 77.20999908447266 321.3699951171875 2.224300032 1.98917056 2212 55311.73046875 731.6900024414062 38387.984375 -32196.974609375 12244.8203125 -3749.0859375 1476.7449951171875 1264.0 1264.0 52 110.0 5.0
19388 85.5 199.57000732421875 2.2273999360000003 1.8976928 2212 184117.96875 763.3499755859375 -179006.5625 -59117.53125 14445.73046875 -6059.328125 2364.18896484375 1264.0 1264.0 46 110.0 5.0
20490 73.83999633789062 273.0599975585937 2.241900032 1.981153664 2212 36953.6015625 804.780029296875 4522.6162109375 -38756.3125 10284.9501953125 2627.916015625 -3313.419921875 1264.0 1264.0 6 110.0 5.0
4174 84.70999908447266 80.93000030517578 2.236400128 1.923600768 2212 163843.78125 692.72998046875 19976.599609375 162338.875 15105.8701171875 -5741.89111328125 1232.824951171875 1264.0 1264.0 30 110.0 5.0
14764 85.70999908447266 210.3600006103516 2.251699968 2.0030991360000003 2212 183308.84375 876.97998046875 -150684.5 -93317.4453125 13712.3603515625 7043.44482421875 -926.9660034179688 1264.0 1264.0 44 110.0 5.0
3886 82.47000122070312 226.63999938964844 2.262200064 2.077268992 2212 101031.3046875 893.760009765625 -68816.2421875 -75411.7265625 13239.6796875 -48.34299850463867 -2589.947998046875 1264.0 1264.0 110 110.0 5.0
21806 84.12999725341797 339.94000244140625 2.2736 2.071999744 2212 140360.25 797.02001953125 133989.546875 -43510.2109375 14354.8798828125 2835.739990234375 4381.47021484375 1264.0 1264.0 35 110.0 5.0
688 74.66999816894531 66.08000183105469 2.280499968 2.019593088 2212 39987.43359375 807.6300048828125 12818.177734375 34955.9375 10571.7998046875 -2818.27197265625 -296.4849853515625 1264.0 1264.0 8 110.0 5.0
10742 78.87999725341797 169.55999755859375 2.289200128 2.020455296 2212 63495.53515625 816.3699951171875 -59617.69140625 10423.5830078125 12246.0302734375 1654.321044921875 -866.156982421875 1264.0 1264.0 128 110.0 5.0
16358 74.87999725341797 101.9499969482422 2.196699904 1.884579712 2212 45144.80859375 683.0999755859375 -12723.109375 37819.2421875 11775.6396484375 -3699.10888671875 -4818.244140625 1264.0 1264.0 8 110.0 5.0
16260 86.25 111.37999725341795 2.2030000640000003 1.934971264 2212 197698.765625 979.8699951171876 -75267.578125 189163.890625 12930.1201171875 -3350.464111328125 5464.29296875 1264.0 1264.0 204 110.0 5.0
8362 78.19999694824219 164.44000244140625 2.327899904 2.054681856 2212 61539.73828125 740.489990234375 -57784.97265625 12287.619140625 12584.6298828125 246.5059967041016 -3871.39990234375 1264.0 1264.0 18 110.0 5.0
21324 82.83000183105469 280.9100036621094 2.326599936 1.966562816 2212 118163.4921875 706.4299926757812 21151.439453125 -116811.796875 14748.4296875 -1038.0999755859375 -1691.343017578125 1264.0 1264.0 132 110.0 5.0
8682 76.30000305175781 63.11000061035156 2.3400000000000003 2.054797952 2212 50452.953125 723.22998046875 22811.359375 37798.0078125 11949.1796875 641.7589721679688 -5919.57080078125 1264.0 1264.0 8 110.0 5.0
2074 81.20999908447266 167.91000366210938 2.3648 2.028546048 2212 90990.03125 737.22998046875 -91068.21875 24514.603515625 13904.490234375 -3141.3291015625 5680.76416015625 1264.0 1264.0 24 110.0 5.0
23268 81.2300033569336 168.3699951171875 2.3824 2.050848384 2212 86397.6015625 830.9400024414062 -82908.2578125 13830.744140625 13172.900390625 726.1929931640625 -3382.5859375 1264.0 1264.0 30 110.0 5.0
16710 78.93000030517578 148.6300048828125 2.389799936 2.073943552 2212 65583.5078125 776.469970703125 -59206.640625 27552.53515625 12592.5703125 -4251.81201171875 -5952.55419921875 1264.0 1264.0 9 110.0 5.0
19940 82.68000030517578 229.22000122070312 2.392499968 2.144631424 2212 112666.6328125 749.6400146484375 -74535.171875 -82534.1640625 14354.9501953125 -1545.9940185546875 2084.302978515625 1264.0 1264.0 60 110.0 5.0
4618 80.33000183105469 232.32000732421875 2.4337000960000004 2.082989312 2212 80979.140625 729.2999877929688 -48811.5546875 -67226.140625 13602.330078125 -16.28499984741211 -4046.87109375 1264.0 1264.0 36 110.0 5.0
15706 72.31999969482422 204.72000122070312 2.443000064 2.12955328 2212 29049.345703125 921.9099731445312 -22716.9453125 -8539.09375 8822.2998046875 2424.0439453125 3035.10595703125 1264.0 1264.0 6 110.0 5.0
12158 83.5 230.3999938964844 2.439699968 2.148340736 2212 124651.7265625 815.0399780273438 -76556.6171875 -95661.515625 14110.98046875 2388.6298828125 -233.10899353027344 1264.0 1264.0 101 110.0 5.0
13056 46.560001373291016 265.70001220703125 0.35584 0.30442304 2212 6764.9560546875 743.0999755859375 -201.0799865722656 -5328.7177734375 4651.5498046875 167.22000122070312 -430.5480041503906 1264.0 1264.0 6 110.0 5.0
14066 76.22000122070312 230.0200042724609 0.356089984 0.298256992 2212 51861.05078125 677.3099975585938 -34850.8515625 -40199.625 12353.01953125 -2488.162109375 -1603.926025390625 1264.0 1264.0 42 110.0 5.0
22590 78.1500015258789 227.83999633789065 0.3499 0.304684672 2212 63800.94921875 681.8599853515625 -45696.1953125 -44605.50390625 13101.5400390625 -3785.4140625 1680.5360107421875 1264.0 1264.0 9 110.0 5.0
11980 82.98999786376953 66.66999816894531 0.360849984 0.309393344 2212 120821.1640625 712.4099731445312 46541.25 115665.640625 14745.330078125 -949.4409790039062 5552.23486328125 1264.0 1264.0 11 110.0 5.0
16986 82.66999816894531 181.8800048828125 0.363449984 0.333687168 2212 96579.0078125 1056.6199951171875 -96387.8828125 2685.130126953125 12321.9296875 -649.697021484375 5827.64013671875 1264.0 1264.0 22 110.0 5.0
20956 73.75 177.8000030517578 0.36508 0.313314688 2212 37651.0703125 771.6300048828125 -35183.4765625 3616.19091796875 10535.8603515625 936.7860107421876 2228.591064453125 1264.0 1264.0 6 110.0 5.0
6310 53.45000076293945 167.1699981689453 0.370769984 0.328723904 2212 8703.6103515625 799.4099731445312 -7279.25732421875 2132.492919921875 5183.2099609375 -461.8869934082031 579.8729858398438 1264.0 1264.0 11 110.0 5.0
21896 84.43000030517578 34.56999969482422 0.38768 0.331982752 2212 152779.4375 732.25 128803.484375 89647.4296875 14829.0498046875 3593.762939453125 3367.7509765625 1264.0 1264.0 19 110.0 5.0
16422 75.98999786376953 332.57000732421875 0.394849984 0.351343776 2212 43266.18359375 885.6400146484375 38892.1484375 -16880.48828125 10474.3603515625 1632.52099609375 2457.8310546875 1264.0 1264.0 7 110.0 5.0
21090 79.0999984741211 8.229999542236328 0.39714 0.355636416 2212 69444.671875 722.5 63184.14453125 14038.9990234375 13131.669921875 -4305.3779296875 4277.5390625 1264.0 1264.0 10 110.0 5.0
5764 80.08000183105469 42.02000045776367 0.397350016 0.33388896 2212 77233.671875 751.469970703125 61565.1796875 55755.04296875 13305.26953125 5045.2568359375 4828.5419921875 1264.0 1264.0 20 110.0 5.0
19834 79.22000122070312 77.02999877929688 0.401430016 0.327252544 2212 74412.890625 644.4500122070312 21214.341796875 71433.15625 13918.0703125 4807.78076171875 198.3999938964844 1264.0 1264.0 14 110.0 5.0
2678 73.69000244140625 161.9499969482422 0.40514 0.34633872 2212 40477.03515625 679.9500122070312 -33712.11328125 11673.837890625 11367.33984375 3224.1259765625 -363.12200927734375 1264.0 1264.0 13 110.0 5.0
7972 82.54000091552734 311.75 0.422889984 0.35506768 2212 113119.046875 703.0900268554688 73387.75 -83954.21875 14686.7001953125 -1298.592041015625 -275.25201416015625 1264.0 1264.0 65 110.0 5.0
3116 83.66999816894531 98.38999938964844 0.426529984 0.377761312 2212 130456.9140625 781.8599853515625 -14248.126953125 123892.28125 14383.490234375 4670.84423828125 -4381.6240234375 1264.0 1264.0 17 110.0 5.0
3928 71.72000122070312 223.3600006103516 0.43214 0.362864928 2212 34359.9765625 671.030029296875 -23797.765625 -22409.892578125 10777.3896484375 -76.89600372314453 -9.534000396728516 1264.0 1264.0 72 110.0 5.0
14064 78.80999755859375 88.94999694824219 0.43834 0.376417568 2212 69814.2578125 664.4400024414062 -5432.4990234375 70341.8984375 13548.3701171875 -6687.51904296875 1866.3740234375 1264.0 1264.0 8 110.0 5.0
19390 80.29000091552734 72.4800033569336 0.454150016 0.422505664 2212 78829.71875 763.5399780273438 20585.677734375 79430.3828125 13295.5302734375 -2805.152099609375 5334.34423828125 1264.0 1264.0 15 110.0 5.0
20148 85.20999908447266 222.0 0.46108 0.394173408 2212 174349.25 759.6400146484375 -127558.3125 -115450.4375 14558.849609375 1555.9100341796875 804.531982421875 1264.0 1264.0 17 110.0 5.0
8974 79.06999969482422 261.44000244140625 0.468049984 0.3973016 2212 67133.8984375 767.469970703125 -6443.30517578125 -67196.2421875 12729.23046875 3367.97509765625 -2014.4510498046875 1264.0 1264.0 16 110.0 5.0
8236 84.01000213623047 157.72999572753906 0.47408 0.393632928 2212 143393.25 710.6599731445312 -127754.6640625 57749.86328125 14963.7900390625 4218.1318359375 3704.5830078125 1264.0 1264.0 8 110.0 5.0
20210 78.41000366210938 18.209999084472656 0.47474 0.411060544 2212 63702.3828125 726.5700073242188 59476.69140625 25971.53515625 12798.25 198.49899291992188 6470.39404296875 1264.0 1264.0 10 110.0 5.0
7154 85.73999786376953 31.559999465942383 0.476390016 0.428183904 2212 188502.53125 821.4500122070312 157059.5625 99666.078125 14002.4501953125 -3118.287109375 1278.1009521484375 1264.0 1264.0 28 110.0 5.0
11464 72.7300033569336 311.3299865722656 0.485910016 0.411143552 2212 36050.23828125 713.5399780273438 21064.05078125 -25188.48046875 10702.41015625 -1670.02001953125 661.8590087890625 1264.0 1264.0 41 110.0 5.0
5720 84.76000213623047 329.54998779296875 0.485849984 0.408176672 2212 161668.015625 739.719970703125 138997.78125 -86971.4609375 14764.7900390625 210.7910003662109 -5382.73486328125 1264.0 1264.0 13 110.0 5.0
15788 86.22000122070312 72.55000305175781 0.49176 0.414181536 2212 196927.59375 972.469970703125 60673.890625 190570.796875 12982.5703125 1749.012939453125 3114.7080078125 1264.0 1264.0 22 110.0 5.0
8294 81.16000366210938 200.57000732421875 0.50538 0.453781824 2212 92699.640625 695.3099975585938 -82084.8828125 -28476.33203125 14245.6796875 3673.6259765625 3706.93798828125 1264.0 1264.0 23 110.0 5.0
6732 85.47000122070312 210.57000732421875 0.508289984 0.435336288 2212 181621.84375 781.5599975585938 -148974.484375 -93313.9765625 14344.6904296875 6914.9521484375 -1231.364013671875 1264.0 1264.0 11 110.0 5.0
10708 86.73999786376953 199.7700042724609 0.507609984 0.442644 2212 224983.015625 911.8400268554688 -209013.03125 -74157.3515625 12794.1201171875 2366.426025390625 1818.93994140625 1264.0 1264.0 14 110.0 5.0
20468 84.41000366210938 314.54998779296875 0.50942 0.447595392 2212 152600.578125 727.280029296875 108935.4765625 -105341.4765625 14864.7001953125 2390.47802734375 2890.416015625 1264.0 1264.0 20 110.0 5.0
10752 77.56999969482422 233.009994506836 0.5151800000000001 0.441666368 2212 50268.8515625 929.489990234375 -25592.916015625 -33947.390625 10820.2001953125 3943.6640625 5263.2119140625 1264.0 1264.0 7 110.0 5.0
20532 76.4800033569336 225.92999267578125 0.5211 0.446452768 2212 52346.11328125 700.0800170898438 -40259.90625 -31043.033203125 12237.7197265625 -4860.2080078125 5524.916015625 1264.0 1264.0 6 110.0 5.0
5088 77.43000030517578 67.48999786376953 0.5279699840000001 0.449128896 2212 54388.6953125 789.4199829101562 18672.76171875 49413.91015625 11836.73046875 -1650.5689697265625 373.2690124511719 1264.0 1264.0 37 110.0 5.0
23480 72.98999786376953 163.80999755859375 0.519950016 0.450008256 2212 33766.5859375 816.8099975585938 -32189.501953125 12149.373046875 9878.0302734375 -1180.6009521484375 3146.322998046875 1264.0 1264.0 6 110.0 5.0
24198 81.69000244140625 44.86000061035156 0.538350016 0.458787392 2212 98174.4140625 726.1500244140625 69208.9140625 64122.6015625 14189.0400390625 350.3550109863281 -4400.28076171875 1264.0 1264.0 20 110.0 5.0
13342 76.52999877929688 71.22000122070312 0.549299968 0.467548544 2212 52528.0625 702.4299926757812 19517.7421875 52204.83203125 12235.6904296875 3072.281005859375 3841.2939453125 1264.0 1264.0 8 110.0 5.0
13698 80.51000213623047 153.89999389648438 0.556329984 0.466863904 2212 87346.1640625 649.97998046875 -70797.2421875 37644.26171875 14401.240234375 6568.5341796875 -256.8389892578125 1264.0 1264.0 11 110.0 5.0
21060 79.4000015258789 91.68000030517578 0.558670016 0.483085632 2212 69563.796875 776.77001953125 3077.4609375 70649.3515625 12796.349609375 5082.0810546875 2302.033935546875 1264.0 1264.0 17 110.0 5.0
12318 74.7300033569336 140.1999969482422 0.550150016 0.463524192 2212 44510.99609375 682.719970703125 -32266.5390625 33007.96875 11722.76953125 723.2100219726562 5521.94091796875 1264.0 1264.0 6 110.0 5.0
19512 79.91999816894531 287.239990234375 0.5610200320000001 0.479722976 2212 77374.9375 716.0800170898438 21736.712890625 -74643.5078125 13542.400390625 -841.3070068359375 -1885.5689697265625 1264.0 1264.0 69 110.0 5.0
7404 76.16000366210938 293.1400146484375 0.568830016 0.499760416 2212 47387.51171875 786.4099731445312 19526.228515625 -39191.48046875 11335.6298828125 1444.5780029296875 3118.489990234375 1264.0 1264.0 9 110.0 5.0
10444 85.91999816894531 102.56999969482422 0.578889984 0.502900192 2212 202642.234375 733.3300170898438 -45196.421875 193729.828125 14417.849609375 -1206.7110595703125 -3553.990966796875 1264.0 1264.0 34 110.0 5.0
9314 74.66000366210938 253.9499969482422 0.569830016 0.503778336 2212 41211.08984375 768.4400024414062 -9172.525390625 -33648.1015625 10902.240234375 1815.425048828125 4545.619140625 1264.0 1264.0 6 110.0 5.0
11514 80.44999694824219 111.4000015258789 0.4996 0.434461728 2212 81750.2890625 739.8699951171875 -26644.6796875 80895.828125 13563.0498046875 2770.7119140625 5836.60107421875 1264.0 1264.0 14 110.0 5.0
12202 49.720001220703125 68.97000122070312 0.09079 0.076983744 2212 9316.8046875 659.2999877929688 2077.64599609375 6100.494140625 6023.52978515625 -473.0140075683594 -533.8159790039062 1264.0 1264.0 6 110.0 5.0
15978 49.9900016784668 105.2699966430664 0.10291 0.085148664 2212 10015.2861328125 626.760009765625 -3064.01123046875 7219.77001953125 6439.0400390625 -1043.7110595703125 -180.44000244140625 1264.0 1264.0 7 110.0 5.0
0 82.9800033569336 50.11000061035156 2.454099968 2.1497697280000003 2212 120518.3671875 714.0499877929688 73863.875 86773.0859375 14729.25 -2847.0458984375 -5004.69091796875 1264.0 1264.0 140 110.0 5.0
3720 73.91999816894531 155.47999572753906 2.492 2.178956544 2212 39833.578125 723.4099731445312 -33890.76171875 16937.69921875 11033.0703125 932.5780029296876 1053.1090087890625 1264.0 1264.0 53 110.0 5.0
11688 80.0 290.1199951171875 2.4868999680000003 2.1564032 2212 75831.8046875 763.6900024414062 24409.263671875 -70564.046875 13168.0595703125 -1279.635986328125 -441.6910095214844 1264.0 1264.0 96 110.0 5.0
6908 84.91000366210938 358.54998779296875 2.4918999040000003 2.143179904 2212 164565.859375 761.6500244140625 167984.96875 -2328.571044921875 14600.3603515625 4120.5419921875 1819.279052734375 1264.0 1264.0 137 110.0 5.0
22352 76.68000030517578 10.779999732971191 2.5049999360000004 2.217555456 2212 51057.47265625 761.3300170898438 43628.16015625 9918.2275390625 11763.099609375 -5179.0 625.4180297851562 1264.0 1264.0 13 110.0 5.0
17400 84.61000061035156 179.3699951171875 2.5112 2.3567936 2212 145417.796875 915.4199829101562 -149715.5625 6570.84716796875 13659.759765625 -4949.5 4978.9970703125 1264.0 1264.0 38 110.0 5.0
17388 81.47000122070312 154.1199951171875 2.515599872 2.218199552 2212 90798.6484375 805.280029296875 -84971.4921875 38072.02734375 13467.91015625 -4182.68017578125 -1122.0760498046875 1264.0 1264.0 40 110.0 5.0
9948 71.98999786376953 162.22000122070312 2.5404001280000004 2.261860864 2212 29397.603515625 871.77001953125 -24800.626953125 9477.521484375 9089.240234375 1821.2220458984373 940.4320068359376 1264.0 1264.0 29 110.0 5.0
7428 82.58999633789062 117.79000091552734 2.5366000640000004 2.18601472 2212 109306.0546875 779.219970703125 -50752.234375 100880.3125 14097.0595703125 -215.822998046875 4988.919921875 1264.0 1264.0 80 110.0 5.0
14848 86.33999633789062 13.710000038146973 2.671899904 2.2962496000000003 2212 215439.546875 794.3400268554688 203656.75 54277.359375 13752.7197265625 -5217.56689453125 3320.66796875 1264.0 1264.0 50 110.0 5.0
17432 82.54000091552734 212.07000732421875 2.6816 2.356081152 2212 108235.359375 782.8099975585938 -88049.234375 -61779.34375 14052.6298828125 2893.0859375 -4797.6650390625 1264.0 1264.0 27 110.0 5.0
24124 74.66999816894531 80.11000061035156 2.689200128 2.340462848 2212 39136.42578125 835.1099853515625 6750.86328125 36182.8203125 10346.8095703125 268.072998046875 -1000.2009887695312 1264.0 1264.0 106 110.0 5.0
12586 85.44000244140625 122.43000030517578 2.5993000960000003 2.30418432 2212 178796.546875 804.77001953125 -95415.2265625 145427.734375 14214.8603515625 164.27099609375 -5007.298828125 1264.0 1264.0 104 110.0 5.0
18218 72.69000244140625 63.52999877929688 2.724199936 2.3522785280000003 2212 35120.453125 739.1400146484375 19952.728515625 27979.12109375 10449.7900390625 5007.51806640625 -2035.68896484375 1264.0 1264.0 7 110.0 5.0
2142 77.38999938964844 41.959999084472656 2.7222000640000004 2.467308032 2212 53687.15625 801.3800048828125 40388.1171875 36601.7578125 11720.6298828125 1428.6949462890625 1571.7569580078125 1264.0 1264.0 126 110.0 5.0
4428 79.30999755859375 24.07999992370605 2.7209000960000003 2.371509504 2212 68587.6796875 780.9000244140625 64146.48046875 27092.33984375 12722.6796875 2614.26806640625 -406.58099365234375 1264.0 1264.0 82 110.0 5.0
9494 80.75 68.02999877929688 2.721799936 2.415338496 2212 85291.234375 737.5900268554688 33708.02734375 73423.9609375 13709.9296875 2213.718017578125 -4644.86279296875 1264.0 1264.0 22 110.0 5.0
22484 80.91999816894531 251.3300018310547 2.731500032 2.41804928 2212 83349.3828125 815.77001953125 -33168.21875 -76055.2890625 13153.650390625 -6821.01806640625 1918.592041015625 1264.0 1264.0 13 110.0 5.0
19400 85.61000061035156 204.8099975585937 2.727500032 2.317165568 2212 191966.96875 716.8200073242188 -179297.0 -76735.3359375 14694.1103515625 -5558.98095703125 3579.694091796875 1264.0 1264.0 37 110.0 5.0
11832 84.37000274658203 339.20001220703125 2.742500096 2.408973568 2212 148549.5 768.239990234375 139757.53125 -49045.9296875 14573.2998046875 1559.512939453125 3450.570068359375 1264.0 1264.0 44 110.0 5.0
17124 82.95999908447266 57.869998931884766 2.747300096 2.3462072320000003 2212 112674.59375 835.8599853515625 66834.5859375 95064.515625 13809.650390625 7361.28515625 366.1329956054688 1264.0 1264.0 24 110.0 5.0
2844 80.05999755859375 249.0800018310547 2.780400128 2.4680192 2212 69911.5234375 911.6199951171876 -26249.04296875 -62891.65625 12067.900390625 -1660.863037109375 1431.0360107421875 1264.0 1264.0 61 110.0 5.0
2572 63.52999877929688 165.4499969482422 2.7046999040000004 2.44381568 2212 16685.4453125 781.719970703125 -14065.5302734375 1858.89111328125 7437.18994140625 391.7200012207031 -1893.468994140625 1264.0 1264.0 6 110.0 5.0
23186 77.79000091552734 3.220000028610229 2.6974999040000003 2.339183104 2212 55457.19140625 821.4600219726562 60582.5546875 1252.5390625 11728.9404296875 6465.43505859375 -1792.031005859375 1264.0 1264.0 11 110.0 5.0
5422 79.91999816894531 225.5500030517578 2.839899904 2.547113728 2212 74426.0 776.6099853515625 -52633.3828125 -57949.25 13026.26953125 -1318.35302734375 -5639.46923828125 1264.0 1264.0 21 110.0 5.0
23930 80.12999725341797 55.52000045776367 2.8710999040000003 2.5071168000000004 2212 79834.5234375 710.1900024414062 43755.59765625 67412.0703125 13684.7001953125 -771.2730102539062 2576.60302734375 1264.0 1264.0 57 110.0 5.0
24226 84.2300033569336 195.9499969482422 2.9064 2.608332288 2212 144726.21875 770.2000122070312 -136356.71875 -37970.0703125 14550.099609375 2092.780029296875 1598.9599609375 1264.0 1264.0 174 110.0 5.0
15780 86.55000305175781 165.2100067138672 2.9752 2.654209792 2212 229716.21875 741.510009765625 -219848.828125 51600.453125 13823.740234375 1853.9019775390625 -6934.537109375 1264.0 1264.0 36 110.0 5.0
20098 85.0999984741211 54.04999923706055 2.9878999040000003 2.576320512 2212 169605.453125 774.469970703125 103644.65625 140384.921875 14487.1796875 4436.76513671875 3586.072021484375 1264.0 1264.0 167 110.0 5.0
2490 72.88999938964844 255.32000732421875 2.902799872 2.561818368 2212 35360.69140625 751.9199829101562 -11859.8837890625 -27215.689453125 10403.3701171875 -3295.3740234375 5476.78076171875 1264.0 1264.0 6 110.0 5.0
5250 82.58000183105469 40.720001220703125 3.005900032 2.665919232 2212 103084.0078125 889.1400146484375 79369.1171875 64904.703125 13312.4501953125 1895.2939453125 -1780.3609619140625 1264.0 1264.0 64 110.0 5.0
17842 83.11000061035156 185.69000244140625 3.056699904 2.693039616 2212 118028.2109375 793.2899780273438 -118568.9375 -8719.267578125 14159.08984375 -1970.4329833984373 2898.262939453125 1264.0 1264.0 45 110.0 5.0
1800 87.19000244140625 194.6300048828125 3.0712 2.708520448 2212 258605.0 791.22998046875 -249565.0625 -69701.4453125 12677.8798828125 354.3330078125 -4462.56689453125 1264.0 1264.0 61 110.0 5.0
3104 71.66999816894531 167.75 3.0918999040000004 2.920351744 2212 29956.212890625 817.239990234375 -30739.990234375 3723.41015625 9420.91015625 -2951.18896484375 -2310.1298828125 1264.0 1264.0 6 110.0 5.0
10150 82.30999755859375 296.8399963378906 3.004300032 2.571529216 2212 108721.296875 710.4500122070312 49352.28515625 -91430.796875 14548.349609375 706.0230102539062 4705.60400390625 1264.0 1264.0 38 110.0 5.0
7396 44.40999984741211 113.95999908447266 3.1235000320000004 2.758587904 2212 3561.24609375 933.4400024414062 -1391.4229736328125 2978.3681640625 2543.97998046875 -379.3829956054688 700.9979858398438 1264.0 1264.0 9 110.0 5.0
13778 71.69000244140625 268.8800048828125 3.1158999040000004 2.77602048 2212 27418.125 921.0700073242188 -4620.6708984375 -24436.515625 8613.6298828125 -4111.880859375 1588.4739990234375 1264.0 1264.0 6 110.0 5.0
22872 86.69000244140625 153.97000122070312 3.1216000000000004 2.7128629760000003 2212 231095.046875 804.0399780273438 -212965.609375 102754.7109375 13343.0302734375 -5658.25 1509.7509765625 1264.0 1264.0 206 110.0 5.0
5380 83.16999816894531 116.5500030517578 3.1473000960000004 2.829979648 2212 117575.7890625 820.489990234375 -47529.484375 110079.34375 13982.5703125 4651.42578125 5648.9521484375 1264.0 1264.0 23 110.0 5.0
280 80.41999816894531 262.20001220703125 3.1825999360000004 2.840335104 2212 79566.7109375 776.989990234375 -11434.060546875 -72849.3359375 13241.849609375 -786.2109985351562 4881.85107421875 1264.0 1264.0 78 110.0 5.0
15592 77.98999786376953 71.20999908447266 3.192399872 2.9032811520000004 2212 58100.48046875 787.780029296875 14386.9306640625 53570.046875 12089.6904296875 -3917.6298828125 -230.0330047607422 1264.0 1264.0 16 110.0 5.0
20616 75.16000366210938 175.94000244140625 3.095099904 2.684066816 2212 41914.56640625 810.7000122070312 -40220.03125 8287.67578125 10735.1904296875 194.7899932861328 5419.06591796875 1264.0 1264.0 8 110.0 5.0
20026 69.44999694824219 216.759994506836 3.2246999040000004 2.8363450880000003 2212 25589.630859375 786.0499877929688 -22307.962890625 -15259.5517578125 8982.58984375 -3111.412109375 -919.5819702148438 1264.0 1264.0 8 110.0 5.0
21124 81.12999725341797 103.87000274658205 3.219800064 2.8103201280000003 2212 90997.7578125 718.4500122070312 -22866.52734375 85657.171875 14031.2197265625 -1313.447998046875 -1630.7509765625 1264.0 1264.0 96 110.0 5.0
20590 86.22000122070312 324.2699890136719 3.3571000320000004 2.878675712 2212 214944.59375 737.4000244140625 180122.40625 -128766.609375 14170.349609375 6014.72705078125 -3519.26806640625 1264.0 1264.0 202 110.0 5.0
19250 78.91999816894531 24.100000381469727 3.405499904 2.9723755520000004 2212 64843.52734375 791.8099975585938 57995.05078125 20841.673828125 12461.58984375 -93.0 -5142.365234375 1264.0 1264.0 18 110.0 5.0
10812 56.18000030517578 236.7700042724609 3.415300096 3.12991872 2212 9126.9033203125 866.22998046875 -4006.1953125 -6539.666015625 5079.89990234375 149.0449981689453 -197.03599548339844 1264.0 1264.0 27 110.0 5.0
2762 82.61000061035156 199.9900054931641 3.426200064 2.9200547840000004 2212 113289.09375 719.72998046875 -103545.8359375 -36083.328125 14571.5302734375 2033.52099609375 2323.550048828125 1264.0 1264.0 122 110.0 5.0
6638 33.119998931884766 314.2799987792969 3.4656 3.074531072 2212 4324.52197265625 696.6599731445312 858.29296875 -2528.77099609375 3621.909912109375 -791.39697265625 -837.0910034179688 1264.0 1264.0 8 110.0 5.0
3378 82.69999694824219 207.8300018310547 3.4739000320000004 3.0463070720000003 2212 108056.2265625 834.6400146484375 -98253.5859375 -44914.73828125 13730.1201171875 -3470.054931640625 5122.38916015625 1264.0 1264.0 25 110.0 5.0
13844 36.52000045776367 136.52999877929688 3.475500032 3.0759759360000003 2212 4097.34716796875 756.510009765625 -856.9319458007812 1654.174072265625 3292.830078125 912.6580200195312 -23.34600067138672 1264.0 1264.0 7 110.0 5.0
19758 81.23999786376953 81.94000244140625 3.477299968 3.08333696 2212 86886.625 823.5499877929688 8159.2822265625 86339.5703125 13232.48046875 -3880.987060546875 1314.760986328125 1264.0 1264.0 32 110.0 5.0
11086 73.37999725341797 55.59000015258789 3.489200128 3.005978368 2212 37479.45703125 736.1699829101562 23011.1328125 29891.3515625 10719.98046875 2715.922119140625 262.0419921875 1264.0 1264.0 15 110.0 5.0
13018 83.69999694824219 7.429999828338623 3.493499904 3.074573824 2212 129952.078125 800.219970703125 131164.953125 14765.1611328125 14260.2001953125 3082.2099609375 -1938.0789794921875 1264.0 1264.0 85 110.0 5.0
14298 84.66000366210938 119.4499969482422 3.664499968 3.198377728 2212 157248.359375 759.5900268554688 -80296.7578125 137810.4375 14634.4296875 -3318.971923828125 1475.1839599609375 1264.0 1264.0 126 110.0 5.0
24160 76.45999908447266 39.27000045776367 3.680300032 3.27860736 2212 47735.41015625 820.469970703125 40397.62890625 33689.7265625 11176.009765625 4469.3388671875 4314.1572265625 1264.0 1264.0 12 110.0 5.0
9584 63.33000183105469 24.690000534057617 3.775099904 3.3276666880000003 2212 17730.353515625 720.72998046875 12677.828125 7299.72119140625 7958.2900390625 -1717.6910400390625 681.5609741210938 1264.0 1264.0 16 110.0 5.0
22560 85.16999816894531 247.6999969482422 3.793299968 3.3048896 2212 171993.828125 773.0900268554688 -62062.125 -157113.015625 14481.8095703125 2970.23291015625 1452.25 1264.0 1264.0 136 110.0 5.0
11376 79.91000366210938 291.3599853515625 3.924600064 3.5249620480000003 2212 70941.9609375 852.3499755859375 18085.3828125 -65460.4296875 12428.669921875 -7353.9482421875 -413.28900146484375 1264.0 1264.0 14 110.0 5.0
13802 85.27999877929688 273.3900146484375 3.939099904 3.5578040320000004 2212 175536.359375 774.8400268554688 7793.4453125 -174892.578125 14444.25 -2551.194091796875 -257.625 1264.0 1264.0 119 110.0 5.0
10366 83.22000122070312 7.980000019073486 3.952399872 3.370907904 2212 120612.796875 786.6099853515625 115739.3203125 21160.162109375 14239.23046875 -2870.222900390625 4532.89208984375 1264.0 1264.0 34 110.0 5.0
