0 159  4.06937e+00
132  16  4.97320e-02
280  78  4.20055e-01
336 110  3.89411e-01
410 128  5.82463e-01
426  18  7.46050e-02
486   9  3.11818e-02
688   8  3.38340e-02
728   8  3.20599e-02
1146  10  3.93133e-02
1150   8  2.09539e-02
1464   8  1.85359e-02
1544  96  4.79813e-01
1734  38  9.70540e-02
1752  46  1.73148e-01
1800  61  8.27986e+00
1882  18  9.32009e-02
1964  11  4.96812e-02
1970   9  4.64110e-02
2074  24  8.61058e-02
2096  25  1.01739e-01
2142 126  5.23823e-01
2180   6  2.77350e-02
2288  82  2.09071e-01
2490   6  2.92139e-02
2572   6  2.88100e-02
2678  13  2.70171e-02
2762 122  6.42654e-01
2792  28  1.06334e-01
2840  11  2.97170e-02
2844  61  2.45510e-01
3104   6  2.47438e-02
3116  17  8.08902e-02
3378  25  1.11014e-01
3572 169  8.71255e-01
3614  29  1.05330e-01
3720  53  1.29881e-01
3820 111  5.19965e-01
3886 110  2.93847e-01
3928  72  1.43596e-01
3976  35  1.34257e-01
4010  20  4.75998e-02
4144  23  9.45470e-02
4174  30  2.17783e-01
4404  12  4.01738e-02
4428  82  3.07696e-01
4540  12  3.08931e-02
4614  10  3.50759e-02
4618  36  2.41888e-01
4932   7  2.41389e-02
5088  37  7.92332e-02
5094  59  1.33018e-01
5114  45  1.09603e-01
5140  31  2.19627e-01
5162  60  3.26333e-01
5240  23  7.94690e-02
5250  64  2.49218e-01
5340  10  2.18999e-02
5354  45  2.25473e-01
5380  23  1.05547e-01
5422  21  8.22561e-02
5530  66  1.88563e-01
5626   8  2.49791e-02
5636  27  1.30985e-01
5720  13  5.03821e-02
5764  20  9.43069e-02
5980  41  1.41372e+00
6012  15  6.70409e-02
6076   8  2.00741e-02
6078  49  1.68097e-01
6108  41  1.10397e-01
6310  11  2.90000e-02
6350  14  7.20530e-02
6638   8  3.54371e-02
6732  11  6.02400e-02
6744  67  4.54532e-01
6842  10  3.29649e-02
6908 137  5.29483e-01
7024  21  1.37472e-01
7090  10  1.12180e-01
7154  28  9.94902e-02
7222 134  7.15165e-01
7304  13  5.81989e-02
7396   9  3.03340e-02
7404   9  3.22740e-02
7426   6  2.83918e-02
7428  80  2.49749e-01
7466   7  2.58749e-02
7550  13  2.40362e-02
7672  36  1.36868e-01
7758   6  2.86541e-02
7972  65  1.90991e-01
7984  12  3.04611e-02
8056  16  4.82769e-02
8134   7  3.14198e-02
8236   8  3.86040e-02
8294  23  8.87790e-02
8300  16  6.59308e-02
8304  91  4.20623e-01
8352  11  4.84469e-02
8362  18  7.03950e-02
8376  51  1.44699e-01
8414  46  2.75840e-01
8444  46  1.79370e-01
8568   7  3.29680e-02
8638  46  3.14908e-01
8682   8  4.62019e-02
8700 187  1.12653e+00
8906   8  3.15340e-02
8974  16  4.00541e-02
8988  22  9.31327e-02
9040  99  8.17641e-01
9164  28  1.09459e-01
9314   6  1.60849e-02
9378  24  7.27510e-02
9494  22  1.19512e-01
9584  16  8.97551e-02
9608  86  5.21633e-01
9688   9  3.55511e-02
9906  47  9.59990e-02
9948  29  1.10700e-01
10150  38  1.66397e-01
10282   7  2.45180e-02
10288   6  1.86810e-02
10366  34  1.52565e-01
10444  34  2.12544e-01
10708  14  8.18412e-02
10742 128  6.87623e-01
10752   7  1.43232e-02
10794 109  4.76313e-01
10812  27  1.50302e-01
10814 194  1.38967e+00
10906  12  3.62339e-02
10918  11  4.68779e-02
10928  19  6.32126e-02
11086  15  5.82941e-02
11282  18  5.88629e-02
11286  11  3.95710e-02
11376  14  7.56400e-02
11378  38  1.87121e-01
11464  41  9.79140e-02
11514  14  6.22721e-02
11634  15  3.74479e-02
11670  12  7.05452e-02
11688  96  4.33932e-01
11772  13  2.91851e-02
11832  44  2.14952e-01
11866  30  1.78301e-01
11980  11  4.57289e-02
12158 101  3.40855e-01
12160 161  7.75946e-01
12202   6  1.41299e-02
12318   6  1.83830e-02
12400  23  1.01069e-01
12444   7  1.84772e-02
12490  77  1.75649e-01
12586 104  5.57109e-01
12644   7  1.87342e-02
12984  28  1.08151e-01
13018  85  3.27620e-01
13056   6  2.22621e-02
13086  97  3.89459e-01
13342   8  3.52662e-02
13466  35  1.47519e-01
13614  31  1.04083e-01
13698  11  4.12228e-02
13778   6  3.50652e-02
13784  24  1.10041e-01
13802 119  4.49919e-01
13830  61  2.70377e-01
13844   7  1.83342e-02
13862  22  8.80709e-02
14064   8  3.98300e-02
14066  42  9.28841e-02
14122  43  2.71847e-01
14234  16  8.98900e-02
14298 126  8.21703e-01
14426  88  5.22941e-01
14724  28  1.36681e-01
14764  44  2.97051e-01
14838  13  7.24659e-02
14848  50  2.73257e-01
15032   7  2.24240e-02
15086  52  1.52103e-01
15176  27  2.45446e-01
15186  36  1.45386e-01
15188  26  9.86922e-02
15196 191  1.29036e+00
15220  27  1.21542e-01
15252  11  4.93309e-02
15502   8  2.26469e-02
15592  16  7.11131e-02
15706   6  2.45562e-02
15722   6  2.98271e-02
15754  40  1.25659e-01
15780  36  2.92265e-01
15788  22  1.14475e-01
15970  10  4.19760e-02
15978   7  1.33400e-02
16260 204  1.20446e+00
16358   8  3.09501e-02
16390  26  9.61070e-02
16422   7  1.91972e-02
16482  14  3.32460e-02
16510  81  4.39415e-01
16554   6  2.98212e-02
16710   9  4.43730e-02
16920   6  3.04351e-02
16986  22  7.96380e-02
16990  15  5.49829e-02
17124  24  7.70581e-02
17152   6  2.72970e-02
17388  40  1.85596e-01
17400  38  1.52440e-01
17404   7  2.04279e-02
17432  27  1.60263e-01
17700   7  5.48711e-02
17842  45  2.09685e-01
17846  57  2.05525e-01
17876   6  3.09029e-02
17954 203  2.12709e+00
18150 108  3.31490e-01
18218   7  3.22270e-02
18226  33  1.36562e-01
18436   8  5.81121e-02
18606 148  6.74091e-01
18666   8  2.29299e-02
18804   7  2.13909e-02
18830   6  1.84579e-02
19250  18  1.25840e-01
19388  46  2.35215e-01
19390  15  4.83320e-02
19400  37  1.50657e-01
19462  76  2.22403e-01
19512  69  2.26053e-01
19626   6  1.94523e-02
19732   6  2.03540e-02
19758  32  1.03355e-01
19834  14  3.25842e-02
19898  12  9.76193e-02
19940  60  2.24641e-01
19978  46  2.13375e-01
20026   8  3.85821e-02
20098 167  8.62195e-01
20112  77  1.88894e-01
20148  17  9.81092e-02
20210  10  4.01990e-02
20468  20  6.48272e-02
20490   6  3.20699e-02
20532   6  2.51200e-02
20590 202  1.21641e+00
20616   8  4.85661e-02
20650  11  4.51441e-02
20782 185  1.12321e+00
20788   6  1.27649e-02
20790   9  4.41709e-02
20878  15  4.42402e-02
20956   6  1.81501e-02
20962 106  4.81797e-01
21048 148  5.48411e-01
21060  17  4.94621e-02
21090  10  3.90420e-02
21124  96  4.45198e-01
21130 108  3.42397e-01
21148  23  8.49299e-02
21198  88  4.16101e-01
21324 132  4.13931e-01
21382  38  2.15221e-01
21646   6  1.68750e-02
21684   6  1.34530e-02
21770  20  5.99222e-02
21806  35  1.66005e-01
21896  19  1.00443e-01
22066  19  6.82750e-02
22314  11  4.09291e-02
22352  13  7.68070e-02
22422  26  9.48808e-02
22444  43  2.12509e-01
22484  13  6.70369e-02
22540  10  2.34270e-02
22542 173  7.77257e-01
22560 136  7.84801e-01
22590   9  2.36239e-02
22600  22  7.54020e-02
22728  25  7.78499e-02
22778  42  1.17563e-01
22872 206  1.04175e+00
23002  12  7.36959e-02
23064   7  2.28596e-02
23112 127  6.73581e-01
23186  11  4.36380e-02
23216  14  4.04038e-02
23268  30  1.15864e-01
23274  25  5.02169e-02
23286  41  1.23564e-01
23296  22  6.33929e-02
23308  12  4.28221e-02
23368   8  2.67661e-02
23382  17  5.86019e-02
23450  12  4.03252e-02
23480   6  2.21460e-02
23630  41  1.26971e-01
23690 107  3.47249e-01
23708   8  1.90027e-02
23802   9  3.13060e-02
23876  12  8.49879e-02
23900  16  5.26741e-02
23930  57  2.55712e-01
23956  10  5.26032e-02
23964  41  1.17679e-01
24046 112  4.22214e-01
24054  15  3.85931e-02
24070  93  2.50336e-01
24124 106  3.56830e-01
24144  75  5.25376e-01
24148 170  8.19658e-01
24160  12  7.15990e-02
24178   8  3.56438e-02
24198  20  5.68528e-02
24226 174  1.32243e+00
24280 145  5.54019e-01
24562  19  6.01311e-02
24580   9  3.66020e-02
24806  28  1.13484e-01
24836   7  2.59163e-02
24950  71  4.49449e-01
24966  14  5.40323e-02
