0 159  7.86684e-01
132  16  3.48091e-04
280  78  4.22239e-04
336 110  4.63724e-04
410 128  4.66108e-04
426  18  2.05994e-04
486   9  1.81913e-04
688   8  1.70946e-04
728   8  1.80006e-04
1146  10  1.83821e-04
1150   8  1.91927e-04
1464   8  1.80006e-04
1544  96  3.61919e-04
1734  38  2.21014e-04
1752  46  2.48194e-04
1800  61  2.88010e-04
1882  18  1.88828e-04
1964  11  1.64986e-04
1970   9  1.49012e-04
2074  24  1.94073e-04
2096  25  1.97172e-04
2142 126  4.31061e-04
2180   6  1.64270e-04
2288  82  3.18766e-04
2490   6  1.57118e-04
2572   6  1.60217e-04
2678  13  1.77860e-04
2762 122  4.09126e-04
2792  28  2.08139e-04
2840  11  1.55210e-04
2844  61  2.79903e-04
3104   6  1.54018e-04
3116  17  1.82867e-04
3378  25  1.96934e-04
3572 169  6.07967e-04
3614  29  2.34842e-04
3720  53  2.70844e-04
3820 111  3.91245e-04
3886 110  3.87192e-04
3928  72  3.01838e-04
3976  35  2.24113e-04
4010  20  1.95742e-04
4144  23  2.01941e-04
4174  30  2.10047e-04
4404  12  1.78337e-04
4428  82  3.23057e-04
4540  12  1.85013e-04
4614  10  1.69039e-04
4618  36  2.22921e-04
4932   7  1.53065e-04
5088  37  2.27928e-04
5094  59  2.64883e-04
5114  45  2.41280e-04
5140  31  2.19822e-04
5162  60  2.80857e-04
5240  23  1.94788e-04
5250  64  2.82049e-04
5340  10  1.71900e-04
5354  45  2.42233e-04
5380  23  1.85013e-04
5422  21  2.01225e-04
5530  66  2.78950e-04
5626   8  1.62125e-04
5636  27  2.03848e-04
5720  13  1.70946e-04
5764  20  1.84059e-04
5980  41  2.31981e-04
6012  15  1.82867e-04
6076   8  1.64986e-04
6078  49  2.40803e-04
6108  41  2.38895e-04
6310  11  1.64270e-04
6350  14  1.80006e-04
6638   8  1.33753e-04
6732  11  1.69992e-04
6744  67  2.94924e-04
6842  10  1.63078e-04
6908 137  4.37975e-04
7024  21  1.88828e-04
7090  10  1.63794e-04
7154  28  2.02179e-04
7222 134  4.25816e-04
7304  13  1.69039e-04
7396   9  1.41859e-04
7404   9  1.60217e-04
7426   6  1.55210e-04
7428  80  3.15189e-04
7466   7  1.42097e-04
7550  13  1.60933e-04
7672  36  2.17915e-04
7758   6  1.57833e-04
7972  65  2.97070e-04
7984  12  1.59025e-04
8056  16  1.78099e-04
8134   7  1.61171e-04
8236   8  1.69992e-04
8294  23  1.90973e-04
8300  16  1.85728e-04
8304  91  3.39985e-04
8352  11  1.74046e-04
8362  18  1.81913e-04
8376  51  2.49147e-04
8414  46  2.37942e-04
8444  46  2.41995e-04
8568   7  1.59025e-04
8638  46  2.46048e-04
8682   8  1.63078e-04
8700 187  6.45876e-04
8906   8  1.71185e-04
8974  16  1.90020e-04
8988  22  1.89066e-04
9040  99  3.58820e-04
9164  28  2.04086e-04
9314   6  1.70946e-04
9378  24  1.95980e-04
9494  22  1.92881e-04
9584  16  1.78337e-04
9608  86  3.23772e-04
9688   9  1.67131e-04
9906  47  2.41041e-04
9948  29  2.04086e-04
10150  38  2.26974e-04
10282   7  1.43290e-04
10288   6  1.54257e-04
10366  34  2.21014e-04
10444  34  2.13146e-04
10708  14  1.80006e-04
10742 128  4.32014e-04
10752   7  1.59979e-04
10794 109  3.79324e-04
10812  27  2.09808e-04
10814 194  5.99146e-04
10906  12  1.64270e-04
10918  11  1.71900e-04
10928  19  1.88828e-04
11086  15  1.81913e-04
11282  18  1.84059e-04
11286  11  1.65939e-04
11376  14  1.67847e-04
11378  38  2.21014e-04
11464  41  2.23160e-04
11514  14  1.64032e-04
11634  15  1.65939e-04
11670  12  1.52111e-04
11688  96  3.49998e-04
11772  13  1.62125e-04
11832  44  2.47002e-04
11866  30  2.05994e-04
11980  11  1.65939e-04
12158 101  3.49998e-04
12160 161  4.86851e-04
12202   6  1.41144e-04
12318   6  1.62125e-04
12400  23  1.97887e-04
12444   7  1.67131e-04
12490  77  3.06129e-04
12586 104  3.63111e-04
12644   7  1.44243e-04
12984  28  1.99080e-04
13018  85  3.36885e-04
13056   6  1.44243e-04
13086  97  3.52621e-04
13342   8  1.59025e-04
13466  35  2.14577e-04
13614  31  2.00272e-04
13698  11  1.67131e-04
13778   6  1.52111e-04
13784  24  1.94073e-04
13802 119  3.93867e-04
13830  61  2.79903e-04
13844   7  1.31130e-04
13862  22  1.83105e-04
14064   8  1.48058e-04
14066  42  2.38180e-04
14122  43  2.38180e-04
14234  16  1.95265e-04
14298 126  4.08173e-04
14426  88  3.24965e-04
14724  28  2.15054e-04
14764  44  2.38895e-04
14838  13  1.69992e-04
14848  50  2.62022e-04
15032   7  1.48058e-04
15086  52  2.56062e-04
15176  27  2.02894e-04
15186  36  2.11954e-04
15188  26  1.99795e-04
15196 191  6.70910e-04
15220  27  2.17199e-04
15252  11  1.75238e-04
15502   8  1.57833e-04
15592  16  1.83105e-04
15706   6  1.56879e-04
15722   6  1.44243e-04
15754  40  2.20060e-04
15780  36  2.22921e-04
15788  22  1.83105e-04
15970  10  1.66893e-04
15978   7  1.52111e-04
16260 204  6.24895e-04
16358   8  1.62840e-04
16390  26  1.93596e-04
16422   7  1.52111e-04
16482  14  1.65939e-04
16510  81  3.11136e-04
16554   6  1.45912e-04
16710   9  1.63078e-04
16920   6  1.55926e-04
16986  22  1.89066e-04
16990  15  1.83105e-04
17124  24  1.95980e-04
17152   6  1.56879e-04
17388  40  2.42949e-04
17400  38  2.22921e-04
17404   7  1.66893e-04
17432  27  2.00987e-04
17700   7  1.63078e-04
17842  45  2.40326e-04
17846  57  2.54869e-04
17876   6  1.55210e-04
17954 203  6.16074e-04
18150 108  3.76940e-04
18218   7  1.58787e-04
18226  33  2.21968e-04
18436   8  1.63078e-04
18606 148  4.65155e-04
18666   8  1.67131e-04
18804   7  1.50204e-04
18830   6  1.40905e-04
19250  18  1.76191e-04
19388  46  2.40088e-04
19390  15  1.80960e-04
19400  37  2.21014e-04
19462  76  3.04222e-04
19512  69  2.92063e-04
19626   6  1.52826e-04
19732   6  1.54972e-04
19758  32  2.07186e-04
19834  14  1.75953e-04
19898  12  1.69992e-04
19940  60  2.61784e-04
19978  46  2.34842e-04
20026   8  1.55926e-04
20098 167  4.94003e-04
20112  77  3.14713e-04
20148  17  1.76907e-04
20210  10  1.59979e-04
20468  20  1.97887e-04
20490   6  1.59979e-04
20532   6  1.49965e-04
20590 202  6.61135e-04
20616   8  1.69992e-04
20650  11  1.65939e-04
20782 185  5.92947e-04
20788   6  1.86920e-04
20790   9  1.84774e-04
20878  15  1.94788e-04
20956   6  1.63078e-04
20962 106  3.75032e-04
21048 148  4.89950e-04
21060  17  1.85966e-04
21090  10  1.64986e-04
21124  96  3.56197e-04
21130 108  3.78132e-04
21148  23  2.00987e-04
21198  88  3.47853e-04
21324 132  4.22001e-04
21382  38  2.29120e-04
21646   6  1.58787e-04
21684   6  1.58310e-04
21770  20  1.91927e-04
21806  35  2.32935e-04
21896  19  1.86920e-04
22066  19  1.77860e-04
22314  11  1.68800e-04
22352  13  1.73807e-04
22422  26  2.03133e-04
22444  43  2.39134e-04
22484  13  1.68800e-04
22540  10  1.74761e-04
22542 173  5.10931e-04
22560 136  4.23908e-04
22590   9  1.67131e-04
22600  22  1.98126e-04
22728  25  2.04086e-04
22778  42  2.34127e-04
22872 206  6.31094e-04
23002  12  1.70946e-04
23064   7  1.59264e-04
23112 127  4.22955e-04
23186  11  1.73092e-04
23216  14  1.74761e-04
23268  30  2.19107e-04
23274  25  1.90258e-04
23286  41  2.46048e-04
23296  22  1.94073e-04
23308  12  1.68085e-04
23368   8  1.43051e-04
23382  17  1.78099e-04
23450  12  1.67131e-04
23480   6  1.58072e-04
23630  41  2.29836e-04
23690 107  3.91960e-04
23708   8  1.65939e-04
23802   9  1.62125e-04
23876  12  1.68085e-04
23900  16  1.80960e-04
23930  57  2.74897e-04
23956  10  1.71661e-04
23964  41  2.25067e-04
24046 112  3.77178e-04
24054  15  1.74046e-04
24070  93  3.42846e-04
24124 106  3.59058e-04
24144  75  3.02792e-04
24148 170  5.91040e-04
24160  12  1.74761e-04
24178   8  1.68085e-04
24198  20  1.87874e-04
24226 174  5.17130e-04
24280 145  4.45127e-04
24562  19  1.94073e-04
24580   9  1.65701e-04
24806  28  2.06709e-04
24836   7  1.63078e-04
24950  71  3.00646e-04
24966  14  1.79052e-04
