0 159  1.26820e+00
132  16  2.10224e-01
280  78  2.93505e-01
336 110  3.75823e-01
410 128  3.18387e-01
426  18  1.60937e-01
486   9  1.93200e-01
688   8  1.58709e-01
728   8  1.87554e-01
1146  10  2.31104e-01
1150   8  1.87975e-01
1464   8  2.16510e-01
1544  96  5.35697e-01
1734  38  1.93284e-01
1752  46  2.22717e-01
1800  61  5.44774e-01
1882  18  2.17711e-01
1964  11  1.89993e-01
1970   9  1.32243e-01
2074  24  1.85833e-01
2096  25  1.71719e-01
2142 126  3.55412e-01
2180   6  1.91140e-01
2288  82  3.58955e-01
2490   6  2.02328e-01
2572   6  1.70596e-01
2678  13  1.78804e-01
2762 122  5.11600e-01
2792  28  2.01858e-01
2840  11  1.40407e-01
2844  61  2.85288e-01
3104   6  1.35883e-01
3116  17  2.29407e-01
3378  25  1.88359e-01
3572 169  8.47456e-01
3614  29  2.25227e-01
3720  53  2.31729e-01
3820 111  5.93221e-01
3886 110  4.40928e-01
3928  72  1.98489e-01
3976  35  1.78197e-01
4010  20  1.57017e-01
4144  23  1.68610e-01
4174  30  3.18442e-01
4404  12  1.91374e-01
4428  82  3.61864e-01
4540  12  1.82524e-01
4614  10  1.65545e-01
4618  36  2.07260e-01
4932   7  1.66519e-01
5088  37  1.85867e-01
5094  59  2.32752e-01
5114  45  1.75550e-01
5140  31  2.45094e-01
5162  60  4.05230e-01
5240  23  2.33749e-01
5250  64  3.01022e-01
5340  10  1.33578e-01
5354  45  2.67848e-01
5380  23  1.81491e-01
5422  21  2.19104e-01
5530  66  2.40353e-01
5626   8  1.82629e-01
5636  27  2.43169e-01
5720  13  1.76468e-01
5764  20  1.64966e-01
5980  41  3.31306e-01
6012  15  1.44094e-01
6076   8  1.87890e-01
6078  49  2.01436e-01
6108  41  2.04775e-01
6310  11  1.39030e-01
6350  14  2.23093e-01
6638   8  1.59368e-01
6732  11  1.66760e-01
6744  67  6.00491e-01
6842  10  1.65799e-01
6908 137  5.50559e-01
7024  21  1.88801e-01
7090  10  1.76094e-01
7154  28  2.01634e-01
7222 134  7.31526e-01
7304  13  1.98068e-01
7396   9  1.17950e-01
7404   9  1.76953e-01
7426   6  1.47830e-01
7428  80  4.08497e-01
7466   7  1.83969e-01
7550  13  1.69852e-01
7672  36  2.08277e-01
7758   6  1.80687e-01
7972  65  3.46100e-01
7984  12  1.22299e-01
8056  16  1.99626e-01
8134   7  1.82018e-01
8236   8  1.61436e-01
8294  23  2.11410e-01
8300  16  2.13659e-01
8304  91  4.51568e-01
8352  11  1.68588e-01
8362  18  1.45551e-01
8376  51  1.79364e-01
8414  46  3.47928e-01
8444  46  2.51070e-01
8568   7  2.12194e-01
8638  46  3.12355e-01
8682   8  1.35284e-01
8700 187  1.17627e+00
8906   8  1.83627e-01
8974  16  1.55187e-01
8988  22  2.41214e-01
9040  99  5.29658e-01
9164  28  1.76231e-01
9314   6  1.68379e-01
9378  24  1.34672e-01
9494  22  2.19769e-01
9584  16  1.72145e-01
9608  86  5.59799e-01
9688   9  1.68598e-01
9906  47  1.88196e-01
9948  29  1.68317e-01
10150  38  2.67134e-01
10282   7  1.84429e-01
10288   6  1.68534e-01
10366  34  2.53758e-01
10444  34  3.08551e-01
10708  14  1.78794e-01
10742 128  4.26058e-01
10752   7  1.82525e-01
10794 109  6.11085e-01
10812  27  1.51747e-01
10814 194  9.11842e-01
10906  12  1.88218e-01
10918  11  1.73130e-01
10928  19  1.59098e-01
11086  15  1.38979e-01
11282  18  2.29513e-01
11286  11  1.46773e-01
11376  14  1.80450e-01
11378  38  2.31596e-01
11464  41  1.84368e-01
11514  14  2.01394e-01
11634  15  1.41023e-01
11670  12  1.40054e-01
11688  96  4.02735e-01
11772  13  1.37220e-01
11832  44  3.08401e-01
11866  30  2.07176e-01
11980  11  1.39957e-01
12158 101  5.54440e-01
12160 161  6.95281e-01
12202   6  1.20637e-01
12318   6  2.07175e-01
12400  23  1.66123e-01
12444   7  1.75075e-01
12490  77  2.43078e-01
12586 104  6.57621e-01
12644   7  1.41849e-01
12984  28  1.90403e-01
13018  85  3.69681e-01
13056   6  1.23267e-01
13086  97  5.32802e-01
13342   8  1.82036e-01
13466  35  2.48669e-01
13614  31  2.41243e-01
13698  11  2.09692e-01
13778   6  1.88822e-01
13784  24  2.41662e-01
13802 119  5.76218e-01
13830  61  2.81183e-01
13844   7  1.67591e-01
13862  22  2.51146e-01
14064   8  1.94730e-01
14066  42  1.91039e-01
14122  43  4.52361e-01
14234  16  2.00072e-01
14298 126  6.68910e-01
14426  88  5.84029e-01
14724  28  2.28733e-01
14764  44  2.98350e-01
14838  13  1.97626e-01
14848  50  3.44182e-01
15032   7  1.82548e-01
15086  52  2.51144e-01
15176  27  3.24111e-01
15186  36  2.39839e-01
15188  26  2.52407e-01
15196 191  9.43647e-01
15220  27  1.86405e-01
15252  11  1.69198e-01
15502   8  1.63333e-01
15592  16  1.92583e-01
15706   6  1.44604e-01
15722   6  1.90196e-01
15754  40  1.60655e-01
15780  36  3.06976e-01
15788  22  2.25764e-01
15970  10  1.77813e-01
15978   7  1.43076e-01
16260 204  9.74192e-01
16358   8  2.12825e-01
16390  26  1.94384e-01
16422   7  1.97088e-01
16482  14  1.17854e-01
16510  81  3.90716e-01
16554   6  1.44610e-01
16710   9  2.03826e-01
16920   6  1.82599e-01
16986  22  2.04423e-01
16990  15  2.12569e-01
17124  24  1.91815e-01
17152   6  2.33472e-01
17388  40  2.08979e-01
17400  38  3.23813e-01
17404   7  1.22612e-01
17432  27  2.55909e-01
17700   7  1.71277e-01
17842  45  2.45020e-01
17846  57  3.10139e-01
17876   6  1.56044e-01
17954 203  1.24811e+00
18150 108  4.53924e-01
18218   7  1.80924e-01
18226  33  2.70002e-01
18436   8  1.65121e-01
18606 148  5.76901e-01
18666   8  1.74876e-01
18804   7  1.68752e-01
18830   6  1.75711e-01
19250  18  1.59626e-01
19388  46  3.87890e-01
19390  15  2.02592e-01
19400  37  3.66891e-01
19462  76  2.98190e-01
19512  69  2.90615e-01
19626   6  2.01606e-01
19732   6  1.67938e-01
19758  32  1.95229e-01
19834  14  2.27837e-01
19898  12  2.20748e-01
19940  60  3.80315e-01
19978  46  4.44571e-01
20026   8  1.26808e-01
20098 167  6.34373e-01
20112  77  2.64223e-01
20148  17  2.10602e-01
20210  10  1.75667e-01
20468  20  2.32248e-01
20490   6  1.41640e-01
20532   6  1.96925e-01
20590 202  1.18718e+00
20616   8  1.87794e-01
20650  11  1.36913e-01
20782 185  9.06376e-01
20788   6  1.25151e-01
20790   9  2.00262e-01
20878  15  1.87310e-01
20956   6  1.38656e-01
20962 106  5.66507e-01
21048 148  6.19326e-01
21060  17  1.77738e-01
21090  10  1.78847e-01
21124  96  4.67363e-01
21130 108  4.11308e-01
21148  23  1.76666e-01
21198  88  3.42723e-01
21324 132  5.98623e-01
21382  38  3.33466e-01
21646   6  1.82887e-01
21684   6  2.17342e-01
21770  20  1.59496e-01
21806  35  3.05082e-01
21896  19  1.66450e-01
22066  19  1.86295e-01
22314  11  1.62422e-01
22352  13  1.63301e-01
22422  26  1.91880e-01
22444  43  2.96066e-01
22484  13  1.75046e-01
22540  10  1.69246e-01
22542 173  6.90531e-01
22560 136  7.82157e-01
22590   9  1.32859e-01
22600  22  1.87774e-01
22728  25  2.34528e-01
22778  42  1.97534e-01
22872 206  1.09778e+00
23002  12  1.40278e-01
23064   7  1.75178e-01
23112 127  5.88743e-01
23186  11  2.26312e-01
23216  14  1.92836e-01
23268  30  2.45533e-01
23274  25  1.17935e-01
23286  41  2.37352e-01
23296  22  2.24023e-01
23308  12  1.42231e-01
23368   8  1.25787e-01
23382  17  1.69487e-01
23450  12  1.64857e-01
23480   6  1.38609e-01
23630  41  2.95697e-01
23690 107  4.36021e-01
23708   8  2.43867e-01
23802   9  1.95780e-01
23876  12  2.27932e-01
23900  16  2.24217e-01
23930  57  3.57221e-01
23956  10  1.90500e-01
23964  41  1.65356e-01
24046 112  3.95593e-01
24054  15  1.07969e-01
24070  93  3.14108e-01
24124 106  3.08084e-01
24144  75  4.42059e-01
24148 170  7.04405e-01
24160  12  1.74959e-01
24178   8  2.17542e-01
24198  20  2.41911e-01
24226 174  5.80211e-01
24280 145  6.61494e-01
24562  19  2.19377e-01
24580   9  1.54671e-01
24806  28  2.56747e-01
24836   7  1.25190e-01
24950  71  5.03161e-01
24966  14  1.94261e-01
