0 159  4.64102e+01          nan  3.24429e+01 4.29260697e+08          nan          nan
132  16  8.03811e+01          nan  4.28664e+00 1.99572789e+01          nan          nan
280  78  8.03039e+01          nan  2.62045e+02 3.31002139e+02          nan          nan
336 110  8.12213e+01          nan  2.27307e+01 3.73163689e+02          nan          nan
410 128  7.72754e+01          nan  3.14260e+02 5.76200786e+02          nan          nan
426  18  8.01114e+01          nan  1.23458e+02 1.64623119e+01          nan          nan
486   9  7.69807e+01          nan  2.08503e+02 1.07337853e+01          nan          nan
688   8  7.48037e+01          nan  6.59812e+01 3.72383842e+01          nan          nan
728   8  7.76723e+01          nan  3.57871e+02 1.20129439e+01          nan          nan
1146  10  7.60293e+01          nan  2.94527e+02 1.81823605e+01          nan          nan
1150   8  7.26854e+01          nan  1.60914e+01 6.58902875e+00          nan          nan
1464   8  7.76876e+01          nan  2.53286e+02 1.89394060e+01          nan          nan
1544  96  8.60656e+01          nan  2.50695e+02 4.82817697e+02          nan          nan
1734  38  7.41023e+01          nan  1.14891e+02 9.99166252e+01          nan          nan
1752  46  8.07883e+01          nan  7.69979e+01 5.88183289e+01          nan          nan
1800  61  8.74160e+01          nan  1.94703e+02 8.07287979e+02          nan          nan
1882  18  8.42508e+01          nan  5.83045e+01 3.38570807e+01          nan          nan
1964  11  7.88878e+01          nan  3.12465e+01 5.75682745e+01          nan          nan
1970   9  4.04074e+01          nan  3.84200e+01 1.81891879e+01          nan          nan
2074  24  8.14534e+01          nan  1.67885e+02 1.12585046e+02          nan          nan
2096  25  8.04197e+01          nan  3.96413e+01 2.54663751e+01          nan          nan
2142 126  7.75592e+01          nan  4.20032e+01 5.36976259e+02          nan          nan
2180   6  7.09732e+01          nan  1.31865e+02 2.47216479e+01          nan          nan
2288  82  7.88269e+01          nan  3.39863e+02 3.30847435e+02          nan          nan
2490   6  7.27671e+01          nan  2.55291e+02 2.20619194e+01          nan          nan
2572   6  6.37038e+01          nan  1.65656e+02 2.17890004e+00          nan          nan
2678  13  7.35726e+01          nan  1.61933e+02 2.28040307e+01          nan          nan
2762 122  8.25089e+01          nan  1.99910e+02 7.53551820e+02          nan          nan
2792  28  8.25108e+01          nan  2.03400e+02 1.62050865e+02          nan          nan
2840  11  4.46328e+01          nan  1.44638e+01 7.94136366e+00          nan          nan
2844  61  8.00215e+01          nan  2.48998e+02 3.72875758e+02          nan          nan
3104   6  7.16815e+01          nan  1.67675e+02 2.11718938e+01          nan          nan
3116  17  8.35292e+01          nan  9.84074e+01 2.64897331e+01          nan          nan
3378  25  8.28899e+01          nan  2.07728e+02 2.34917487e+02          nan          nan
3572 169  8.52164e+01          nan  1.03391e+02 1.10326554e+03          nan          nan
3614  29  8.38271e+01          nan  2.90330e+02 2.08729669e+02          nan          nan
3720  53  7.38954e+01          nan  1.55223e+02 2.26443773e+02          nan          nan
3820 111  8.46215e+01          nan  7.36009e+01 4.79637562e+02          nan          nan
3886 110  8.25503e+01          nan  2.26760e+02 7.35698987e+02          nan          nan
3928  72  7.16504e+01          nan  2.23346e+02 1.22518508e+02          nan          nan
3976  35  7.57206e+01          nan  1.01564e+02 1.20299421e+02          nan          nan
4010  20  7.70339e+01          nan  2.91683e+02 2.01348570e+01          nan          nan
4144  23  7.58930e+01          nan  1.67639e+01 7.02763000e+01          nan          nan
4174  30  8.48172e+01          nan  8.10106e+01 1.67380124e+02          nan          nan
4404  12  8.00280e+01          nan  1.05495e+02 1.68043439e+01          nan          nan
4428  82  7.93196e+01          nan  2.39479e+01 3.34481252e+02          nan          nan
4540  12  7.99066e+01          nan  2.00571e+02 2.50386763e+01          nan          nan
4614  10  8.06786e+01          nan  9.91593e+01 2.36135622e+01          nan          nan
4618  36  8.04844e+01          nan  2.32442e+02 1.99270591e+02          nan          nan
4932   7  7.38434e+01          nan  1.46505e+02 3.28109856e+01          nan          nan
5088  37  7.73039e+01          nan  6.74844e+01 1.04728113e+02          nan          nan
5094  59  7.53219e+01          nan  3.97696e+01 9.60540989e+01          nan          nan
5114  45  7.39738e+01          nan  1.69173e+02 1.06419968e+02          nan          nan
5140  31  8.55117e+01          nan  2.21418e+02 1.95068735e+02          nan          nan
5162  60  8.65577e+01          nan  3.32248e+02 1.35220298e+02          nan          nan
5240  23  8.18385e+01          nan  2.51089e+02 5.24321047e+01          nan          nan
5250  64  8.26428e+01          nan  4.06226e+01 5.23654709e+02          nan          nan
5340  10  8.27775e+01          nan  3.09190e+02 2.20146248e+01          nan          nan
5354  45  8.55127e+01          nan  1.91925e+02 3.93259747e+02          nan          nan
5380  23  8.32905e+01          nan  1.16208e+02 7.60967300e+01          nan          nan
5422  21  8.02459e+01          nan  2.25617e+02 6.12135462e+01          nan          nan
5530  66  7.83596e+01          nan  3.48360e+02 9.93724721e+01          nan          nan
5626   8  7.39558e+01          nan  2.77336e+01 3.11569485e+01          nan          nan
5636  27  8.06179e+01          nan  2.29651e+02 1.22946294e+02          nan          nan
5720  13  8.46963e+01          nan  3.29597e+02 2.08468973e+01          nan          nan
5764  20  8.03299e+01          nan  4.19155e+01 3.57003890e+01          nan          nan
5980  41  8.68549e+01          nan  1.00357e+02 2.01944422e+02          nan          nan
6012  15  7.91672e+01          nan  1.99036e+02 4.33631212e+01          nan          nan
6076   8  7.71445e+01          nan  9.58874e+01 4.15791135e+00          nan          nan
6078  49  6.64424e+01          nan  8.10151e+01 1.14117075e+02          nan          nan
6108  41  8.06233e+01          nan  1.16478e+02 8.63383085e+01          nan          nan
6310  11  5.31057e+01          nan  1.67229e+02 1.42062311e+01          nan          nan
6350  14  7.81802e+01          nan  2.25212e+02 3.39313887e+01          nan          nan
6638   8  3.31653e+01          nan  3.14676e+02 7.00494548e+00          nan          nan
6732  11  8.51458e+01          nan  2.10478e+02 1.86004441e+01          nan          nan
6744  67  8.71295e+01          nan  3.98616e+01 1.52281450e+02          nan          nan
6842  10  7.65823e+01          nan  1.40049e+02 3.99926008e+01          nan          nan
6908 137  8.50891e+01          nan  3.58605e+02 1.02800713e+03          nan          nan
7024  21  7.68682e+01          nan  3.48383e+02 5.91148314e+01          nan          nan
7090  10  8.62597e+01          nan  2.07982e+02 1.32261873e+01          nan          nan
7154  28  8.58386e+01          nan  3.15686e+01 4.13858948e+01          nan          nan
7222 134  8.64686e+01          nan  2.23788e+02 7.34182645e+02          nan          nan
7304  13  7.96763e+01          nan  2.24870e+02 6.85980678e+01          nan          nan
7396   9  4.45361e+01          nan  1.13856e+02 7.84107611e+00          nan          nan
7404   9  7.61129e+01          nan  2.93119e+02 1.91469215e+01          nan          nan
7426   6  7.34152e+01          nan  1.26952e+02 1.27723165e+01          nan          nan
7428  80  8.27040e+01          nan  1.17715e+02 4.81587120e+02          nan          nan
7466   7  5.41695e+01          nan  2.64896e+02 6.70629283e+00          nan          nan
7550  13  6.14061e+01          nan  2.66306e+02 1.30880754e+01          nan          nan
7672  36  8.31357e+01          nan  3.52423e+02 1.91188426e+02          nan          nan
7758   6  7.98052e+01          nan  3.00542e+02 6.35906316e-01          nan          nan
7972  65  8.24234e+01          nan  3.11686e+02 1.42872702e+02          nan          nan
7984  12  5.24539e+01          nan  1.78231e+01 1.32223308e+01          nan          nan
8056  16  8.07214e+01          nan  3.31425e+02 5.78639587e+01          nan          nan
8134   7  7.44093e+01          nan  8.26756e+01 2.55512284e+01          nan          nan
8236   8  8.40521e+01          nan  1.57756e+02 4.68816186e+00          nan          nan
8294  23  8.09655e+01          nan  2.00499e+02 4.50947039e+01          nan          nan
8300  16  7.97405e+01          nan  3.40688e+02 4.02363180e+01          nan          nan
8304  91  8.44047e+01          nan  6.17756e+01 1.85528638e+02          nan          nan
8352  11  8.04669e+01          nan  3.00254e+02 1.48390160e+01          nan          nan
8362  18  7.80907e+01          nan  1.64457e+02 1.30050282e+02          nan          nan
8376  51  6.77516e+01          nan  7.84241e+01 1.23061468e+02          nan          nan
8414  46  8.66758e+01          nan  2.62616e+02 3.62844200e+02          nan          nan
8444  46  8.36451e+01          nan  8.87173e+01 2.73547943e+02          nan          nan
8568   7  7.51632e+01          nan  3.22900e+02 1.76030289e+01          nan          nan
8638  46  8.64608e+01          nan  2.94491e+02 3.75135006e+02          nan          nan
8682   8  7.59661e+01          nan  6.28997e+01 1.90111316e+01          nan          nan
8700 187  8.63250e+01          nan  2.74842e+02 1.04154057e+03          nan          nan
8906   8  7.03078e+01          nan  1.84497e+02 1.27126509e+00          nan          nan
8974  16  7.91381e+01          nan  2.61424e+02 5.45773316e+01          nan          nan
8988  22  8.14878e+01          nan  1.35528e+02 1.11843243e+02          nan          nan
9040  99  8.58489e+01          nan  3.25116e+02 4.02613676e+02          nan          nan
9164  28  7.72384e+01          nan  2.10189e+02 3.11003471e+01          nan          nan
9314   6  7.49937e+01          nan  2.54457e+02 9.53493965e+00          nan          nan
9378  24  5.76143e+01          nan  1.62655e+02 4.46374616e+01          nan          nan
9494  22  8.05167e+01          nan  6.80235e+01 8.30074943e+01          nan          nan
9584  16  6.33003e+01          nan  2.50537e+01 2.45161406e+01          nan          nan
9608  86  8.71250e+01          nan  7.39834e+01 2.79198354e+02          nan          nan
9688   9  7.69402e+01          nan  4.47393e+01 3.93219347e+01          nan          nan
9906  47  7.12631e+01          nan  8.17663e+01 1.05184152e+02          nan          nan
9948  29  7.20166e+01          nan  1.62131e+02 1.52617234e+02          nan          nan
10150  38  8.21228e+01          nan  2.96952e+02 1.77747420e+02          nan          nan
10282   7  4.45876e+01          nan  8.96542e-01 2.09731687e+01          nan          nan
10288   6  7.92871e+01          nan  1.56925e+02 5.98408713e+00          nan          nan
10366  34  8.30106e+01          nan  7.96767e+00 3.57361561e+02          nan          nan
10444  34  8.59564e+01          nan  1.02576e+02 4.43471525e+01          nan          nan
10708  14  8.67598e+01          nan  1.99776e+02 2.58396416e+01          nan          nan
10742 128  7.89027e+01          nan  1.69666e+02 5.07092612e+02          nan          nan
10752   7  7.71825e+01          nan  2.32945e+02 1.88068602e+01          nan          nan
10794 109  8.58341e+01          nan  1.57290e+02 8.62893077e+02          nan          nan
10812  27  5.62149e+01          nan  2.37057e+02 7.66853047e+01          nan          nan
10814 194  8.66134e+01          nan  7.39049e+01 9.17634947e+02          nan          nan
10906  12  7.99235e+01          nan  1.64643e+02 2.30813456e+01          nan          nan
10918  11  7.91796e+01          nan  2.58675e+02 4.99289363e+01          nan          nan
10928  19  8.04570e+01          nan  1.32889e+02 7.87419507e+01          nan          nan
11086  15  7.34484e+01          nan  5.53328e+01 7.99486843e+01          nan          nan
11282  18  8.11743e+01          nan  2.93614e+02 3.70863800e+01          nan          nan
11286  11  7.86501e+01          nan  3.55820e+02 1.70362455e+01          nan          nan
11376  14  7.97532e+01          nan  2.90878e+02 5.80471660e+01          nan          nan
11378  38  7.66491e+01          nan  6.91256e+01 9.54793029e+01          nan          nan
11464  41  7.23917e+01          nan  3.11239e+02 6.44767318e+01          nan          nan
11514  14  8.06834e+01          nan  1.11452e+02 3.81419880e+01          nan          nan
11634  15  6.75799e+01          nan  1.58580e+02 1.11325909e+01          nan          nan
11670  12  4.53495e+01          nan  9.01235e+01 2.56953107e+01          nan          nan
11688  96  8.00481e+01          nan  2.90015e+02 4.92385580e+02          nan          nan
11772  13  5.77998e+01          nan  1.98476e+01 1.96742927e+01          nan          nan
11832  44  8.43541e+01          nan  3.39229e+02 3.63776703e+02          nan          nan
11866  30  8.39611e+01          nan  1.15020e+02 1.17900083e+02          nan          nan
11980  11  8.29800e+01          nan  6.66950e+01 1.88273291e+01          nan          nan
12158 101  8.33893e+01          nan  2.30499e+02 5.84918788e+02          nan          nan
12160 161  8.42452e+01          nan  4.53369e+01 6.51894567e+02          nan          nan
12202   6  4.93476e+01          nan  6.90214e+01 1.82586734e+00          nan          nan
12318   6  7.49044e+01          nan  1.40384e+02 1.12398427e+01          nan          nan
12400  23  8.06112e+01          nan  2.59662e+02 1.55027044e+02          nan          nan
12444   7  7.61944e+01          nan  3.31862e+02 4.26325110e+00          nan          nan
12490  77  7.68241e+01          nan  2.45296e+02 1.36985541e+02          nan          nan
12586 104  8.52969e+01          nan  1.22593e+02 4.84663272e+02          nan          nan
12644   7  4.60123e+01          nan  3.23395e+02 1.00472930e+01          nan          nan
12984  28  8.27070e+01          nan  2.83212e+02 1.15341019e+02          nan          nan
13018  85  8.37640e+01          nan  7.33266e+00 5.95478600e+02          nan          nan
13056   6  4.63346e+01          nan  2.65894e+02 6.22929316e+00          nan          nan
13086  97  8.35484e+01          nan  3.51242e+02 3.22105878e+02          nan          nan
13342   8  7.65530e+01          nan  7.12335e+01 2.71933724e+01          nan          nan
13466  35  8.49119e+01          nan  3.14623e+02 2.61426941e+02          nan          nan
13614  31  7.98476e+01          nan  3.02708e+02 1.28928861e+02          nan          nan
13698  11  8.01685e+01          nan  1.53961e+02 7.74598574e+00          nan          nan
13778   6  7.17928e+01          nan  2.68903e+02 1.27493044e+01          nan          nan
13784  24  8.17709e+01          nan  3.46465e+02 1.00019868e+02          nan          nan
13802 119  8.52027e+01          nan  2.73309e+02 1.18471470e+03          nan          nan
13830  61  8.27901e+01          nan  2.09754e+02 2.65461541e+02          nan          nan
13844   7  3.64165e+01          nan  1.36425e+02 4.08519247e+00          nan          nan
13862  22  8.49572e+01          nan  7.11306e+01 5.23344129e+01          nan          nan
14064   8  7.90368e+01          nan  8.89814e+01 9.01134855e+00          nan          nan
14066  42  7.64221e+01          nan  2.29968e+02 9.10596994e+01          nan          nan
14122  43  8.75472e+01          nan  1.67092e+02 9.71234986e+01          nan          nan
14234  16  7.69088e+01          nan  1.55483e+02 6.26377840e+01          nan          nan
14298 126  8.46935e+01          nan  1.19542e+02 8.73084073e+02          nan          nan
14426  88  8.67847e+01          nan  2.06303e+02 6.76548034e+02          nan          nan
14724  28  8.60937e+01          nan  1.75225e+02 1.37385665e+02          nan          nan
14764  44  8.54535e+01          nan  2.10390e+02 2.75125468e+02          nan          nan
14838  13  7.69479e+01          nan  6.88020e+01 5.60868239e+01          nan          nan
14848  50  8.63580e+01          nan  1.37426e+01 5.02525286e+02          nan          nan
15032   7  4.86198e+01          nan  2.93110e+02 1.21690845e+01          nan          nan
15086  52  7.70257e+01          nan  3.21392e+02 1.77810825e+02          nan          nan
15176  27  8.59769e+01          nan  6.66502e+01 4.97185311e+01          nan          nan
15186  36  8.40338e+01          nan  1.20447e+02 2.72380026e+02          nan          nan
15188  26  8.19877e+01          nan  2.96863e+02 1.52310194e+02          nan          nan
15196 191  8.55395e+01          nan  1.71378e+02 6.88869654e+02          nan          nan
15220  27  7.78451e+01          nan  3.13188e+02 9.20258029e+01          nan          nan
15252  11  8.38193e+01          nan  2.98227e+02 1.93528942e+01          nan          nan
15502   8  7.72539e+01          nan  1.53719e+01 2.80955723e+01          nan          nan
15592  16  7.80450e+01          nan  7.14340e+01 6.21384142e+01          nan          nan
15706   6  7.22238e+01          nan  2.04515e+02 4.41728572e+00          nan          nan
15722   6  4.27132e+01          nan  2.33744e+02 2.08990346e-01          nan          nan
15754  40  6.77358e+01          nan  2.05569e+01 1.19944343e+02          nan          nan
15780  36  8.64047e+01          nan  1.65423e+02 1.77476598e+02          nan          nan
15788  22  8.61832e+01          nan  7.25466e+01 3.61323990e+01          nan          nan
15970  10  7.53094e+01          nan  2.31425e+00 2.99008585e+01          nan          nan
15978   7  5.00735e+01          nan  1.06306e+02 3.63916515e+00          nan          nan
16260 204  8.63799e+01          nan  1.11455e+02 1.94022187e+03          nan          nan
16358   8  7.50683e+01          nan  1.01947e+02 1.96619681e+01          nan          nan
16390  26  8.28961e+01          nan  8.17530e+01 1.37022284e+02          nan          nan
16422   7  7.59987e+01          nan  3.32398e+02 1.88305033e+01          nan          nan
16482  14  7.67853e+01          nan  3.04645e+02 1.21452396e+01          nan          nan
16510  81  8.50674e+01          nan  7.86913e+01 3.17581192e+02          nan          nan
16554   6  3.28757e+01          nan  9.65004e+01 9.48890914e-01          nan          nan
16710   9  7.88535e+01          nan  1.48980e+02 2.19872238e+01          nan          nan
16920   6  7.75273e+01          nan  5.44051e+01 1.03251011e+00          nan          nan
16986  22  8.27200e+01          nan  1.81960e+02 5.41015804e+01          nan          nan
16990  15  7.93624e+01          nan  6.93059e+01 3.74291075e+01          nan          nan
17124  24  8.31673e+01          nan  5.78264e+01 5.06254078e+01          nan          nan
17152   6  7.28059e+01          nan  2.94400e+01 9.04831105e+00          nan          nan
17388  40  8.15895e+01          nan  1.54167e+02 2.96178970e+02          nan          nan
17400  38  8.47220e+01          nan  1.79446e+02 2.56099445e+02          nan          nan
17404   7  7.62418e+01          nan  2.69231e+02 4.18053655e+01          nan          nan
17432  27  8.23755e+01          nan  2.12122e+02 1.27298614e+02          nan          nan
17700   7  8.41457e+01          nan  1.41415e+02 3.37718859e+00          nan          nan
17842  45  8.32461e+01          nan  1.85588e+02 3.88891425e+02          nan          nan
17846  57  7.91387e+01          nan  2.54825e+02 1.30687201e+02          nan          nan
17876   6  7.34426e+01          nan  7.15462e+01 1.81945646e+01          nan          nan
17954 203  8.71812e+01          nan  6.53254e+01 1.14828109e+03          nan          nan
18150 108  8.02037e+01          nan  3.27172e+00 2.37918661e+02          nan          nan
18218   7  7.29164e+01          nan  6.35236e+01 2.60445323e+01          nan          nan
18226  33  8.45746e+01          nan  2.49033e+02 1.07122094e+02          nan          nan
18436   8  7.58029e+01          nan  2.74733e+02 6.55498655e+00          nan          nan
18606 148  8.31320e+01          nan  2.88998e+02 3.62878162e+02          nan          nan
18666   8  7.81605e+01          nan  2.49140e+02 7.30820697e+00          nan          nan
18804   7  7.63265e+01          nan  3.88092e+01 2.72984463e+01          nan          nan
18830   6  4.16016e+01          nan  3.59988e+02 3.38921093e+00          nan          nan
19250  18  7.88237e+01          nan  2.40141e+01 7.83014878e+01          nan          nan
19388  46  8.56065e+01          nan  1.99553e+02 3.31489844e+02          nan          nan
19390  15  8.04204e+01          nan  7.24210e+01 4.77258201e+01          nan          nan
19400  37  8.55339e+01          nan  2.04746e+02 2.73688824e+02          nan          nan
19462  76  8.16046e+01          nan  1.71294e+02 2.45387644e+02          nan          nan
19512  69  7.99137e+01          nan  2.87078e+02 1.89930773e+02          nan          nan
19626   6  7.53495e+01          nan  1.45771e+02 5.57135252e+00          nan          nan
19732   6  7.72977e+01          nan  1.95844e+02 2.06019569e+01          nan          nan
19758  32  8.13734e+01          nan  8.19630e+01 2.34224246e+02          nan          nan
19834  14  7.92055e+01          nan  7.70217e+01 5.24691560e+01          nan          nan
19898  12  8.62011e+01          nan  2.51835e+02 2.67112053e+01          nan          nan
19940  60  8.25887e+01          nan  2.29119e+02 3.09435175e+02          nan          nan
19978  46  8.63230e+01          nan  1.22806e+02 2.84626369e+02          nan          nan
20026   8  6.97761e+01          nan  2.16024e+02 1.96485539e+01          nan          nan
20098 167  8.51880e+01          nan  5.39550e+01 1.31780657e+03          nan          nan
20112  77  7.58172e+01          nan  6.58944e+01 2.08872771e+02          nan          nan
20148  17  8.45855e+01          nan  2.22125e+02 1.01144704e+01          nan          nan
20210  10  7.84363e+01          nan  1.84170e+01 2.00882229e+01          nan          nan
20468  20  8.44506e+01          nan  3.14596e+02 3.35171197e+01          nan          nan
20490   6  7.37997e+01          nan  2.73082e+02 4.66066945e+01          nan          nan
20532   6  7.63256e+01          nan  2.25721e+02 4.13880783e+00          nan          nan
20590 202  8.61887e+01          nan  3.24292e+02 1.35230398e+03          nan          nan
20616   8  7.51480e+01          nan  1.75790e+02 2.36551668e+01          nan          nan
20650  11  7.49376e+01          nan  3.07282e+02 4.99909784e+01          nan          nan
20782 185  8.64282e+01          nan  3.37758e+02 1.19104515e+03          nan          nan
20788   6  7.37351e+01          nan  2.67401e+02 1.07494647e+01          nan          nan
20790   9  4.65411e+01          nan  2.65967e+02 1.39108780e+01          nan          nan
20878  15  8.01862e+01          nan  3.14757e+02 3.00902353e+01          nan          nan
20956   6  7.38038e+01          nan  1.77931e+02 6.95336941e+00          nan          nan
20962 106  8.36253e+01          nan  7.23681e+01 3.52890231e+02          nan          nan
21048 148  8.21168e+01          nan  2.74599e+02 4.14413222e+02          nan          nan
21060  17  7.93904e+01          nan  9.17637e+01 5.92329165e+01          nan          nan
21090  10  7.89977e+01          nan  8.22265e+00 1.18229766e+01          nan          nan
21124  96  8.10144e+01          nan  1.03967e+02 5.46167654e+02          nan          nan
21130 108  8.17675e+01          nan  2.33335e+02 5.19442617e+02          nan          nan
21148  23  8.06346e+01          nan  3.33981e+02 1.02501977e+02          nan          nan
21198  88  8.03520e+01          nan  2.66123e+02 5.18682147e+02          nan          nan
21324 132  8.28985e+01          nan  2.80791e+02 8.13660283e+02          nan          nan
21382  38  8.56217e+01          nan  3.56926e+02 1.40101744e+02          nan          nan
21646   6  3.91808e+01          nan  2.20963e+02 3.45616347e+00          nan          nan
21684   6  7.50893e+01          nan  2.90068e+02 1.81900796e+00          nan          nan
21770  20  8.00652e+01          nan  3.22416e+01 2.21854824e+01          nan          nan
21806  35  8.40860e+01          nan  3.39974e+02 2.46250165e+02          nan          nan
21896  19  8.42264e+01          nan  3.45136e+01 2.88241095e+01          nan          nan
22066  19  7.61336e+01          nan  3.06655e+02 3.79724278e+01          nan          nan
22314  11  7.75014e+01          nan  3.24743e+02 4.48041056e+01          nan          nan
22352  13  7.65374e+01          nan  1.09096e+01 9.67654920e+01          nan          nan
22422  26  8.08987e+01          nan  2.78257e+02 7.06353791e+01          nan          nan
22444  43  8.56222e+01          nan  2.53014e+02 2.34788056e+02          nan          nan
22484  13  8.08362e+01          nan  2.50985e+02 2.18769200e+01          nan          nan
22540  10  7.72077e+01          nan  1.35520e+02 2.40580037e+01          nan          nan
22542 173  8.38461e+01          nan  6.95521e+01 6.19145965e+02          nan          nan
22560 136  8.51119e+01          nan  2.47817e+02 1.08093302e+03          nan          nan
22590   9  7.80437e+01          nan  2.27848e+02 1.14292611e+01          nan          nan
22600  22  8.25478e+01          nan  8.67216e+01 5.02105424e+01          nan          nan
22728  25  8.17220e+01          nan  1.13291e+02 6.49979419e+01          nan          nan
22778  42  7.68908e+01          nan  7.95468e+01 7.16200544e+01          nan          nan
22872 206  8.68530e+01          nan  1.54011e+02 1.89238662e+03          nan          nan
23002  12  7.19660e+01          nan  1.70900e+02 3.60420209e+01          nan          nan
23064   7  7.45040e+01          nan  3.09628e+02 2.27739575e+01          nan          nan
23112 127  8.61635e+01          nan  3.08064e+02 5.23983011e+02          nan          nan
23186  11  7.80804e+01          nan  3.08271e+00 1.91000045e+01          nan          nan
23216  14  7.86963e+01          nan  1.63594e+02 7.71489628e+01          nan          nan
23268  30  8.11341e+01          nan  1.68391e+02 1.68324943e+02          nan          nan
23274  25  6.40808e+01          nan  1.70663e+02 3.47249205e+01          nan          nan
23286  41  8.18920e+01          nan  2.68095e+02 2.03467104e+02          nan          nan
23296  22  8.07680e+01          nan  1.16143e+02 9.10309668e+01          nan          nan
23308  12  7.87527e+01          nan  2.16002e+02 3.81934495e+01          nan          nan
23368   8  4.52167e+01          nan  5.75233e+01 4.58945570e+00          nan          nan
23382  17  8.11175e+01          nan  2.82297e+02 5.09891640e+01          nan          nan
23450  12  7.78419e+01          nan  2.80217e+02 4.87996424e+01          nan          nan
23480   6  7.29328e+01          nan  1.63980e+02 9.67103708e+00          nan          nan
23630  41  8.04822e+01          nan  1.33822e+02 1.35124320e+02          nan          nan
23690 107  7.94163e+01          nan  2.62390e+02 3.54125166e+02          nan          nan
23708   8  7.69378e+01          nan  1.96674e+02 1.14059904e+01          nan          nan
23802   9  7.63287e+01          nan  7.80618e+01 3.61903462e+01          nan          nan
23876  12  8.70076e+01          nan  3.57502e+02 1.11387476e+01          nan          nan
23900  16  7.92173e+01          nan  1.28764e+02 4.73043485e+01          nan          nan
23930  57  8.01804e+01          nan  5.56413e+01 2.94088017e+02          nan          nan
23956  10  7.83518e+01          nan  2.82747e+02 1.36718839e+01          nan          nan
23964  41  8.04996e+01          nan  2.09628e+02 7.08107958e+01          nan          nan
24046 112  8.01977e+01          nan  2.80105e+02 2.93266722e+02          nan          nan
24054  15  7.71712e+01          nan  3.05052e+02 1.00604649e+01          nan          nan
24070  93  7.99622e+01          nan  3.44165e+02 2.02715539e+02          nan          nan
24124 106  7.45355e+01          nan  8.00410e+01 4.93217575e+02          nan          nan
24144  75  8.64762e+01          nan  1.27143e+02 2.95846981e+02          nan          nan
24148 170  8.33116e+01          nan  3.50113e+01 5.66830391e+02          nan          nan
24160  12  7.68348e+01          nan  3.90712e+01 2.72945052e+01          nan          nan
24178   8  7.75906e+01          nan  2.47321e+02 1.18513078e+01          nan          nan
24198  20  8.16031e+01          nan  4.47856e+01 4.25068469e+01          nan          nan
24226 174  8.41199e+01          nan  1.95828e+02 1.24601833e+03          nan          nan
24280 145  8.44429e+01          nan  9.13375e+01 8.75632498e+02          nan          nan
24562  19  8.18603e+01          nan  9.42240e+01 2.19395616e+01          nan          nan
24580   9  7.53229e+01          nan  9.24993e+01 4.68690462e+01          nan          nan
24806  28  8.40883e+01          nan  3.51447e+02 9.61028134e+01          nan          nan
24836   7  7.56351e+01          nan  3.05379e+02 2.37673095e+01          nan          nan
24950  71  8.67506e+01          nan  1.50100e+02 1.30612611e+02          nan          nan
24966  14  8.00173e+01          nan  5.77989e+01 3.31793044e+01          nan          nan
