0 159  4.69638e+01          nan  3.28625e+01          nan  2.75468e+04          nan  3.00000e+00  1.84844e+07 
132  16  8.04883e+01          nan  4.42752e+00          nan  4.70638e+01          nan  2.46842e+00  2.55264e+07 
280  78  8.04303e+01          nan  2.62168e+02          nan  4.39620e+02          nan  1.25000e+00  1.79320e+08 
336 110  8.11040e+01          nan  2.28950e+01          nan  2.59951e+02          nan  1.60125e+00  7.64220e+07 
410 128  7.71060e+01          nan  3.14231e+02          nan  6.19472e+02          nan  1.59621e+00  7.47315e+07 
426  18  8.00267e+01          nan  1.23424e+02          nan  1.40047e+01          nan  2.57537e+00  8.58743e+06 
486   9  7.71653e+01          nan  2.08686e+02          nan  1.08827e+01          nan  2.99990e+00  9.51000e+06 
688   8  7.45486e+01          nan  6.60104e+01          nan  1.09835e+01          nan  2.00587e+00  8.46628e+07 
728   8  7.78044e+01          nan  3.57915e+02          nan  5.90654e+00          nan  1.80522e+00  3.36929e+07 
1146  10  7.60622e+01          nan  2.94464e+02          nan  2.53946e+01          nan  1.54850e+00  4.33772e+07 
1150   8  7.27243e+01          nan  1.57948e+01          nan  3.21937e+01          nan  2.38985e+00  4.74657e+06 
1464   8  7.76987e+01          nan  2.53217e+02          nan  1.66523e+01          nan  1.78084e+00  3.06602e+07 
1544  96  8.63068e+01          nan  2.50616e+02          nan  2.24132e+02          nan  1.85057e+00  4.73262e+07 
1734  38  7.41884e+01          nan  1.15190e+02          nan  1.29606e+02          nan  1.59142e+00  7.86524e+07 
1752  46  8.09525e+01          nan  7.70570e+01          nan  5.02024e+01          nan  2.94410e+00  9.62955e+06 
1800  61  8.74148e+01          nan  1.94703e+02          nan  2.70361e+03          nan  1.90025e+00  9.95075e+07 
1882  18  8.41829e+01          nan  5.85291e+01          nan  1.58525e+01          nan  2.78298e+00  2.34605e+07 
1964  11  7.86651e+01          nan  3.12440e+01          nan  5.68088e+02          nan  1.25000e+00  5.25873e+07 
1970   9  4.05885e+01          nan  3.83895e+01          nan  1.29835e+02          nan  3.00000e+00  6.39303e+07 
2074  24  8.12281e+01          nan  1.67916e+02          nan  9.02761e+01          nan  1.50134e+00  1.15705e+08 
2096  25  8.05838e+01          nan  3.97242e+01          nan  3.11401e+01          nan  3.00000e+00  8.58547e+06 
2142 126  7.73683e+01          nan  4.19798e+01          nan  7.12737e+02          nan  1.25000e+00  1.57235e+08 
2180   6  7.10303e+01          nan  1.31922e+02          nan  1.02501e+01          nan  1.65858e+00  5.95152e+07 
2288  82  7.88745e+01          nan  3.39676e+02          nan  1.57025e+02          nan  1.81391e+00  4.73041e+07 
2490   6  7.31396e+01          nan  2.56416e+02          nan  1.41046e+02          nan  2.48974e+00  6.96739e+07 
2572   6  6.33793e+01          nan  1.65431e+02          nan  4.92722e+01          nan  1.25000e+00  7.30347e+07 
2678  13  7.37057e+01          nan  1.61815e+02          nan  1.41457e+01          nan  2.23422e+00  1.20874e+07 
2762 122  8.26597e+01          nan  2.00025e+02          nan  6.44389e+02          nan  1.36827e+00  1.62071e+08 
2792  28  8.22578e+01          nan  2.03363e+02          nan  9.75147e+01          nan  1.54518e+00  9.04994e+07 
2840  11  4.47169e+01          nan  1.45313e+01          nan  8.90830e+01          nan  1.51053e+00  3.50891e+07 
2844  61  8.00817e+01          nan  2.49090e+02          nan  2.52436e+02          nan  1.41190e+00  1.47724e+08 
3104   6  7.17403e+01          nan  1.67586e+02          nan  1.45590e+01          nan  1.25000e+00  1.82691e+08 
3116  17  8.37148e+01          nan  9.84160e+01          nan  2.37952e+01          nan  1.62409e+00  2.18296e+07 
3378  25  8.25274e+01          nan  2.07839e+02          nan  9.61588e+01          nan  1.55816e+00  1.71532e+08 
3572 169  8.54384e+01          nan  1.03290e+02          nan  5.02070e+02          nan  1.70247e+00  9.76275e+07 
3614  29  8.38559e+01          nan  2.90432e+02          nan  1.15019e+02          nan  1.73921e+00  7.74416e+07 
3720  53  7.39087e+01          nan  1.55549e+02          nan  3.43090e+02          nan  1.43091e+00  1.02358e+08 
3820 111  8.45176e+01          nan  7.34961e+01          nan  2.36057e+02          nan  1.84482e+00  4.52035e+07 
3886 110  8.24844e+01          nan  2.26636e+02          nan  3.92811e+02          nan  1.47256e+00  1.33860e+08 
3928  72  7.16648e+01          nan  2.23360e+02          nan  2.16138e+02          nan  1.71135e+00  1.77574e+07 
3976  35  7.56315e+01          nan  1.01391e+02          nan  1.05788e+02          nan  1.40388e+00  1.05173e+08 
4010  20  7.70829e+01          nan  2.91768e+02          nan  4.69322e+01          nan  1.37787e+00  1.51602e+07 
4144  23  7.62277e+01          nan  1.66359e+01          nan  8.73718e+01          nan  1.84045e+00  5.57369e+07 
4174  30  8.46207e+01          nan  8.09494e+01          nan  7.83181e+01          nan  1.79632e+00  9.22214e+07 
4404  12  7.99013e+01          nan  1.05458e+02          nan  6.08575e+00          nan  1.94372e+00  1.49642e+07 
4428  82  7.92933e+01          nan  2.40959e+01          nan  4.17155e+02          nan  1.35047e+00  1.48169e+08 
4540  12  7.99428e+01          nan  2.00516e+02          nan  1.02040e+01          nan  1.62675e+00  1.01007e+07 
4614  10  8.05268e+01          nan  9.89789e+01          nan  5.78005e+00          nan  2.07843e+00  4.93634e+07 
4618  36  8.03144e+01          nan  2.32342e+02          nan  9.77853e+01          nan  1.33193e+00  1.20348e+08 
4932   7  7.35680e+01          nan  1.46465e+02          nan  4.12224e-01          nan  2.17912e+00  7.08911e+07 
5088  37  7.74023e+01          nan  6.74333e+01          nan  8.98389e+01          nan  1.79770e+00  2.42497e+07 
5094  59  7.53943e+01          nan  3.98251e+01          nan  8.72743e+01          nan  2.07210e+00  1.08703e+07 
5114  45  7.37082e+01          nan  1.69198e+02          nan  9.66822e+01          nan  1.64692e+00  4.27493e+07 
5140  31  8.52807e+01          nan  2.21506e+02          nan  4.43781e+01          nan  2.02289e+00  4.85074e+07 
5162  60  8.65777e+01          nan  3.32249e+02          nan  6.21868e+01          nan  2.76083e+00  2.86822e+07 
5240  23  8.19232e+01          nan  2.51031e+02          nan  1.06896e+02          nan  1.72625e+00  6.25890e+07 
5250  64  8.26324e+01          nan  4.07098e+01          nan  3.33463e+02          nan  1.26954e+00  1.62978e+08 
5340  10  8.28361e+01          nan  3.09235e+02          nan  9.19399e+00          nan  2.41171e+00  1.14386e+07 
5354  45  8.54207e+01          nan  1.91916e+02          nan  3.01849e+02          nan  1.63812e+00  7.26724e+07 
5380  23  8.31137e+01          nan  1.16629e+02          nan  8.16982e+01          nan  1.61557e+00  1.72705e+08 
5422  21  7.99056e+01          nan  2.25554e+02          nan  7.08718e+01          nan  1.48505e+00  1.52491e+08 
5530  66  7.83660e+01          nan  3.48349e+02          nan  1.22642e+02          nan  2.81025e+00  9.31926e+06 
5626   8  7.39478e+01          nan  2.77484e+01          nan  1.34860e+01          nan  1.74232e+00  7.27183e+07 
5636  27  8.07694e+01          nan  2.29684e+02          nan  1.14307e+02          nan  1.44934e+00  1.21205e+08 
5720  13  8.46778e+01          nan  3.29630e+02          nan  9.67907e+00          nan  3.00000e+00  1.89509e+07 
5764  20  8.00764e+01          nan  4.19559e+01          nan  3.04606e+01          nan  1.97508e+00  1.41236e+07 
5980  41  8.66534e+01          nan  1.00425e+02          nan  6.41189e+01          nan  2.00825e+00  8.70823e+07 
6012  15  7.94323e+01          nan  1.99043e+02          nan  8.14757e+01          nan  1.58498e+00  4.48498e+07 
6076   8  7.71389e+01          nan  9.59693e+01          nan  6.01349e+00          nan  2.08068e+00  1.61531e+07 
6078  49  6.62278e+01          nan  8.08494e+01          nan  3.00727e+02          nan  2.85751e+00  4.13709e+07 
6108  41  8.06156e+01          nan  1.16459e+02          nan  8.86074e+01          nan  2.15219e+00  1.36719e+07 
6310  11  5.31857e+01          nan  1.67204e+02          nan  1.05690e+01          nan  2.76273e+00  7.51580e+06 
6350  14  7.79423e+01          nan  2.25630e+02          nan  5.61534e+01          nan  1.60616e+00  8.64095e+07 
6638   8  3.35490e+01          nan  3.19250e+02          nan  3.79081e+01          nan  1.27353e+00  1.33075e+08 
6732  11  8.49203e+01          nan  2.10486e+02          nan  7.20891e+00          nan  3.00000e+00  2.23505e+07 
6744  67  8.72335e+01          nan  3.98729e+01          nan  6.91019e+01          nan  2.18733e+00  3.62732e+07 
6842  10  7.65048e+01          nan  1.40160e+02          nan  2.24136e+01          nan  1.41390e+00  4.43184e+07 
6908 137  8.54084e+01          nan  3.58576e+02          nan  2.06136e+03          nan  1.71697e+00  9.17642e+07 
7024  21  7.66461e+01          nan  3.48346e+02          nan  4.34746e+01          nan  1.57867e+00  7.11903e+07 
7090  10  8.66204e+01          nan  2.08082e+02          nan  2.71849e+00          nan  2.58111e+00  2.63640e+07 
7154  28  8.58565e+01          nan  3.16212e+01          nan  2.91667e+01          nan  2.49999e+00  2.20552e+07 
7222 134  8.63784e+01          nan  2.23875e+02          nan  2.97335e+02          nan  2.34260e+00  3.95642e+07 
7304  13  7.92179e+01          nan  2.25074e+02          nan  3.86368e+01          nan  1.56122e+00  7.24961e+07 
7396   9  4.45516e+01          nan  1.14039e+02          nan  1.20885e+02          nan  1.51912e+00  4.82001e+07 
7404   9  7.61392e+01          nan  2.93132e+02          nan  2.39489e+01          nan  1.28728e+00  3.44813e+07 
7426   6  7.35184e+01          nan  1.26913e+02          nan  4.56370e+00          nan  1.31408e+00  7.54840e+07 
7428  80  8.25534e+01          nan  1.17793e+02          nan  2.61925e+02          nan  1.53971e+00  1.25669e+08 
7466   7  5.38798e+01          nan  2.65131e+02          nan  9.93924e+00          nan  1.63835e+00  1.50207e+07 
7550  13  6.13687e+01          nan  2.66529e+02          nan  7.75907e+01          nan  3.00000e+00  9.41727e+06 
7672  36  8.30684e+01          nan  3.52505e+02          nan  1.44083e+02          nan  1.67151e+00  4.30270e+07 
7758   6  7.97091e+01          nan  3.00585e+02          nan  3.77294e+00          nan  3.00000e+00  1.16224e+07 
7972  65  8.24935e+01          nan  3.11763e+02          nan  1.02162e+02          nan  2.65392e+00  1.63295e+07 
7984  12  5.23509e+01          nan  1.79693e+01          nan  1.02604e+02          nan  3.00000e+00  1.50967e+07 
8056  16  8.09816e+01          nan  3.31548e+02          nan  2.62412e+01          nan  1.89905e+00  3.90125e+07 
8134   7  7.47398e+01          nan  8.30160e+01          nan  6.14459e+01          nan  2.84177e+00  6.10294e+07 
8236   8  8.39419e+01          nan  1.57753e+02          nan  4.40545e+00          nan  3.00000e+00  1.92369e+07 
8294  23  8.11621e+01          nan  2.00617e+02          nan  4.48416e+01          nan  2.07750e+00  2.45328e+07 
8300  16  7.96585e+01          nan  3.40805e+02          nan  8.91889e+01          nan  1.50750e+00  6.84391e+07 
8304  91  8.43204e+01          nan  6.17297e+01          nan  1.29665e+02          nan  2.72439e+00  2.22445e+07 
8352  11  8.03518e+01          nan  3.00422e+02          nan  1.58469e+01          nan  1.83143e+00  3.62845e+07 
8362  18  7.81282e+01          nan  1.64424e+02          nan  1.04466e+02          nan  1.63833e+00  9.46660e+07 
8376  51  6.76461e+01          nan  7.83630e+01          nan  2.59227e+02          nan  3.00000e+00  2.09835e+07 
8414  46  8.67041e+01          nan  2.62677e+02          nan  1.11709e+02          nan  1.87179e+00  6.20888e+07 
8444  46  8.39235e+01          nan  8.87356e+01          nan  1.85622e+02          nan  1.67039e+00  6.82763e+07 
8568   7  7.50410e+01          nan  3.23611e+02          nan  1.11407e+01          nan  1.28987e+00  8.77324e+07 
8638  46  8.64631e+01          nan  2.94475e+02          nan  1.25220e+02          nan  1.89602e+00  5.89319e+07 
8682   8  7.65265e+01          nan  6.31111e+01          nan  1.80839e+01          nan  1.38079e+00  1.69261e+08 
8700 187  8.62502e+01          nan  2.74753e+02          nan  3.38936e+02          nan  1.83534e+00  8.61874e+07 
8906   8  7.02697e+01          nan  1.84459e+02          nan  3.83474e+00          nan  1.36183e+00  2.67026e+07 
8974  16  7.90916e+01          nan  2.61460e+02          nan  1.36872e+01          nan  1.81291e+00  1.98381e+07 
8988  22  8.14550e+01          nan  1.35481e+02          nan  1.34564e+02          nan  1.54406e+00  9.95533e+07 
9040  99  8.60282e+01          nan  3.25180e+02          nan  1.80268e+02          nan  2.68079e+00  3.03431e+07 
9164  28  7.70606e+01          nan  2.10167e+02          nan  5.86538e+01          nan  2.35988e+00  1.15585e+07 
9314   6  7.50490e+01          nan  2.54233e+02          nan  9.11538e-01          nan  2.60066e+00  2.83745e+07 
9378  24  5.75948e+01          nan  1.62555e+02          nan  8.39753e+01          nan  3.00000e+00  2.60552e+07 
9494  22  8.07356e+01          nan  6.80417e+01          nan  9.17790e+01          nan  1.28916e+00  1.60530e+08 
9584  16  6.33992e+01          nan  2.48524e+01          nan  1.36459e+02          nan  1.25000e+00  1.46211e+08 
9608  86  8.71330e+01          nan  7.39251e+01          nan  1.12518e+02          nan  2.70691e+00  3.74756e+07 
9688   9  7.67578e+01          nan  4.46671e+01          nan  1.67705e+01          nan  1.34405e+00  6.33521e+07 
9906  47  7.10399e+01          nan  8.17370e+01          nan  5.41442e+01          nan  2.40095e+00  9.43747e+06 
9948  29  7.20592e+01          nan  1.62222e+02          nan  1.57807e+02          nan  1.34486e+00  9.68899e+07 
10150  38  8.23832e+01          nan  2.96853e+02          nan  1.70964e+02          nan  1.39248e+00  1.38800e+08 
10282   7  4.50940e+01          nan  1.17364e+00          nan  5.45978e+01          nan  1.46597e+00  4.31234e+07 
10288   6  7.94150e+01          nan  1.56910e+02          nan  3.14120e+00          nan  3.00000e+00  8.05864e+06 
10366  34  8.31702e+01          nan  7.98302e+00          nan  1.43517e+02          nan  1.27137e+00  2.03936e+08 
10444  34  8.61041e+01          nan  1.02596e+02          nan  2.22668e+01          nan  2.97565e+00  2.62862e+07 
10708  14  8.67728e+01          nan  1.99762e+02          nan  5.18703e+00          nan  3.00000e+00  2.64012e+07 
10742 128  7.88972e+01          nan  1.69548e+02          nan  5.07481e+02          nan  1.50785e+00  1.13037e+08 
10752   7  7.76136e+01          nan  2.33046e+02          nan  7.27695e+00          nan  2.50907e+00  1.60764e+07 
10794 109  8.56921e+01          nan  1.57368e+02          nan  1.59293e+02          nan  1.77759e+00  9.34174e+07 
10812  27  5.62339e+01          nan  2.37060e+02          nan  2.20187e+02          nan  2.01087e+00  1.17625e+08 
10814 194  8.65346e+01          nan  7.39181e+01          nan  3.03686e+02          nan  2.08514e+00  4.97493e+07 
10906  12  7.97005e+01          nan  1.64739e+02          nan  2.08719e+01          nan  1.59776e+00  5.55515e+07 
10918  11  7.87912e+01          nan  2.58618e+02          nan  3.43066e+01          nan  1.67247e+00  7.62901e+07 
10928  19  8.06442e+01          nan  1.32910e+02          nan  5.97199e+01          nan  1.50395e+00  4.52632e+07 
11086  15  7.33001e+01          nan  5.56649e+01          nan  9.15899e+01          nan  1.44766e+00  1.49802e+08 
11282  18  8.09566e+01          nan  2.93503e+02          nan  4.92305e+01          nan  2.31281e+00  4.17774e+07 
11286  11  7.90491e+01          nan  3.55775e+02          nan  1.75784e+01          nan  1.68978e+00  7.07804e+07 
11376  14  7.99354e+01          nan  2.91377e+02          nan  9.32593e+01          nan  1.25000e+00  2.81225e+08 
11378  38  7.65365e+01          nan  6.91735e+01          nan  1.07674e+02          nan  1.45215e+00  8.28086e+07 
11464  41  7.19394e+01          nan  3.11210e+02          nan  1.10884e+03          nan  3.00000e+00  1.28601e+07 
11514  14  8.04326e+01          nan  1.11399e+02          nan  2.42362e+01          nan  1.78151e+00  2.41841e+07 
11634  15  6.75179e+01          nan  1.58607e+02          nan  1.21548e+01          nan  2.21111e+00  1.10233e+07 
11670  12  4.94496e+01          nan  9.51235e+01          nan  6.81865e+02          nan  3.00000e+00  1.00000e+10 
11688  96  8.04892e+01          nan  2.89826e+02          nan  6.05528e+03          nan  1.25000e+00  5.86397e+07 
11772  13  5.77967e+01          nan  1.98220e+01          nan  2.39493e+02          nan  3.00000e+00  5.42485e+06 
11832  44  8.42550e+01          nan  3.39202e+02          nan  1.67204e+02          nan  1.62686e+00  1.32638e+08 
11866  30  8.37361e+01          nan  1.15039e+02          nan  3.68474e+01          nan  2.27931e+00  3.59984e+07 
11980  11  8.28945e+01          nan  6.65727e+01          nan  6.66739e+00          nan  2.94833e+00  1.35023e+07 
12158 101  8.35370e+01          nan  2.30393e+02          nan  4.84481e+02          nan  1.35951e+00  1.26428e+08 
12160 161  8.41446e+01          nan  4.54455e+01          nan  2.86168e+02          nan  1.95325e+00  4.35234e+07 
12202   6  4.93065e+01          nan  6.89440e+01          nan  5.93970e+01          nan  3.00000e+00  2.94476e+06 
12318   6  7.48896e+01          nan  1.40593e+02          nan  3.39446e+00          nan  1.61572e+00  2.67933e+07 
12400  23  8.04247e+01          nan  2.59664e+02          nan  1.09325e+02          nan  1.44581e+00  9.50723e+07 
12444   7  7.61730e+01          nan  3.31884e+02          nan  4.17263e+01          nan  1.31042e+00  3.56586e+07 
12490  77  7.70024e+01          nan  2.45291e+02          nan  1.08726e+02          nan  2.15038e+00  1.15225e+07 
12586 104  8.53634e+01          nan  1.22413e+02          nan  3.00871e+02          nan  1.67241e+00  1.28387e+08 
12644   7  4.60989e+01          nan  3.23262e+02          nan  6.40422e+00          nan  2.42406e+00  9.88113e+06 
12984  28  8.24286e+01          nan  2.83213e+02          nan  6.87131e+01          nan  1.63802e+00  5.11276e+07 
13018  85  8.36186e+01          nan  7.43528e+00          nan  4.96140e+02          nan  1.25000e+00  1.45838e+08 
13056   6  4.59014e+01          nan  2.65049e+02          nan  5.01801e+02          nan  3.00000e+00  7.80737e+06 
13086  97  8.34439e+01          nan  3.51320e+02          nan  2.17624e+02          nan  2.04602e+00  3.24714e+07 
13342   8  7.65455e+01          nan  7.12479e+01          nan  2.00663e+01          nan  1.25000e+00  3.68646e+07 
13466  35  8.50776e+01          nan  3.14540e+02          nan  1.06993e+02          nan  1.96535e+00  5.98351e+07 
13614  31  7.96606e+01          nan  3.02637e+02          nan  8.58734e+01          nan  1.44600e+00  9.54735e+07 
13698  11  8.02965e+01          nan  1.54271e+02          nan  8.53068e+01          nan  3.00000e+00  2.07733e+07 
13778   6  7.17715e+01          nan  2.69702e+02          nan  4.40249e+01          nan  1.25000e+00  1.43387e+08 
13784  24  8.18179e+01          nan  3.46536e+02          nan  9.66665e+01          nan  1.50668e+00  6.65953e+07 
13802 119  8.51974e+01          nan  2.73411e+02          nan  5.12813e+02          nan  1.38122e+00  1.90675e+08 
13830  61  8.28898e+01          nan  2.09629e+02          nan  1.60974e+02          nan  1.83550e+00  4.64460e+07 
13844   7  3.66512e+01          nan  1.36538e+02          nan  1.08154e+02          nan  1.83286e+00  4.07934e+07 
13862  22  8.49130e+01          nan  7.11302e+01          nan  4.03946e+01          nan  2.70741e+00  2.68728e+07 
14064   8  7.91536e+01          nan  8.93410e+01          nan  1.64406e+01          nan  2.40679e+00  2.46359e+07 
14066  42  7.63021e+01          nan  2.30068e+02          nan  7.29078e+01          nan  2.16084e+00  1.11053e+07 
14122  43  8.76665e+01          nan  1.67091e+02          nan  3.01399e+01          nan  2.57646e+00  3.31916e+07 
14234  16  7.68584e+01          nan  1.55545e+02          nan  6.05790e+01          nan  1.25000e+00  1.02009e+08 
14298 126  8.45506e+01          nan  1.19445e+02          nan  3.97406e+02          nan  1.58711e+00  1.72396e+08 
14426  88  8.67190e+01          nan  2.06219e+02          nan  1.91071e+02          nan  1.82166e+00  8.26535e+07 
14724  28  8.62553e+01          nan  1.75350e+02          nan  1.22890e+02          nan  2.19662e+00  2.97284e+07 
14764  44  8.56294e+01          nan  2.10347e+02          nan  8.10609e+01          nan  1.74913e+00  1.04119e+08 
14838  13  8.10789e+01          nan  6.76112e+01          nan  9.57045e+02          nan  3.00000e+00  1.00000e+10 
14848  50  8.66063e+01          nan  1.36903e+01          nan  1.74590e+02          nan  1.61366e+00  1.09604e+08 
15032   7  4.86863e+01          nan  2.93081e+02          nan  1.81681e+01          nan  2.40339e+00  9.58887e+06 
15086  52  7.71908e+01          nan  3.21393e+02          nan  2.26361e+02          nan  1.28448e+00  1.24150e+08 
15176  27  8.60007e+01          nan  6.64070e+01          nan  2.96620e+01          nan  1.85660e+00  7.86912e+07 
15186  36  8.40966e+01          nan  1.20381e+02          nan  9.15125e+01          nan  1.82479e+00  4.52701e+07 
15188  26  8.22695e+01          nan  2.97012e+02          nan  6.06450e+02          nan  2.46789e+00  3.89211e+07 
15196 191  8.54092e+01          nan  1.71361e+02          nan  2.95231e+02          nan  1.88227e+00  6.24816e+07 
15220  27  7.79185e+01          nan  3.13094e+02          nan  8.67353e+01          nan  1.31134e+00  9.30670e+07 
15252  11  8.37876e+01          nan  2.98479e+02          nan  7.50956e+00          nan  2.32155e+00  1.76444e+07 
15502   8  7.73355e+01          nan  1.53252e+01          nan  2.88364e+01          nan  2.24200e+00  2.64181e+07 
15592  16  7.80523e+01          nan  7.13039e+01          nan  1.00531e+02          nan  1.25000e+00  1.86761e+08 
15706   6  7.21755e+01          nan  2.04661e+02          nan  2.25800e+01          nan  1.25000e+00  1.05566e+08 
15722   6  4.16028e+01          nan  2.31473e+02          nan  1.22153e+02          nan  1.97728e+00  8.87749e+07 
15754  40  6.78641e+01          nan  2.06699e+01          nan  1.67078e+02          nan  2.41912e+00  7.11575e+07 
15780  36  8.66626e+01          nan  1.65170e+02          nan  4.98151e+01          nan  1.73829e+00  1.33926e+08 
15788  22  8.62704e+01          nan  7.25522e+01          nan  1.14230e+01          nan  3.00000e+00  2.61049e+07 
15970  10  7.53619e+01          nan  2.29204e+00          nan  3.19286e+01          nan  1.28636e+00  1.06379e+08 
15978   7  4.99994e+01          nan  1.06069e+02          nan  2.44977e+01          nan  2.52047e+00  3.10155e+06 
16260 204  8.62283e+01          nan  1.11371e+02          nan  3.67217e+02          nan  1.89421e+00  1.07924e+08 
16358   8  7.49699e+01          nan  1.01680e+02          nan  1.33141e+01          nan  1.45344e+00  1.27897e+08 
16390  26  8.31027e+01          nan  8.18925e+01          nan  8.47340e+01          nan  1.72424e+00  5.73901e+07 
16422   7  7.60481e+01          nan  3.32370e+02          nan  1.44256e+01          nan  2.99577e+00  1.24687e+07 
16482  14  7.67473e+01          nan  3.04610e+02          nan  5.69754e+00          nan  3.00000e+00  6.49086e+06 
16510  81  8.49674e+01          nan  7.87668e+01          nan  1.46911e+02          nan  2.29523e+00  3.10108e+07 
16554   6  3.25530e+01          nan  9.59772e+01          nan  6.37211e+01          nan  1.25000e+00  3.53484e+07 
16710   9  7.90682e+01          nan  1.47890e+02          nan  4.37849e+01          nan  3.00000e+00  1.01217e+08 
16920   6  7.75622e+01          nan  5.43501e+01          nan  2.15977e+00          nan  1.82233e+00  1.72556e+07 
16986  22  8.26991e+01          nan  1.81835e+02          nan  1.18062e+01          nan  2.16505e+00  1.85965e+07 
16990  15  7.95966e+01          nan  6.94115e+01          nan  4.10910e+01          nan  1.62809e+00  4.18497e+07 
17124  24  8.29975e+01          nan  5.78525e+01          nan  2.63483e+01          nan  2.16667e+00  1.25231e+08 
17152   6  7.29494e+01          nan  2.96074e+01          nan  2.11263e+01          nan  1.25000e+00  4.69931e+07 
17388  40  8.14316e+01          nan  1.54112e+02          nan  1.40572e+02          nan  1.38552e+00  1.43568e+08 
17400  38  8.45468e+01          nan  1.79356e+02          nan  1.31478e+02          nan  1.60832e+00  1.41564e+08 
17404   7  7.65586e+01          nan  2.68531e+02          nan  6.92914e+02          nan  3.00000e+00  1.20460e+07 
17432  27  8.24671e+01          nan  2.12058e+02          nan  1.22902e+02          nan  1.31189e+00  1.52755e+08 
17700   7  8.40752e+01          nan  1.41609e+02          nan  3.08958e+00          nan  1.85774e+00  2.76912e+07 
17842  45  8.30839e+01          nan  1.85730e+02          nan  2.28273e+02          nan  1.48183e+00  1.47915e+08 
17846  57  7.89687e+01          nan  2.54775e+02          nan  1.51668e+02          nan  1.50365e+00  5.62982e+07 
17876   6  7.37492e+01          nan  6.86531e+01          nan  3.15978e+01          nan  1.25000e+00  5.46402e+07 
17954 203  8.70341e+01          nan  6.53806e+01          nan  3.60873e+02          nan  1.92094e+00  8.14206e+07 
18150 108  8.01254e+01          nan  3.19159e+00          nan  2.62398e+02          nan  1.83826e+00  2.84491e+07 
18218   7  7.31912e+01          nan  6.54003e+01          nan  2.03125e+01          nan  1.25000e+00  1.60088e+08 
18226  33  8.44186e+01          nan  2.49042e+02          nan  5.76873e+01          nan  2.21399e+00  3.15405e+07 
18436   8  7.61198e+01          nan  2.76425e+02          nan  2.49676e+02          nan  2.88384e+00  2.49814e+07 
18606 148  8.33542e+01          nan  2.88911e+02          nan  2.79437e+02          nan  1.78242e+00  3.28962e+07 
18666   8  7.82820e+01          nan  2.48789e+02          nan  6.55498e+02          nan  3.00000e+00  1.64937e+07 
18804   7  7.62006e+01          nan  3.88089e+01          nan  4.70252e+00          nan  1.79351e+00  3.27544e+07 
18830   6  4.19393e+01          nan  3.60998e+02          nan  1.20839e+02          nan  2.99999e+00  2.96622e+07 
19250  18  7.89283e+01          nan  2.40666e+01          nan  1.00498e+02          nan  1.32140e+00  1.72502e+08 
19388  46  8.55046e+01          nan  1.99562e+02          nan  1.03937e+02          nan  1.70998e+00  9.95162e+07 
19390  15  8.02755e+01          nan  7.23863e+01          nan  4.87865e+01          nan  1.86765e+00  2.50345e+07 
19400  37  8.54930e+01          nan  2.04812e+02          nan  1.31957e+02          nan  1.72997e+00  1.05617e+08 
19462  76  8.13876e+01          nan  1.71469e+02          nan  1.29744e+02          nan  1.74163e+00  3.74527e+07 
19512  69  7.98426e+01          nan  2.87230e+02          nan  1.20914e+02          nan  2.15337e+00  2.32430e+07 
19626   6  7.51996e+01          nan  1.45914e+02          nan  4.52683e+00          nan  3.00000e+00  8.09881e+06 
19732   6  7.71180e+01          nan  1.95463e+02          nan  3.40982e+02          nan  1.25000e+00  2.18133e+07 
19758  32  8.12562e+01          nan  8.19728e+01          nan  1.44450e+02          nan  1.39598e+00  1.99559e+08 
19834  14  7.91857e+01          nan  7.69663e+01          nan  4.00791e+01          nan  2.46946e+00  1.17874e+07 
19898  12  8.64235e+01          nan  2.51854e+02          nan  7.83466e+00          nan  2.01295e+00  3.07253e+07 
19940  60  8.26532e+01          nan  2.29223e+02          nan  2.73755e+02          nan  1.39664e+00  1.22227e+08 
19978  46  8.64408e+01          nan  1.22766e+02          nan  8.65114e+01          nan  1.90961e+00  5.38701e+07 
20026   8  7.00000e+01          nan  2.16059e+02          nan  5.38560e+02          nan  3.00000e+00  5.98313e+06 
20098 167  8.54676e+01          nan  5.40810e+01          nan  1.66158e+03          nan  1.53531e+00  1.24795e+08 
20112  77  7.58367e+01          nan  6.61420e+01          nan  3.53743e+02          nan  1.42823e+00  9.37815e+07 
20148  17  8.47114e+01          nan  2.22129e+02          nan  1.24441e+01          nan  1.99824e+00  1.98203e+07 
20210  10  7.83481e+01          nan  1.81210e+01          nan  5.04001e+00          nan  2.60807e+00  1.99682e+07 
20468  20  8.44308e+01          nan  3.14583e+02          nan  1.58288e+01          nan  2.30229e+00  2.26559e+07 
20490   6  7.37549e+01          nan  2.73098e+02          nan  1.48239e+01          nan  1.25000e+00  1.17855e+08 
20532   6  7.48219e+01          nan  2.28089e+02          nan  1.85835e+01          nan  1.95819e+00  2.49929e+07 
20590 202  8.61292e+01          nan  3.24266e+02          nan  4.68815e+02          nan  1.73107e+00  1.47866e+08 
20616   8  7.49578e+01          nan  1.76879e+02          nan  1.37331e+01          nan  2.04500e+00  1.31534e+08 
20650  11  7.49696e+01          nan  3.07286e+02          nan  4.75246e+00          nan  1.52193e+00  7.46781e+07 
20782 185  8.63530e+01          nan  3.37843e+02          nan  4.54409e+02          nan  1.87096e+00  6.82022e+07 
20788   6  7.37726e+01          nan  2.67373e+02          nan  1.26218e-01          nan  1.60345e+00  3.44724e+07 
20790   9  4.64155e+01          nan  2.66592e+02          nan  1.73432e+02          nan  1.34221e+00  4.85675e+07 
20878  15  8.01872e+01          nan  3.14775e+02          nan  2.01176e+01          nan  2.60230e+00  1.45541e+07 
20956   6  7.35913e+01          nan  1.78012e+02          nan  6.76788e+00          nan  3.00000e+00  1.24526e+07 
20962 106  8.34467e+01          nan  7.24556e+01          nan  1.96277e+02          nan  1.66849e+00  5.24271e+07 
21048 148  8.18852e+01          nan  2.74663e+02          nan  2.89853e+02          nan  1.55147e+00  8.34632e+07 
21060  17  7.93518e+01          nan  9.17275e+01          nan  3.29372e+01          nan  1.67091e+00  2.52177e+07 
21090  10  7.91652e+01          nan  8.30955e+00          nan  1.29013e+01          nan  3.00000e+00  2.03810e+07 
21124  96  8.11308e+01          nan  1.03870e+02          nan  5.12524e+02          nan  1.33510e+00  1.70457e+08 
21130 108  8.16321e+01          nan  2.33216e+02          nan  3.11228e+02          nan  1.69614e+00  5.10071e+07 
21148  23  8.06447e+01          nan  3.33936e+02          nan  1.04571e+02          nan  1.25569e+00  7.73507e+07 
21198  88  8.03597e+01          nan  2.66235e+02          nan  3.31412e+02          nan  1.49872e+00  9.61097e+07 
21324 132  8.27788e+01          nan  2.80931e+02          nan  4.96889e+02          nan  1.65262e+00  9.95310e+07 
21382  38  8.57939e+01          nan  3.56828e+02          nan  5.95356e+01          nan  2.18889e+00  4.00381e+07 
21646   6  3.91749e+01          nan  2.20916e+02          nan  2.50338e+00          nan  1.81555e+00  1.50885e+07 
21684   6  7.49762e+01          nan  2.90379e+02          nan  9.20950e+00          nan  2.39109e+00  4.65666e+07 
21770  20  8.00705e+01          nan  3.23078e+01          nan  1.24746e+01          nan  3.00000e+00  9.10853e+06 
21806  35  8.40365e+01          nan  3.39920e+02          nan  1.27961e+02          nan  1.55581e+00  1.18567e+08 
21896  19  8.42192e+01          nan  3.46002e+01          nan  1.05408e+01          nan  3.00000e+00  1.70312e+07 
22066  19  7.62628e+01          nan  3.06819e+02          nan  6.42375e+01          nan  1.32670e+00  5.50431e+07 
22314  11  7.73301e+01          nan  3.24890e+02          nan  2.68030e+01          nan  2.74122e+00  8.76206e+07 
22352  13  7.66979e+01          nan  1.08677e+01          nan  5.55338e+01          nan  1.25000e+00  1.47411e+08 
22422  26  8.07199e+01          nan  2.78332e+02          nan  4.04690e+01          nan  1.74785e+00  2.70589e+07 
22444  43  8.55259e+01          nan  2.53047e+02          nan  8.74001e+01          nan  2.06823e+00  4.40182e+07 
22484  13  8.05675e+01          nan  2.50840e+02          nan  4.56248e+02          nan  1.25260e+00  1.02529e+08 
22540  10  7.70297e+01          nan  1.35336e+02          nan  9.07758e+00          nan  2.31113e+00  2.10680e+07 
22542 173  8.36897e+01          nan  6.96230e+01          nan  2.79890e+02          nan  1.82472e+00  5.18606e+07 
22560 136  8.52789e+01          nan  2.47703e+02          nan  5.89135e+02          nan  1.40597e+00  1.87103e+08 
22590   9  7.81727e+01          nan  2.27748e+02          nan  4.60719e+00          nan  2.46273e+00  1.36422e+07 
22600  22  8.27959e+01          nan  8.67796e+01          nan  2.85287e+01          nan  2.00268e+00  5.14405e+07 
22728  25  8.18677e+01          nan  1.13310e+02          nan  7.58849e+01          nan  2.01269e+00  2.67727e+07 
22778  42  7.66470e+01          nan  7.95352e+01          nan  8.55993e+01          nan  2.23918e+00  1.19084e+07 
22872 206  8.71152e+01          nan  1.53977e+02          nan  6.98811e+02          nan  1.50513e+00  1.33795e+08 
23002  12  7.19936e+01          nan  1.70680e+02          nan  3.17328e+01          nan  1.37048e+00  6.13299e+07 
23064   7  7.43969e+01          nan  3.08810e+02          nan  2.16621e+01          nan  1.49571e+00  4.40461e+07 
23112 127  8.61149e+01          nan  3.08136e+02          nan  2.64473e+02          nan  2.40584e+00  3.74296e+07 
23186  11  7.76882e+01          nan  3.27012e+00          nan  5.53115e+01          nan  1.69104e+00  1.37836e+08 
23216  14  7.85830e+01          nan  1.63603e+02          nan  2.83694e+01          nan  1.67058e+00  5.32438e+07 
23268  30  8.12259e+01          nan  1.68380e+02          nan  1.20531e+02          nan  1.48321e+00  1.24123e+08 
23274  25  6.40905e+01          nan  1.70680e+02          nan  9.38057e+02          nan  3.00000e+00  6.65763e+06 
23286  41  8.19446e+01          nan  2.68182e+02          nan  8.33391e+01          nan  1.57191e+00  3.95541e+07 
23296  22  8.08942e+01          nan  1.16204e+02          nan  2.52565e+01          nan  1.73394e+00  5.39513e+07 
23308  12  7.84528e+01          nan  2.15851e+02          nan  3.10841e+01          nan  1.64203e+00  4.70497e+07 
23368   8  4.52323e+01          nan  5.70814e+01          nan  6.12517e+01          nan  3.00000e+00  2.82252e+07 
23382  17  8.13356e+01          nan  2.82368e+02          nan  3.06887e+01          nan  1.76700e+00  4.24490e+07 
23450  12  7.77884e+01          nan  2.80115e+02          nan  4.68964e+01          nan  1.69766e+00  3.30953e+07 
23480   6  7.29732e+01          nan  1.63887e+02          nan  8.40464e+00          nan  1.81843e+00  1.81580e+07 
23630  41  8.05587e+01          nan  1.33925e+02          nan  9.43732e+01          nan  1.91429e+00  3.43364e+07 
23690 107  7.93383e+01          nan  2.62222e+02          nan  3.36370e+02          nan  1.52805e+00  8.04251e+07 
23708   8  7.69162e+01          nan  1.96844e+02          nan  5.68076e+00          nan  1.67611e+00  3.28153e+07 
23802   9  7.63081e+01          nan  7.81788e+01          nan  2.57589e+01          nan  1.27062e+00  6.51754e+07 
23876  12  8.71429e+01          nan  3.57509e+02          nan  8.52327e+00          nan  2.27985e+00  3.73488e+07 
23900  16  7.90361e+01          nan  1.28720e+02          nan  3.50922e+01          nan  1.43505e+00  8.37337e+07 
23930  57  8.01261e+01          nan  5.55395e+01          nan  2.87947e+02          nan  1.35819e+00  1.34104e+08 
23956  10  7.78637e+01          nan  2.82835e+02          nan  1.84373e+01          nan  1.46895e+00  1.50610e+08 
23964  41  8.05476e+01          nan  2.09606e+02          nan  4.71608e+01          nan  3.00000e+00  8.89841e+06 
24046 112  8.01023e+01          nan  2.79942e+02          nan  2.60843e+02          nan  1.90060e+00  3.37709e+07 
24054  15  7.76043e+01          nan  3.04983e+02          nan  1.26561e+01          nan  3.00000e+00  6.92566e+06 
24070  93  7.98466e+01          nan  3.44120e+02          nan  1.76150e+02          nan  2.44895e+00  1.33667e+07 
24124 106  7.46266e+01          nan  8.01229e+01          nan  4.72037e+02          nan  1.40531e+00  1.40732e+08 
24144  75  8.66152e+01          nan  1.27144e+02          nan  1.23492e+02          nan  2.19521e+00  3.47147e+07 
24148 170  8.35093e+01          nan  3.49596e+01          nan  4.41027e+02          nan  1.95294e+00  3.22844e+07 
24160  12  7.64888e+01          nan  3.92002e+01          nan  8.31285e+01          nan  1.25000e+00  1.97007e+08 
24178   8  7.78410e+01          nan  2.48596e+02          nan  8.67012e+00          nan  2.07930e+00  3.23805e+07 
24198  20  8.17008e+01          nan  4.48120e+01          nan  2.01204e+01          nan  2.33555e+00  2.33120e+07 
24226 174  8.43535e+01          nan  1.95954e+02          nan  6.44125e+02          nan  1.54595e+00  1.35284e+08 
24280 145  8.43276e+01          nan  9.12605e+01          nan  3.07767e+02          nan  1.69345e+00  9.49488e+07 
24562  19  8.21372e+01          nan  9.41146e+01          nan  3.25551e+01          nan  1.89820e+00  4.51679e+07 
24580   9  7.52566e+01          nan  9.25199e+01          nan  1.96201e+01          nan  1.32458e+00  5.75705e+07 
24806  28  8.42464e+01          nan  3.51401e+02          nan  1.15975e+02          nan  2.06316e+00  3.30571e+07 
24836   7  7.54225e+01          nan  3.05537e+02          nan  1.74967e+01          nan  1.66206e+00  5.44073e+07 
24950  71  8.65564e+01          nan  1.50127e+02          nan  1.17213e+02          nan  2.27142e+00  3.68055e+07 
24966  14  8.01286e+01          nan  5.79866e+01          nan  3.64864e+01          nan  1.66160e+00  3.06218e+07 
