0 159  3.02667e+08          nan  5.31051e+03  2.75775e+03  6.03912e+03  7.65562e+03  0.00000e+00  5.14102e+01  2.74429e+01
132  16  6.83920e+00          nan  8.48681e+04  2.16738e+02  1.55581e+04  8.60637e+04 -8.20201e+04  8.04396e+01  1.46323e-01
280  78  6.73508e+01          nan -1.28229e+04 -8.26837e+04  1.61550e+04  8.49869e+04 -8.28043e+04  7.99088e+01  2.61185e+02
336 110  1.01215e+02          nan  8.67540e+04  3.54878e+04  1.52864e+04  9.47748e+04 -8.77136e+04  8.14916e+01  2.22476e+01
410 128  9.29804e+01          nan  3.92792e+04 -4.00812e+04  1.39803e+04  5.75418e+04 -5.40505e+04  7.72326e+01  3.14421e+02
426  18  1.25938e+01          nan -3.81032e+04  5.94459e+04  1.30308e+04  7.15830e+04 -6.39393e+04  8.05388e+01  1.22659e+02
486   9  1.98248e+01          nan -5.56908e+04 -2.42185e+04  1.49849e+04  6.22596e+04 -5.79973e+04  7.72686e+01  2.03503e+02
688   8  1.88524e+00          nan  1.22650e+04  3.35783e+04  1.14826e+04  3.71800e+04 -3.60168e+04  7.40474e+01  6.99345e+01
728   8  1.16042e+00          nan  6.05271e+04 -7.57016e+03  1.49692e+04  6.25193e+04 -6.12649e+04  7.73370e+01  3.52871e+02
1146  10  3.51090e+00          nan  1.96785e+04 -5.25989e+04  1.44546e+04  5.76877e+04 -5.21732e+04  7.67821e+01  2.90512e+02
1150   8  1.34579e+00          nan  2.35976e+04  5.96776e+03  9.59907e+03  2.57281e+04 -2.65414e+04  7.10970e+01  1.41923e+01
1464   8  3.59290e+00          nan -9.89484e+03 -4.77216e+04  1.26785e+04  5.00555e+04 -5.06389e+04  7.68184e+01  2.58286e+02
1544  96  8.62261e+01          nan -6.90353e+04 -2.04088e+05  1.59301e+04  2.15947e+05 -2.08803e+05  8.61057e+01  2.51311e+02
1734  38  2.16280e+01          nan -1.68844e+04  3.95876e+04  1.36282e+04  4.47787e+04 -4.29371e+04  7.39713e+01  1.13099e+02
1752  46  2.98303e+01          nan  1.50750e+04  6.17665e+04  1.23126e+04  6.45324e+04 -6.38658e+04  8.01418e+01  7.62843e+01
1800  61  5.30879e+01          nan -2.52096e+05 -7.02924e+04 -8.34288e+03  2.61889e+05 -2.55223e+05  9.21023e+01  1.95580e+02
1882  18  2.39085e+01          nan  8.22396e+04  1.21721e+05  1.59567e+04  1.47632e+05 -1.43039e+05  8.42883e+01  5.59555e+01
1964  11  1.07631e+02          nan  5.84161e+04  4.28270e+04  1.54224e+04  7.38042e+04 -7.09583e+04  7.89400e+01  3.62465e+01
1970   9  6.33848e+00          nan  2.77779e+03  2.33128e+03  6.36548e+03  6.25908e+03 -6.55870e+03  3.54074e+01  4.00052e+01
2074  24  1.95889e+01          nan -9.14275e+04  2.45919e+04  1.51902e+04  9.56958e+04 -8.95145e+04  8.16323e+01  1.64945e+02
2096  25  1.61404e+01          nan  5.09548e+04  4.15985e+04  1.31004e+04  6.68350e+04 -6.70752e+04  7.97992e+01  3.92275e+01
2142 126  1.23653e+02          nan  4.54349e+04  4.11715e+04  1.45188e+04  6.27304e+04 -5.73172e+04  7.78016e+01  4.21817e+01
2180   6  1.85143e-01          nan -2.20848e+04  2.06919e+04  1.13105e+04  3.18877e+04 -2.86885e+04  7.16357e+01  1.36865e+02
2288  82  6.34979e+01          nan  6.10111e+04 -2.12913e+04  1.36042e+04  6.57872e+04 -5.90927e+04  7.91885e+01  3.40762e+02
2490   6  2.43686e+02          nan -1.40230e+04 -3.91453e+04  1.52193e+04  4.38605e+04 -4.58820e+04  7.14474e+01  2.50291e+02
2572   6  1.48546e-01          nan -2.49574e+04  4.69045e+03  1.43809e+04  2.85819e+04 -2.86621e+04  6.26823e+01  1.69356e+02
2678  13  9.21497e+00          nan -2.49817e+04  8.90695e+03  9.90301e+03  2.78936e+04 -2.85283e+04  7.19581e+01  1.60377e+02
2762 122  1.21680e+02          nan -1.04847e+05 -3.65977e+04  1.59895e+04  1.12023e+05 -1.04590e+05  8.24466e+01  1.99242e+02
2792  28  2.55640e+01          nan -9.67391e+04 -4.71786e+04  1.50760e+04  1.08513e+05 -1.01917e+05  8.26873e+01  2.05998e+02
2840  11  5.76118e+00          nan  1.00392e+04  2.49750e+03  1.24688e+04  1.52503e+04 -1.55406e+04  4.27159e+01  1.39701e+01
2844  61  5.13011e+01          nan -2.85961e+04 -6.90145e+04  1.44727e+04  7.58630e+04 -6.92647e+04  7.99730e+01  2.47493e+02
3104   6  6.21882e-01          nan -3.42707e+04  4.57550e+03  1.18545e+04  3.61604e+04 -3.16198e+04  7.29699e+01  1.72395e+02
3116  17  1.00188e+01          nan -1.49857e+04  1.28827e+05  1.61705e+04  1.30550e+05 -1.24126e+05  8.34435e+01  9.66351e+01
3378  25  9.62839e+00          nan -1.00193e+05 -4.59144e+04  1.53720e+04  1.11112e+05 -1.05798e+05  8.27054e+01  2.04620e+02
3572 169  1.42315e+02          nan -4.22659e+04  1.72855e+05  1.61406e+04  1.78569e+05 -1.70997e+05  8.52211e+01  1.03740e+02
3614  29  2.97566e+01          nan  3.63517e+04 -1.14363e+05  1.45765e+04  1.20738e+05 -1.15293e+05  8.36697e+01  2.87633e+02
3720  53  5.46767e+01          nan -3.54978e+04  1.76318e+04  1.28278e+04  4.12879e+04 -3.89608e+04  7.37352e+01  1.53586e+02
3820 111  1.14167e+02          nan  4.28776e+04  1.51539e+05  1.61813e+04  1.58193e+05 -1.51035e+05  8.45891e+01  7.42013e+01
3886 110  1.03766e+02          nan -7.43577e+04 -8.12849e+04  1.55026e+04  1.11081e+05 -1.03449e+05  8.26355e+01  2.27548e+02
3928  72  5.00369e+01          nan -2.66402e+04 -2.50920e+04  1.33657e+04  3.85456e+04 -3.71428e+04  7.17021e+01  2.23286e+02
3976  35  2.86656e+01          nan -1.10417e+04  4.55241e+04  1.31047e+04  4.83173e+04 -4.44624e+04  7.58145e+01  1.03634e+02
4010  20  1.02568e+01          nan  1.80298e+04 -4.89831e+04  1.39125e+04  5.37066e+04 -5.32953e+04  7.63782e+01  2.90208e+02
4144  23  7.73151e+00          nan  3.21114e+04  9.83165e+03  1.06320e+04  3.48650e+04 -3.55039e+04  7.44134e+01  1.70232e+01
4174  30  1.88313e+01          nan  1.99240e+04  1.62466e+05  1.63735e+04  1.64379e+05 -1.57951e+05  8.47260e+01  8.30084e+01
4404  12  2.67204e+00          nan -2.59879e+04  7.74080e+04  1.51812e+04  8.28315e+04 -7.66009e+04  8.03274e+01  1.08558e+02
4428  82  8.22118e+01          nan  6.97163e+04  2.95812e+04  1.51491e+04  7.69948e+04 -6.99889e+04  7.96105e+01  2.29919e+01
4540  12  1.10838e+01          nan -5.23984e+04 -2.30108e+04  1.09813e+04  5.80475e+04 -5.14450e+04  8.03632e+01  2.03709e+02
4614  10  4.01038e+00          nan -1.92051e+04  7.61250e+04  1.39803e+04  7.95333e+04 -7.61966e+04  8.07997e+01  1.04159e+02
4618  36  3.00199e+01          nan -4.66424e+04 -6.44431e+04  1.42951e+04  8.06116e+04 -7.30387e+04  8.06972e+01  2.34104e+02
4932   7  3.20217e+00          nan -2.63339e+04  2.09432e+04  1.08435e+04  3.49837e+04 -3.23182e+04  7.41079e+01  1.41505e+02
5088  37  3.31861e+01          nan  1.89661e+04  5.00102e+04  1.32786e+04  5.48186e+04 -5.11975e+04  7.73397e+01  6.92310e+01
5094  59  4.65766e+01          nan  4.01499e+04  3.25264e+04  1.51420e+04  5.35031e+04 -5.23873e+04  7.49663e+01  3.90118e+01
5114  45  4.25279e+01          nan -4.12108e+04  7.85991e+03  1.26763e+04  4.34781e+04 -3.83815e+04  7.47825e+01  1.69202e+02
5140  31  2.25783e+01          nan -1.32858e+05 -1.09703e+05  1.50118e+04  1.72844e+05 -1.66611e+05  8.54379e+01  2.19547e+02
5162  60  5.15622e+01          nan  2.01569e+05 -1.08074e+05  1.43249e+04  2.29086e+05 -2.22134e+05  8.67316e+01  3.31801e+02
5240  23  1.96084e+01          nan -2.97298e+04 -9.68161e+04  1.62345e+04  1.02378e+05 -9.82218e+04  8.15917e+01  2.52930e+02
5250  64  7.30625e+01          nan  8.42237e+04  6.90582e+04  1.52917e+04  1.09816e+05 -1.02991e+05  8.26611e+01  3.93496e+01
5340  10  1.23617e+01          nan  5.59714e+04 -6.43007e+04  1.22254e+04  8.59508e+04 -8.02132e+04  8.26730e+01  3.11038e+02
5354  45  4.05198e+01          nan -1.73729e+05 -4.07690e+04  1.51287e+04  1.78986e+05 -1.72331e+05  8.55573e+01  1.93207e+02
5380  23  3.41141e+01          nan -4.30224e+04  1.00949e+05  1.40886e+04  1.10482e+05 -1.05617e+05  8.33341e+01  1.13083e+02
5422  21  5.44169e+00          nan -5.63763e+04 -6.17924e+04  1.51983e+04  8.47983e+04 -7.74395e+04  8.05421e+01  2.27624e+02
5530  66  4.67689e+01          nan  6.20756e+04 -1.27714e+04  1.41276e+04  6.46681e+04 -6.04399e+04  7.85263e+01  3.48374e+02
5626   8  1.14924e+00          nan  3.16648e+04  1.32675e+04  1.10013e+04  3.56862e+04 -3.30902e+04  7.41654e+01  2.27336e+01
5636  27  2.25407e+01          nan -5.85646e+04 -6.45208e+04  1.59677e+04  8.83682e+04 -8.25749e+04  8.04219e+01  2.27770e+02
5720  13  9.44134e+00          nan  1.28958e+05 -8.11171e+04  1.48733e+04  1.52956e+05 -1.45920e+05  8.48953e+01  3.27829e+02
5764  20  1.60659e+01          nan  5.14119e+04  4.65611e+04  1.21998e+04  7.02190e+04 -6.34294e+04  8.10404e+01  4.21655e+01
5980  41  1.80896e+01          nan -4.38702e+04  2.68897e+05  1.73216e+04  2.72925e+05 -2.66651e+05  8.66270e+01  9.92661e+01
6012  15  4.96827e+00          nan -6.27523e+04 -2.63976e+04  1.45459e+04  6.93621e+04 -6.66670e+04  7.89604e+01  2.02815e+02
6076   8  7.75826e+00          nan -9.52389e+02  6.14869e+04  1.54781e+04  6.31157e+04 -6.14872e+04  7.69850e+01  9.08874e+01
6078  49  4.13355e+01          nan  3.00230e+03  2.31489e+04  1.12961e+04  2.54072e+04 -2.41873e+04  6.67432e+01  8.26103e+01
6108  41  3.39245e+01          nan -3.52482e+04  6.67213e+04  1.34390e+04  7.64356e+04 -6.96548e+04  8.08347e+01  1.17847e+02
6310  11  1.04268e+01          nan -1.20020e+04  3.19883e+03  1.01240e+04  1.52571e+04 -1.44375e+04  5.44993e+01  1.65076e+02
6350  14  3.94421e+01          nan -5.16508e+04 -4.36668e+04  1.53291e+04  6.90827e+04 -6.37970e+04  7.82526e+01  2.20212e+02
6638   8  1.87362e+02          nan  4.36578e+03 -5.26310e+03  1.14843e+04  1.22969e+04 -1.21152e+04  3.37855e+01  3.09676e+02
6732  11  1.76293e+01          nan -1.48595e+05 -9.29559e+04  1.59492e+04  1.75889e+05 -1.68847e+05  8.52107e+01  2.12029e+02
6744  67  5.16544e+01          nan  2.14820e+05  1.76280e+05  1.41053e+04  2.78186e+05 -2.71925e+05  8.73542e+01  3.93720e+01
6842  10  8.37217e+00          nan -4.23473e+04  3.17130e+04  1.32838e+04  5.42539e+04 -4.77496e+04  7.72001e+01  1.43171e+02
6908 137  1.48475e+02          nan  1.72040e+05 -2.45916e+03  1.61489e+04  1.72700e+05 -1.64972e+05  8.50556e+01  3.59181e+02
7024  21  1.22707e+01          nan  5.90205e+04 -1.24109e+04  1.42052e+04  6.16841e+04 -5.47028e+04  7.78895e+01  3.48125e+02
7090  10  1.20224e+01          nan -1.49209e+05 -8.66249e+04  1.33032e+04  1.72952e+05 -1.68056e+05  8.60084e+01  2.10138e+02
7154  28  2.30525e+01          nan  1.48534e+05  9.44486e+04  1.47085e+04  1.76532e+05 -1.69514e+05  8.56322e+01  3.24512e+01
7222 134  1.15143e+02          nan -1.58522e+05 -1.49391e+05  1.44702e+04  2.18222e+05 -2.11049e+05  8.65305e+01  2.23301e+02
7304  13  1.11177e+01          nan -4.99082e+04 -4.16853e+04  1.26898e+04  6.60231e+04 -5.99894e+04  8.00344e+01  2.19870e+02
7396   9  5.16784e+00          nan -4.03661e+03  8.90612e+03  1.03881e+04  1.33740e+04 -1.25912e+04  4.69818e+01  1.14382e+02
7404   9  1.13398e+01          nan  2.44240e+04 -5.06556e+04  1.57182e+04  5.80641e+04 -5.74792e+04  7.55855e+01  2.95741e+02
7426   6  2.26384e-01          nan -2.28156e+04  2.62288e+04  1.31782e+04  3.67485e+04 -3.97150e+04  7.10823e+01  1.31019e+02
7428  80  9.20961e+01          nan -5.13798e+04  1.02067e+05  1.55888e+04  1.15164e+05 -1.08208e+05  8.28547e+01  1.16720e+02
7466   7  2.04122e+00          nan -2.48918e+03 -1.39685e+04  1.11662e+04  1.73023e+04 -1.66738e+04  5.50889e+01  2.59896e+02
7550  13  7.64174e+00          nan -2.17812e+03 -1.42440e+04  9.08669e+03  1.63961e+04 -1.58368e+04  6.15034e+01  2.61306e+02
7672  36  2.04834e+01          nan  1.17016e+05 -1.83547e+04  1.54499e+04  1.19293e+05 -1.12864e+05  8.31704e+01  3.51085e+02
7758   6  9.68982e-01          nan  3.73510e+04 -7.04279e+04  1.50809e+04  8.09079e+04 -7.49060e+04  8.01672e+01  2.97939e+02
7972  65  6.01476e+01          nan  7.21919e+04 -8.26485e+04  1.58102e+04  1.10698e+05 -1.03057e+05  8.24492e+01  3.11137e+02
7984  12  5.74382e+00          nan  9.49985e+03  3.71698e+03  9.06654e+03  1.28430e+04 -1.24541e+04  5.25887e+01  2.13688e+01
8056  16  4.58841e+00          nan  5.51863e+04 -3.48499e+04  1.24624e+04  6.62227e+04 -6.37454e+04  8.02644e+01  3.27728e+02
8134   7  5.77713e+00          nan  9.06271e+03  4.14805e+04  1.41963e+04  4.43847e+04 -4.57315e+04  7.30601e+01  7.76756e+01
8236   8  2.13101e+00          nan -1.29175e+05  5.82872e+04  1.63210e+04  1.42514e+05 -1.36003e+05  8.39352e+01  1.55714e+02
8294  23  1.73940e+01          nan -8.57119e+04 -2.98566e+04  1.61202e+04  9.19709e+04 -8.90961e+04  8.07042e+01  1.99205e+02
8300  16  2.62366e+01          nan  7.33453e+04 -2.98049e+04  1.50726e+04  8.03650e+04 -7.38462e+04  8.01062e+01  3.37885e+02
8304  91  9.24202e+01          nan  7.13859e+04  1.33221e+05  1.58797e+04  1.51847e+05 -1.44130e+05  8.44765e+01  6.18156e+01
8352  11  4.64495e+00          nan  3.26386e+04 -6.91913e+04  1.41157e+04  7.75750e+04 -7.30575e+04  8.04639e+01  2.95254e+02
8362  18  1.96003e+01          nan -5.17641e+04  1.06248e+04  1.26353e+04  5.40529e+04 -5.05122e+04  7.78558e+01  1.68401e+02
8376  51  3.86891e+01          nan  5.02036e+03  2.49187e+04  1.14357e+04  2.73790e+04 -2.55686e+04  6.81910e+01  7.86091e+01
8414  46  2.91126e+01          nan -3.53754e+04 -2.35610e+05  1.45502e+04  2.38621e+05 -2.31236e+05  8.68082e+01  2.61461e+02
8444  46  3.60835e+01          nan  5.80928e+03  1.30481e+05  1.58159e+04  1.31418e+05 -1.24371e+05  8.36426e+01  8.74508e+01
8568   7  4.53460e+01          nan  3.86919e+04 -3.49608e+04  1.54436e+04  5.40406e+04 -5.22819e+04  7.47882e+01  3.17900e+02
8638  46  4.58326e+01          nan  9.84739e+04 -2.05096e+05  1.49540e+04  2.27923e+05 -2.21225e+05  8.65565e+01  2.95647e+02
8682   8  2.96800e+00          nan  2.67806e+04  4.55356e+04  1.52483e+04  5.46466e+04 -5.55869e+04  7.51729e+01  5.95391e+01
8700 187  1.54171e+02          nan  2.06445e+04 -2.32779e+05  1.60710e+04  2.34161e+05 -2.26945e+05  8.63745e+01  2.75068e+02
8906   8  1.36390e+00          nan -3.73002e+04 -4.27238e+03  1.38632e+04  3.96018e+04 -3.61732e+04  7.14491e+01  1.86534e+02
8974  16  9.14591e+00          nan -5.57538e+03 -6.14538e+04  1.28333e+04  6.27814e+04 -5.67723e+04  7.93808e+01  2.64816e+02
8988  22  1.35007e+01          nan -7.32343e+04  6.33667e+04  1.58804e+04  9.79400e+04 -9.19089e+04  8.14172e+01  1.39132e+02
9040  99  7.09793e+01          nan  1.61868e+05 -1.15287e+05  1.56054e+04  1.99244e+05 -1.92017e+05  8.58723e+01  3.24540e+02
9164  28  1.84790e+01          nan -5.32293e+04 -3.18933e+04  1.46482e+04  6.34798e+04 -5.71277e+04  7.78283e+01  2.10929e+02
9314   6  4.40521e+00          nan -1.26272e+04 -4.70976e+04  1.56376e+04  5.08354e+04 -5.33766e+04  7.35757e+01  2.54992e+02
9378  24  1.95021e+01          nan -1.37401e+04  4.30361e+03  9.96706e+03  1.68243e+04 -1.56455e+04  5.88492e+01  1.62609e+02
9494  22  2.50963e+01          nan  3.57005e+04  7.83883e+04  1.58972e+04  8.73692e+04 -8.34252e+04  8.03583e+01  6.55140e+01
9584  16  9.78021e+00          nan  2.20294e+04  1.16901e+04  1.43708e+04  2.81734e+04 -2.81179e+04  6.22756e+01  2.79531e+01
9608  86  1.08110e+02          nan  7.20412e+04  2.57046e+05  1.45728e+04  2.67282e+05 -2.60112e+05  8.71459e+01  7.43436e+01
9688   9  7.16718e+00          nan  4.06586e+04  4.35944e+04  1.38903e+04  6.09345e+04 -5.34375e+04  7.80411e+01  4.69956e+01
9906  47  3.74704e+01          nan  3.11570e+03  2.74218e+04  1.04529e+04  2.90877e+04 -2.68537e+04  7.15846e+01  8.35178e+01
9948  29  5.29064e+01          nan -2.85977e+04  1.06888e+04  1.16203e+04  3.22387e+04 -3.14615e+04  7.12621e+01  1.59506e+02
10150  38  3.21830e+01          nan  5.00070e+04 -9.26190e+04  1.58852e+04  1.06267e+05 -9.95165e+04  8.20917e+01  2.98366e+02
10282   7  1.30011e+01          nan  1.05248e+04 -7.55069e+02  1.24610e+04  1.53856e+04 -1.55238e+04  4.33009e+01 -4.10346e+00
10288   6  3.75964e-01          nan -5.61203e+04  1.83159e+04  1.28143e+04  6.01529e+04 -5.83490e+04  7.89296e+01  1.61925e+02
10366  34  3.32791e+01          nan  1.17631e+05  2.14142e+04  1.58859e+04  1.20455e+05 -1.14575e+05  8.30277e+01  1.03174e+01
10444  34  1.99858e+01          nan -4.79848e+04  2.06238e+05  1.64669e+04  2.12291e+05 -2.07064e+05  8.58933e+01  1.03098e+02
10708  14  1.52012e+01          nan -2.15088e+05 -7.63928e+04  1.50982e+04  2.28670e+05 -2.24156e+05  8.65316e+01  1.99554e+02
10742 128  8.28240e+01          nan -6.70320e+04  1.18004e+04  1.50214e+04  6.94392e+04 -6.51766e+04  7.85728e+01  1.70016e+02
10752   7  3.22086e+00          nan -2.32453e+04 -3.07880e+04  1.12280e+04  3.98438e+04 -4.24129e+04  7.55179e+01  2.32947e+02
10794 109  1.04632e+02          nan -1.82627e+05  7.90346e+04  1.56158e+04  1.99512e+05 -1.92595e+05  8.58749e+01  1.56599e+02
10812  27  2.45613e+01          nan -6.67533e+03 -1.07217e+04  9.65374e+03  1.51625e+04 -1.44621e+04  5.64049e+01  2.38094e+02
10814 194  1.61045e+02          nan  6.24026e+04  2.14964e+05  1.41887e+04  2.24211e+05 -2.16566e+05  8.66953e+01  7.38124e+01
10906  12  8.57265e+00          nan -7.69584e+04  2.45804e+04  1.48241e+04  8.19186e+04 -7.56049e+04  8.04719e+01  1.62287e+02
10918  11  4.73844e+00          nan -1.42198e+04 -5.36264e+04  1.09831e+04  5.63245e+04 -4.91267e+04  8.00636e+01  2.55149e+02
10928  19  2.14486e+01          nan -5.07740e+04  6.25661e+04  1.49413e+04  8.17287e+04 -7.74434e+04  8.03662e+01  1.29060e+02
11086  15  1.00142e+01          nan  2.09782e+04  2.69652e+04  1.09617e+04  3.55141e+04 -3.11520e+04  7.41532e+01  5.21181e+01
11282  18  1.20474e+01          nan  4.04684e+04 -8.39964e+04  1.51972e+04  9.42721e+04 -8.76516e+04  8.15007e+01  2.95724e+02
11286  11  2.63634e+00          nan  6.41890e+04 -6.37425e+03  1.52004e+04  6.59931e+04 -6.75288e+04  7.78085e+01  3.54329e+02
11376  14  1.38740e+01          nan  2.01843e+04 -7.09610e+04  1.47254e+04  7.49939e+04 -7.02695e+04  7.96593e+01  2.85878e+02
11378  38  2.49207e+01          nan  2.19402e+04  5.49488e+04  1.43247e+04  6.05914e+04 -5.30201e+04  7.75520e+01  6.82339e+01
11464  41  3.81510e+01          nan  2.23507e+04 -2.66070e+04  1.25213e+04  3.65269e+04 -3.60255e+04  7.20497e+01  3.10031e+02
11514  14  1.39230e+01          nan -2.76898e+04  8.34411e+04  1.52845e+04  8.90265e+04 -8.31060e+04  8.09389e+01  1.08358e+02
11634  15  4.59809e+00          nan -2.53667e+04  9.12922e+03  1.31057e+04  2.94455e+04 -2.99231e+04  6.62870e+01  1.60207e+02
11670  12  9.10901e+00          nan  6.27728e+02  7.35759e+03  8.49790e+03  1.03372e+04 -1.00252e+04  4.55895e+01  8.51235e+01
11688  96  8.22031e+01          nan  2.68770e+04 -7.71918e+04  1.57418e+04  8.30093e+04 -7.67186e+04  7.99556e+01  2.89197e+02
11772  13  1.29868e+01          nan  1.23614e+04  3.27701e+03  9.30578e+03  1.51067e+04 -1.46808e+04  5.78369e+01  1.48476e+01
11832  44  4.05092e+01          nan  1.41235e+05 -4.96140e+04  1.61660e+04  1.50436e+05 -1.42995e+05  8.43150e+01  3.40644e+02
11866  30  2.28500e+01          nan -5.22084e+04  1.22064e+05  1.53566e+04  1.33506e+05 -1.27149e+05  8.39407e+01  1.13157e+02
11980  11  4.38185e+00          nan  3.73698e+04  9.41391e+04  1.32696e+04  1.01994e+05 -9.57007e+04  8.32401e+01  6.83488e+01
12158 101  9.02275e+01          nan -7.93045e+04 -9.89759e+04  1.59026e+04  1.27670e+05 -1.19959e+05  8.34160e+01  2.31297e+02
12160 161  1.30972e+02          nan  1.03597e+05  1.03949e+05  1.58726e+04  1.47483e+05 -1.40328e+05  8.43154e+01  4.50971e+01
12202   6  1.52560e+00          nan  4.23045e+03  1.18642e+04  1.26510e+04  1.69800e+04 -1.72686e+04  4.78857e+01  7.03752e+01
12318   6  8.86326e+00          nan -3.66059e+04  3.61185e+04  1.42233e+04  5.30329e+04 -4.81883e+04  7.58558e+01  1.35384e+02
12400  23  1.64019e+01          nan -1.93131e+04 -7.73236e+04  1.43488e+04  8.07660e+04 -7.48419e+04  8.06765e+01  2.55976e+02
12444   7  2.03608e+00          nan  4.87119e+04 -2.96445e+04  1.40337e+04  5.84355e+04 -5.16830e+04  7.73775e+01  3.28677e+02
12490  77  5.73333e+01          nan -2.23946e+04 -4.85539e+04  1.40992e+04  5.49885e+04 -5.37188e+04  7.65018e+01  2.45239e+02
12586 104  7.63530e+01          nan -9.92946e+04  1.51454e+05  1.62749e+04  1.81722e+05 -1.74737e+05  8.52618e+01  1.23249e+02
12644   7  4.77615e+00          nan  9.20133e+03 -5.66180e+03  1.10223e+04  1.45583e+04 -1.38871e+04  4.79106e+01  3.28395e+02
12984  28  1.04153e+01          nan  2.62607e+04 -9.71922e+04  1.39092e+04  1.01468e+05 -9.41828e+04  8.28411e+01  2.85120e+02
13018  85  7.09063e+01          nan  1.20280e+05  1.33372e+04  1.44182e+04  1.21730e+05 -1.14119e+05  8.37965e+01  6.32737e+00
13056   6  6.83858e-01          nan -1.55697e+02 -5.37718e+03  6.02108e+03  7.18109e+03 -6.74387e+03  4.85133e+01  2.68341e+02
13086  97  8.08212e+01          nan  1.28406e+05 -2.12758e+04  1.56947e+04  1.30955e+05 -1.23866e+05  8.36734e+01  3.50592e+02
13342   8  8.15952e+00          nan  2.04651e+04  5.50318e+04  1.42070e+04  6.01235e+04 -5.27619e+04  7.75684e+01  6.96010e+01
13466  35  3.64510e+01          nan  1.17402e+05 -1.11492e+05  1.57217e+04  1.62551e+05 -1.56240e+05  8.48972e+01  3.16479e+02
13614  31  3.21994e+01          nan  4.49207e+04 -6.63134e+04  1.50136e+04  8.12674e+04 -7.43639e+04  8.02593e+01  3.04114e+02
13698  11  8.97580e+00          nan -7.31030e+04  3.87836e+04  1.61925e+04  8.40897e+04 -8.37373e+04  7.97740e+01  1.52053e+02
13778   6  5.91041e+01          nan -4.34226e+03 -4.06517e+04  1.51822e+04  4.31872e+04 -4.24823e+04  7.11994e+01  2.63903e+02
13784  24  2.00327e+01          nan  9.61836e+04 -2.89625e+04  1.57824e+04  1.01493e+05 -9.56919e+04  8.17757e+01  3.43242e+02
13802 119  1.45047e+02          nan  7.82500e+03 -1.74942e+05  1.57980e+04  1.75719e+05 -1.68773e+05  8.52555e+01  2.72561e+02
13830  61  4.53886e+01          nan -9.68671e+04 -5.78804e+04  1.54770e+04  1.13734e+05 -1.06788e+05  8.28211e+01  2.10859e+02
13844   7  9.02368e-01          nan -4.51614e+03  5.11805e+03  1.13191e+04  1.21530e+04 -1.23680e+04  3.41697e+01  1.31425e+02
13862  22  2.89734e+01          nan  5.96692e+04  1.57547e+05  1.58679e+04  1.69099e+05 -1.63782e+05  8.50456e+01  6.92563e+01
14064   8  8.70930e+00          nan -5.10458e+03  7.33411e+04  1.54601e+04  7.48766e+04 -7.12666e+04  7.90709e+01  9.39814e+01
14066  42  4.69823e+01          nan -2.67766e+04 -3.06030e+04  1.05160e+04  4.17028e+04 -3.63850e+04  7.71820e+01  2.28815e+02
14122  43  3.12028e+01          nan -2.64468e+05  6.14977e+04  1.36748e+04  2.71808e+05 -2.64870e+05  8.73830e+01  1.66909e+02
14234  16  2.17765e+01          nan -5.58798e+04  2.28499e+04  1.48941e+04  6.18907e+04 -5.62675e+04  7.72775e+01  1.57760e+02
14298 126  8.17095e+01          nan -8.04095e+04  1.38016e+05  1.60736e+04  1.60416e+05 -1.52666e+05  8.47029e+01  1.20226e+02
14426  88  1.02379e+02          nan -2.29669e+05 -1.16794e+05  1.58286e+04  2.58071e+05 -2.51219e+05  8.67647e+01  2.06955e+02
14724  28  1.72005e+01          nan -1.69873e+05  1.95435e+04  1.31711e+04  1.71408e+05 -1.65764e+05  8.60167e+01  1.73437e+02
14764  44  3.99238e+01          nan -1.51157e+05 -9.35610e+04  1.53117e+04  1.78324e+05 -1.71294e+05  8.54818e+01  2.11756e+02
14838  13  1.02436e+02          nan  1.68994e+04  5.81759e+04  1.48744e+04  6.20908e+04 -5.67236e+04  7.73379e+01  7.38020e+01
14848  50  4.42185e+01          nan  2.06398e+05  5.48895e+04  1.48830e+04  2.14005e+05 -2.07296e+05  8.63513e+01  1.48926e+01
15032   7  6.50038e+00          nan  2.64761e+03 -8.09559e+03  9.61961e+03  1.19317e+04 -1.24524e+04  4.55499e+01  2.88110e+02
15086  52  6.43730e+01          nan  4.13737e+04 -3.45502e+04  1.43800e+04  5.54755e+04 -5.47198e+04  7.63241e+01  3.20136e+02
15176  27  2.23745e+01          nan  7.90840e+04  1.97626e+05  1.64334e+04  2.13402e+05 -2.07622e+05  8.59238e+01  6.81903e+01
15186  36  3.19138e+01          nan -6.76812e+04  1.08041e+05  1.48700e+04  1.28213e+05 -1.22115e+05  8.39083e+01  1.22065e+02
15188  26  2.61102e+01          nan  4.99161e+04 -9.05554e+04  1.55569e+04  1.04385e+05 -9.76116e+04  8.21300e+01  2.98865e+02
15196 191  2.14438e+02          nan -1.89191e+05  2.85873e+04  1.61202e+04  1.91915e+05 -1.84172e+05  8.55603e+01  1.71407e+02
15220  27  2.02244e+01          nan  4.38387e+04 -4.41284e+04  1.53793e+04  6.37840e+04 -6.32605e+04  7.72147e+01  3.14811e+02
15252  11  8.21773e+00          nan  4.08386e+04 -8.91645e+04  1.18715e+04  9.86439e+04 -9.39600e+04  8.38269e+01  2.94608e+02
15502   8  4.91384e+00          nan  4.42081e+04  1.53385e+04  1.07094e+04  4.77372e+04 -4.14558e+04  7.85880e+01  1.91348e+01
15592  16  1.39807e+01          nan  1.78982e+04  6.42507e+04  1.57148e+04  6.82446e+04 -6.49926e+04  7.77750e+01  7.44339e+01
15706   6  1.26341e+00          nan -3.54077e+04 -1.43318e+04  1.46452e+04  4.04742e+04 -4.21680e+04  7.06942e+01  2.02036e+02
15722   6  2.90694e+01          nan -5.37513e+03 -8.85584e+03  1.19167e+04  1.48593e+04 -1.43414e+04  4.42004e+01  2.38744e+02
15754  40  3.53281e+01          nan  2.11740e+04  8.08555e+03  1.10045e+04  2.46697e+04 -2.44483e+04  6.67442e+01  2.08999e+01
15780  36  3.13576e+01          nan -2.23354e+05  5.25443e+04  1.52733e+04  2.29879e+05 -2.23652e+05  8.65061e+01  1.66762e+02
15788  22  2.65578e+01          nan  6.81046e+04  2.14221e+05  1.56709e+04  2.25248e+05 -2.18747e+05  8.63328e+01  7.23636e+01
15970  10  4.05750e+00          nan  5.23919e+04  5.41594e+03  1.57458e+04  5.46257e+04 -5.35583e+04  7.46266e+01  5.90191e+00
15978   7  1.32536e+00          nan -4.07683e+03  1.04533e+04  1.05518e+04  1.45656e+04 -1.42051e+04  5.03827e+01  1.11306e+02
16260 204  1.71278e+02          nan -7.70459e+04  1.93749e+05  1.43591e+04  2.08917e+05 -2.01171e+05  8.64063e+01  1.11686e+02
16358   8  9.86139e+00          nan -1.46660e+04  4.81296e+04  1.57644e+04  5.23623e+04 -5.36670e+04  7.39233e+01  1.06947e+02
16390  26  2.36463e+01          nan  1.94797e+04  9.96146e+04  1.40854e+04  1.02308e+05 -9.65542e+04  8.28007e+01  7.89354e+01
16422   7  3.49718e-01          nan  3.15823e+04 -1.31811e+04  9.66323e+03  3.52382e+04 -3.26064e+04  7.62105e+01  3.37346e+02
16482  14  9.47727e+00          nan  3.07755e+04 -4.35059e+04  1.38794e+04  5.47635e+04 -5.30200e+04  7.66817e+01  3.05275e+02
16510  81  7.56356e+01          nan  3.55037e+04  1.66960e+05  1.59885e+04  1.71327e+05 -1.63820e+05  8.50697e+01  7.79950e+01
16554   6  1.84388e+00          nan -1.03103e+03  6.29759e+03  1.16413e+04  1.21824e+04 -1.22366e+04  3.15891e+01  9.92979e+01
16710   9  1.12766e+02          nan -6.48357e+04  3.16505e+04  1.56115e+04  7.35614e+04 -7.09504e+04  7.87529e+01  1.53980e+02
16920   6  1.34325e+00          nan  3.60922e+04  4.82007e+04  1.57972e+04  6.19448e+04 -6.52047e+04  7.64311e+01  5.31745e+01
16986  22  1.78225e+01          nan -9.98725e+04  2.56338e+03  1.40073e+04  1.00715e+05 -9.55591e+04  8.27309e+01  1.78530e+02
16990  15  1.37597e+01          nan  2.09617e+04  7.30211e+04  1.56763e+04  7.73253e+04 -7.35213e+04  7.92580e+01  7.39831e+01
17124  24  1.40245e+01          nan  6.82616e+04  9.73368e+04  1.53058e+04  1.19713e+05 -1.14248e+05  8.32640e+01  5.49583e+01
17152   6  1.81357e+01          nan  3.82026e+04  1.73617e+04  1.53472e+04  4.42629e+04 -4.59957e+04  7.14476e+01  2.44400e+01
17388  40  3.80205e+01          nan -8.71644e+04  3.91618e+04  1.51936e+04  9.65676e+04 -8.93687e+04  8.17063e+01  1.55806e+02
17400  38  2.88604e+01          nan -1.60503e+05  6.69548e+03  1.59485e+04  1.61313e+05 -1.55178e+05  8.47771e+01  1.77611e+02
17404   7  2.40319e+00          nan -5.85219e+02 -4.95178e+04  1.17152e+04  5.06120e+04 -4.37973e+04  7.80829e+01  2.69323e+02
17432  27  1.00180e+01          nan -8.92932e+04 -6.25475e+04  1.56728e+04  1.09969e+05 -1.04246e+05  8.24711e+01  2.15010e+02
17700   7  1.32518e+00          nan -1.08285e+05  9.51722e+04  1.56600e+04  1.44882e+05 -1.41737e+05  8.42975e+01  1.38688e+02
17842  45  3.65363e+01          nan -1.19784e+05 -8.86015e+03  1.55069e+04  1.20953e+05 -1.14180e+05  8.32374e+01  1.84230e+02
17846  57  4.42347e+01          nan -1.84085e+04 -7.20955e+04  1.47846e+04  7.56270e+04 -6.85530e+04  7.97013e+01  2.55676e+02
17876   6  7.58086e+02          nan  1.07217e+04  4.48181e+04  1.44776e+04  4.79397e+04 -4.48514e+04  7.40005e+01  7.65462e+01
17954 203  1.66862e+02          nan  1.19613e+05  2.58106e+05  1.57393e+04  2.84843e+05 -2.77075e+05  8.70871e+01  6.51358e+01
18150 108  1.20586e+02          nan  8.30747e+04  5.31521e+03  1.52457e+04  8.44106e+04 -7.75593e+04  8.04656e+01  3.66086e+00
18218   7  2.18670e+02          nan  2.31859e+04  3.78710e+04  1.44542e+04  4.63225e+04 -4.40583e+04  7.34562e+01  5.85236e+01
18226  33  3.79224e+01          nan -5.92693e+04 -1.44387e+05  1.60488e+04  1.56777e+05 -1.50102e+05  8.45887e+01  2.47682e+02
18436   8  5.72129e+02          nan -2.56621e+02 -5.50682e+04  1.47286e+04  5.66909e+04 -5.45765e+04  7.62605e+01  2.69733e+02
18606 148  1.45160e+02          nan  3.99755e+04 -1.15033e+05  1.61042e+04  1.22682e+05 -1.15767e+05  8.30522e+01  2.89163e+02
18666   8  1.09278e+02          nan -1.84415e+04 -6.49113e+04  1.54708e+04  6.89594e+04 -6.76558e+04  7.81110e+01  2.54140e+02
18804   7  1.09321e+00          nan  3.94199e+04  2.81872e+04  1.15640e+04  4.95433e+04 -4.30025e+04  7.80007e+01  3.55667e+01
18830   6  2.29211e+01          nan  9.08703e+03 -7.96930e+02  1.21825e+04  1.42276e+04 -1.44943e+04  3.98771e+01  3.54988e+02
19250  18  9.76031e+00          nan  6.08687e+04  2.20759e+04  1.43591e+04  6.60592e+04 -6.30479e+04  7.85664e+01  1.99347e+01
19388  46  3.31409e+01          nan -1.84543e+05 -6.10330e+04  1.59635e+04  1.94929e+05 -1.87418e+05  8.56753e+01  1.98300e+02
19390  15  5.86749e+00          nan  2.16893e+04  8.25158e+04  1.51308e+04  8.64382e+04 -8.02706e+04  8.07685e+01  7.52729e+01
19400  37  4.95173e+01          nan -1.75763e+05 -7.50666e+04  1.57097e+04  1.91667e+05 -1.84761e+05  8.56776e+01  2.03127e+02
19462  76  6.13741e+01          nan -8.02922e+04  1.34762e+04  1.27787e+04  8.22255e+04 -7.51391e+04  8.19500e+01  1.70472e+02
19512  69  5.64772e+01          nan  2.08830e+04 -7.20423e+04  1.43840e+04  7.61467e+04 -6.97912e+04  8.00785e+01  2.86165e+02
19626   6  9.49553e+00          nan -4.10478e+04  3.35124e+04  1.51837e+04  5.47883e+04 -5.32590e+04  7.52820e+01  1.40771e+02
19732   6  4.31587e+00          nan -3.72736e+04 -1.17831e+04  1.12145e+04  4.03382e+04 -4.42597e+04  7.57191e+01  1.97543e+02
19758  32  3.65835e+01          nan  9.10420e+03  9.32870e+04  1.55459e+04  9.48121e+04 -8.83564e+04  8.13363e+01  8.44260e+01
19834  14  5.85954e+00          nan  1.65461e+04  5.09893e+04  1.12367e+04  5.45264e+04 -4.93690e+04  7.94615e+01  7.20217e+01
19898  12  5.75869e+00          nan -7.53284e+04 -2.12918e+05  1.60845e+04  2.26336e+05 -2.19949e+05  8.62456e+01  2.50517e+02
19940  60  5.31877e+01          nan -7.52929e+04 -8.33889e+04  1.58051e+04  1.13288e+05 -1.06711e+05  8.26254e+01  2.27921e+02
19978  46  4.48068e+01          nan -1.29796e+05  1.94221e+05  1.54584e+04  2.34031e+05 -2.27027e+05  8.65228e+01  1.23754e+02
20026   8  6.62324e+00          nan -2.44532e+04 -1.68374e+04  1.12909e+04  3.13368e+04 -2.75857e+04  7.13388e+01  2.14550e+02
20098 167  1.56338e+02          nan  1.02249e+05  1.38460e+05  1.55708e+04  1.72716e+05 -1.64964e+05  8.52485e+01  5.35550e+01
20112  77  5.70448e+01          nan  2.21647e+04  4.76451e+04  1.47864e+04  5.42604e+04 -5.18124e+04  7.55691e+01  6.50520e+01
20148  17  1.51563e+01          nan -1.15831e+05 -1.05214e+05  1.52227e+04  1.57104e+05 -1.49588e+05  8.49026e+01  2.22250e+02
20210  10  4.33803e+00          nan  6.15393e+04  2.66521e+04  1.45558e+04  6.83673e+04 -6.27400e+04  7.87893e+01  2.34170e+01
20468  20  1.22045e+01          nan  1.09574e+05 -1.05947e+05  1.62111e+04  1.53149e+05 -1.46877e+05  8.43991e+01  3.15964e+02
20490   6  6.01701e-01          nan  4.50119e+03 -3.82496e+04  1.14500e+04  3.98378e+04 -3.43731e+04  7.51857e+01  2.76712e+02
20532   6  2.01146e+02          nan -4.31674e+04 -3.71573e+04  1.68189e+04  5.90427e+04 -5.71725e+04  7.47251e+01  2.20721e+02
20590 202  1.66990e+02          nan  1.83101e+05 -1.30953e+05  1.58345e+04  2.25581e+05 -2.18495e+05  8.62966e+01  3.24428e+02
20616   8  4.10138e+01          nan -5.14824e+04  8.34754e+03  1.51842e+04  5.39804e+04 -5.08961e+04  7.50560e+01  1.70790e+02
20650  11  8.10449e+00          nan  2.93270e+04 -3.31037e+04  1.37419e+04  4.59524e+04 -4.45976e+04  7.42441e+01  3.11538e+02
20782 185  1.62942e+02          nan  2.11442e+05 -8.76490e+04  1.56417e+04  2.29340e+05 -2.22224e+05  8.64057e+01  3.37485e+02
20788   6  2.47510e+00          nan  4.03410e+02 -3.66572e+04  1.26060e+04  3.83739e+04 -3.89257e+04  7.28085e+01  2.70631e+02
20790   9  8.28527e+00          nan -1.88382e+03 -1.18498e+04  1.22808e+04  1.62891e+04 -1.57453e+04  4.74426e+01  2.60967e+02
20878  15  1.35952e+01          nan  6.04760e+04 -5.68665e+04  1.56532e+04  8.42508e+04 -7.99217e+04  8.01663e+01  3.16762e+02
20956   6  1.27652e+00          nan -3.98480e+04  3.74042e+03  1.32183e+04  4.17703e+04 -4.07917e+04  7.33700e+01  1.74638e+02
20962 106  9.18063e+01          nan  4.11655e+04  1.25222e+05  1.56837e+04  1.32601e+05 -1.24938e+05  8.37570e+01  7.18022e+01
21048 148  1.17582e+02          nan  8.27438e+03 -1.04927e+05  1.52819e+04  1.06182e+05 -9.91623e+04  8.24138e+01  2.74509e+02
21060  17  9.51960e+00          nan  2.97945e+03  7.18389e+04  1.43242e+04  7.30772e+04 -6.66503e+04  7.97049e+01  8.76251e+01
21090  10  2.16134e+00          nan  7.14978e+04  1.52903e+04  1.60378e+04  7.45922e+04 -7.37317e+04  7.85764e+01  1.20712e+01
21124  96  9.28749e+01          nan -2.35110e+04  8.82844e+04  1.57342e+04  9.25002e+04 -8.49582e+04  8.10000e+01  1.04912e+02
21130 108  9.97831e+01          nan -5.57017e+04 -7.66595e+04  1.47608e+04  9.57159e+04 -8.80038e+04  8.18938e+01  2.33997e+02
21148  23  1.02103e+01          nan  7.05247e+04 -3.80008e+04  1.47687e+04  8.12415e+04 -7.59711e+04  8.04313e+01  3.31683e+02
21198  88  8.65026e+01          nan -6.80027e+03 -7.95750e+04  1.47753e+04  8.09999e+04 -7.40063e+04  8.03978e+01  2.65116e+02
21324 132  1.20081e+02          nan  2.09363e+04 -1.15683e+05  1.58821e+04  1.18468e+05 -1.11661e+05  8.29120e+01  2.80258e+02
21382  38  2.53208e+01          nan  1.94961e+05 -6.60764e+03  1.59536e+04  1.95625e+05 -1.88829e+05  8.56936e+01  3.58059e+02
21646   6  6.50856e+00          nan -7.23075e+03 -5.24632e+03  1.17388e+04  1.37670e+04 -1.33750e+04  4.04594e+01  2.15963e+02
21684   6  7.88354e+00          nan  1.35487e+04 -5.03253e+04  1.44086e+04  5.37492e+04 -4.85201e+04  7.58445e+01  2.85068e+02
21770  20  1.15471e+01          nan  6.24442e+04  3.76225e+04  1.40547e+04  7.40158e+04 -7.01543e+04  8.00488e+01  3.10689e+01
21806  35  2.22290e+01          nan  1.35609e+05 -4.41516e+04  1.58863e+04  1.43363e+05 -1.37178e+05  8.41459e+01  3.41966e+02
21896  19  1.81206e+01          nan  1.11353e+05  7.76140e+04  1.43053e+04  1.36358e+05 -1.29438e+05  8.45118e+01  3.48768e+01
22066  19  1.62607e+01          nan  3.32076e+04 -4.43514e+04  1.59562e+04  5.73206e+04 -5.81580e+04  7.51484e+01  3.06824e+02
22314  11  2.78997e+00          nan  3.83279e+04 -3.03249e+04  1.11998e+04  4.98734e+04 -4.27117e+04  7.85086e+01  3.21649e+02
22352  13  1.34597e+01          nan  4.21006e+04  9.69066e+03  1.26613e+04  4.46797e+04 -4.50203e+04  7.52211e+01  1.29625e+01
22422  26  9.82166e+00          nan  9.18813e+03 -7.83016e+04  1.35560e+04  7.97913e+04 -7.31834e+04  8.11382e+01  2.76693e+02
22444  43  2.75686e+01          nan -5.98884e+04 -1.83494e+05  1.60366e+04  1.93584e+05 -1.86116e+05  8.56235e+01  2.51924e+02
22484  13  4.55549e+00          nan -3.48832e+04 -8.11400e+04  1.54659e+04  8.94552e+04 -8.51200e+04  8.08651e+01  2.46736e+02
22540  10  1.31087e+00          nan -3.27002e+04  3.56314e+04  1.13568e+04  4.94041e+04 -4.21342e+04  7.82120e+01  1.32544e+02
22542 173  1.73386e+02          nan  4.79107e+04  1.28140e+05  1.56460e+04  1.37557e+05 -1.29851e+05  8.39986e+01  6.94995e+01
22560 136  1.45308e+02          nan -6.39799e+04 -1.61805e+05  1.61454e+04  1.74630e+05 -1.67535e+05  8.51115e+01  2.48425e+02
22590   9  5.67700e-01          nan -4.25765e+04 -4.10553e+04  1.33816e+04  6.03749e+04 -5.49604e+04  7.84218e+01  2.23958e+02
22600  22  1.62079e+01          nan  1.34349e+03  1.10451e+05  1.59502e+04  1.11431e+05 -1.05138e+05  8.24266e+01  8.93031e+01
22728  25  2.20577e+01          nan -3.57213e+04  9.32196e+04  1.56602e+04  1.00862e+05 -9.51054e+04  8.17940e+01  1.10967e+02
22778  42  4.41901e+01          nan  8.83970e+03  4.37018e+04  1.11249e+04  4.56643e+04 -4.05645e+04  7.75291e+01  7.85649e+01
22872 206  1.66723e+02          nan -2.13375e+05  1.02947e+05  1.44231e+04  2.37276e+05 -2.30090e+05  8.68208e+01  1.54244e+02
23002  12  1.09280e+01          nan -3.07734e+04  3.24853e+03  1.19340e+04  3.27323e+04 -3.27010e+04  7.09752e+01  1.73974e+02
23064   7  1.14622e+02          nan  3.48652e+04 -3.53209e+04  1.51683e+04  5.15410e+04 -4.96803e+04  7.43493e+01  3.14628e+02
23112 127  1.17783e+02          nan  1.32458e+05 -1.71317e+05  1.57814e+04  2.17038e+05 -2.09297e+05  8.61647e+01  3.07710e+02
23186  11  4.97329e+00          nan  6.71583e+04  1.62513e+03  1.44622e+04  6.84622e+04 -6.17411e+04  7.88849e+01  1.38620e+00
23216  14  2.24927e+01          nan -6.94880e+04  1.40188e+04  1.55331e+04  7.23099e+04 -6.85470e+04  7.86190e+01  1.68594e+02
23268  30  1.68428e+01          nan -9.13695e+04  1.55694e+04  1.58074e+04  9.38206e+04 -8.72660e+04  8.10825e+01  1.70330e+02
23274  25  1.55782e+01          nan -1.54504e+04  2.39525e+03  8.86586e+03  1.73851e+04 -1.66192e+04  6.40706e+01  1.71188e+02
23286  41  4.18600e+01          nan -5.22738e+03 -8.68684e+04  1.37130e+04  8.79114e+04 -8.13811e+04  8.18591e+01  2.66556e+02
23296  22  1.28539e+01          nan -3.52923e+04  6.22576e+04  1.32254e+04  7.25578e+04 -6.75820e+04  8.05113e+01  1.19548e+02
23308  12  8.31900e+00          nan -4.85282e+04 -4.14558e+04  1.34602e+04  6.49793e+04 -5.93845e+04  7.91818e+01  2.20506e+02
23368   8  1.37207e+00          nan  3.84678e+03  5.28854e+03  8.34566e+03  9.63931e+03 -9.92495e+03  4.27211e+01  5.39686e+01
23382  17  9.53341e+00          nan  1.43765e+04 -9.13461e+04  1.59874e+04  9.36354e+04 -8.90913e+04  8.09531e+01  2.78944e+02
23450  12  1.37934e+01          nan  1.55737e+04 -5.79786e+04  1.46559e+04  6.15094e+04 -5.94675e+04  7.74248e+01  2.85035e+02
23480   6  1.35483e+00          nan -3.47111e+04  1.28249e+04  1.19749e+04  3.85235e+04 -3.41778e+04  7.38571e+01  1.59722e+02
23630  41  5.40910e+01          nan -5.79194e+04  6.33538e+04  1.56328e+04  8.70335e+04 -7.96703e+04  8.04973e+01  1.32434e+02
23690 107  8.30968e+01          nan -9.44834e+03 -7.58758e+04  1.53324e+04  7.77452e+04 -7.09425e+04  7.95746e+01  2.62902e+02
23708   8  5.46545e+00          nan -5.89944e+04 -1.41926e+04  1.41892e+04  6.20390e+04 -5.47934e+04  7.79749e+01  1.93527e+02
23802   9  4.42073e+00          nan  6.74147e+03  5.53988e+04  1.42294e+04  5.72938e+04 -5.11211e+04  7.69209e+01  8.30618e+01
23876  12  6.03569e+00          nan  2.88031e+05 -1.68883e+04  1.59469e+04  2.88899e+05 -2.82754e+05  8.70868e+01  3.56644e+02
23900  16  9.53944e+00          nan -5.11516e+04  5.47950e+04  1.50427e+04  7.62156e+04 -7.08240e+04  7.95845e+01  1.33030e+02
23930  57  6.94318e+01          nan  4.52337e+04  6.95875e+04  1.54333e+04  8.41979e+04 -7.74545e+04  8.03118e+01  5.69751e+01
23956  10  4.49247e+00          nan  1.16476e+04 -6.78881e+04  1.46810e+04  7.01747e+04 -6.37766e+04  7.89775e+01  2.79736e+02
23964  41  3.09025e+01          nan -5.85842e+04 -3.34143e+04  1.24295e+04  6.83615e+04 -6.34356e+04  8.05997e+01  2.09699e+02
24046 112  9.71279e+01          nan  1.51166e+04 -8.17462e+04  1.55777e+04  8.43554e+04 -7.92268e+04  8.02306e+01  2.80477e+02
24054  15  7.79965e+00          nan  3.16261e+04 -4.50032e+04  1.39483e+04  5.64481e+04 -5.58186e+04  7.70143e+01  3.05098e+02
24070  93  7.50160e+01          nan  6.63508e+04 -1.81644e+04  1.29724e+04  6.97815e+04 -6.29773e+04  8.03408e+01  3.44690e+02
24124 106  1.09853e+02          nan  8.14567e+03  4.41905e+04  1.39052e+04  4.66792e+04 -4.41701e+04  7.42875e+01  7.95559e+01
24144  75  5.71530e+01          nan -1.27397e+05  1.68339e+05  1.42632e+04  2.11511e+05 -2.03878e+05  8.64764e+01  1.27118e+02
24148 170  1.42514e+02          nan  1.02512e+05  7.19748e+04  1.60288e+04  1.26123e+05 -1.19068e+05  8.32772e+01  3.50731e+01
24160  12  1.67094e+01          nan  4.62831e+04  3.83996e+04  1.42049e+04  6.15152e+04 -5.45185e+04  7.78560e+01  3.96814e+01
24178   8  8.53732e+01          nan -2.98135e+04 -5.68370e+04  1.46499e+04  6.55627e+04 -6.19401e+04  7.82191e+01  2.42321e+02
24198  20  1.48159e+01          nan  7.20236e+04  6.68337e+04  1.60252e+04  9.93581e+04 -9.49818e+04  8.14562e+01  4.28595e+01
24226 174  1.93116e+02          nan -1.37864e+05 -3.83858e+04  1.59691e+04  1.43861e+05 -1.36272e+05  8.41331e+01  1.95559e+02
24280 145  1.20112e+02          nan -4.76281e+03  1.52177e+05  1.56465e+04  1.52929e+05 -1.45905e+05  8.46035e+01  9.17927e+01
24562  19  7.65054e+00          nan -1.12643e+04  1.00947e+05  1.62075e+04  1.02667e+05 -9.88301e+04  8.16307e+01  9.63671e+01
24580   9  2.57176e+00          nan  5.19462e+02  5.12459e+04  1.33930e+04  5.26642e+04 -4.58905e+04  7.66848e+01  8.94192e+01
24806  28  1.74511e+01          nan  1.41729e+05 -1.61465e+04  1.61543e+04  1.43421e+05 -1.37908e+05  8.40407e+01  3.53501e+02
24836   7  1.00912e+01          nan  2.26084e+04 -3.47897e+04  1.30782e+04  4.31397e+04 -4.49461e+04  7.41059e+01  3.03018e+02
24950  71  4.93757e+01          nan -2.25365e+05  1.27596e+05  1.60903e+04  2.59403e+05 -2.52431e+05  8.67234e+01  1.50483e+02
24966  14  8.13489e+00          nan  4.36794e+04  5.75432e+04  1.39222e+04  7.33440e+04 -6.85930e+04  8.00617e+01  5.27989e+01
