0  13  7.71603e+01          nan -4.38331e+03 -4.39867e+03  1.23412e+03 -2.50761e+03  6.21158e+03  9.13664e+01  4.51002e+01
1  11  9.87194e+15          nan -0.00000e+00  0.00000e+00 -1.89140e+04  0.00000e+00  2.00000e+04  0.00000e+00  3.60000e+02
2  10  3.59240e+16          nan -0.00000e+00  0.00000e+00 -1.89140e+04  0.00000e+00  2.00000e+04  0.00000e+00  3.60000e+02
3  10  8.08485e+16          nan -0.00000e+00  0.00000e+00 -1.89140e+04  0.00000e+00  2.00000e+04  0.00000e+00  3.60000e+02
4  11  1.58123e+17          nan -0.00000e+00  0.00000e+00 -1.89140e+04  0.00000e+00  2.00000e+04  0.00000e+00  3.60000e+02
5  11  2.47072e+17          nan  1.62009e+04  1.17106e+04  4.60401e+02  0.00000e+00  2.00000e+04  8.82075e+01  2.15861e+02
6  10  3.23460e+17          nan  1.64051e+04  1.14215e+04  4.38300e+02  0.00000e+00  2.00000e+04  8.81442e+01  2.14846e+02
7  11  4.84311e+17          nan  1.66164e+04  1.11120e+04  4.39188e+02  0.00000e+00  2.00000e+04  8.81467e+01  2.13772e+02
8  10  5.75078e+17          nan  1.60521e+04  1.19138e+04  4.61205e+02  0.00000e+00  2.00000e+04  8.82098e+01  2.16583e+02
9  11  8.00638e+17          nan  1.62784e+04  1.16018e+04  4.43914e+02  0.00000e+00  2.00000e+04  8.81602e+01  2.15478e+02
10  10  8.98598e+17          nan  1.59519e+04  1.20481e+04  4.69210e+02  0.00000e+00  2.00000e+04  8.82327e+01  2.17063e+02
11  11  1.19606e+18          nan  1.62863e+04  1.15910e+04  4.50464e+02  0.00000e+00  2.00000e+04  8.81790e+01  2.15440e+02
12  12  1.55283e+18          nan  1.64001e+04  1.14294e+04  4.50902e+02  0.00000e+00  2.00000e+04  8.81803e+01  2.14873e+02
13   9  1.36682e+18          nan  1.60587e+04  1.19057e+04  4.75383e+02  0.00000e+00  2.00000e+04  8.82504e+01  2.16553e+02
14  11  1.93748e+18          nan  1.61934e+04  1.17209e+04  4.57953e+02  0.00000e+00  2.00000e+04  8.82005e+01  2.15897e+02
15   9  1.81976e+18          nan  1.58017e+04  1.22451e+04  4.83160e+02  0.00000e+00  2.00000e+04  8.82727e+01  2.17773e+02
16  10  2.30056e+18          nan  1.60880e+04  1.18660e+04  4.72335e+02  0.00000e+00  2.00000e+04  8.82417e+01  2.16411e+02
17   7  1.81799e+18          nan  1.62962e+04  1.15781e+04  4.67633e+02  0.00000e+00  2.00000e+04  8.82282e+01  2.15393e+02
18  12  3.49403e+18          nan  1.64001e+04  1.14295e+04  4.50982e+02  0.00000e+00  2.00000e+04  8.81805e+01  2.14873e+02
19  11  3.56863e+18          nan  1.63128e+04  1.15543e+04  4.61183e+02  0.00000e+00  2.00000e+04  8.82097e+01  2.15310e+02
20  11  3.95418e+18          nan  1.64159e+04  1.14071e+04  4.56442e+02  0.00000e+00  2.00000e+04  8.81962e+01  2.14795e+02
21   8  3.17054e+18          nan  1.58909e+04  1.21296e+04  4.91091e+02  0.00000e+00  2.00000e+04  8.82955e+01  2.17355e+02
22  12  5.21956e+18          nan  1.64001e+04  1.14295e+04  4.50832e+02  0.00000e+00  2.00000e+04  8.81801e+01  2.14873e+02
23   9  4.27865e+18          nan  1.61674e+04  1.17567e+04  4.56880e+02  0.00000e+00  2.00000e+04  8.81974e+01  2.16024e+02
24  10  5.17645e+18          nan  1.59519e+04  1.20481e+04  4.69040e+02  0.00000e+00  2.00000e+04  8.82323e+01  2.17063e+02
25  11  6.17852e+18          nan  1.62964e+04  1.15769e+04  4.51892e+02  0.00000e+00  2.00000e+04  8.81831e+01  2.15390e+02
26  10  6.07519e+18          nan  1.65166e+04  1.12597e+04  4.37296e+02  0.00000e+00  2.00000e+04  8.81413e+01  2.14283e+02
27  11  7.20666e+18          nan  1.61847e+04  1.17325e+04  4.51466e+02  0.00000e+00  2.00000e+04  8.81819e+01  2.15939e+02
28  10  7.04581e+18          nan  1.61604e+04  1.17660e+04  4.52135e+02  0.00000e+00  2.00000e+04  8.81838e+01  2.16058e+02
29  11  8.31390e+18          nan  1.66164e+04  1.11120e+04  4.39194e+02  0.00000e+00  2.00000e+04  8.81467e+01  2.13772e+02
30  13  1.05148e+19          nan  1.65645e+04  1.11891e+04  4.37096e+02  0.00000e+00  2.00000e+04  8.81407e+01  2.14038e+02
31  11  9.50021e+18          nan  1.61847e+04  1.17325e+04  4.51406e+02  0.00000e+00  2.00000e+04  8.81817e+01  2.15939e+02
32   8  7.36221e+18          nan  1.65701e+04  1.11813e+04  4.44010e+02  0.00000e+00  2.00000e+04  8.81605e+01  2.14011e+02
33  12  1.17443e+19          nan  1.64001e+04  1.14295e+04  4.51005e+02  0.00000e+00  2.00000e+04  8.81806e+01  2.14873e+02
34  12  1.24669e+19          nan  1.63939e+04  1.14380e+04  4.44864e+02  0.00000e+00  2.00000e+04  8.81630e+01  2.14903e+02
35   9  9.90830e+18          nan  1.65150e+04  1.12620e+04  4.35415e+02  0.00000e+00  2.00000e+04  8.81359e+01  2.14291e+02
36  10  1.16473e+19          nan  1.62455e+04  1.16476e+04  4.39810e+02  0.00000e+00  2.00000e+04  8.81485e+01  2.15640e+02
37  13  1.59944e+19          nan  1.65645e+04  1.11892e+04  4.37206e+02  0.00000e+00  2.00000e+04  8.81410e+01  2.14039e+02
38  10  1.29774e+19          nan  1.59520e+04  1.20480e+04  4.69218e+02  0.00000e+00  2.00000e+04  8.82328e+01  2.17063e+02
39   9  1.23025e+19          nan  1.57702e+04  1.22852e+04  4.72621e+02  0.00000e+00  2.00000e+04  8.82425e+01  2.17919e+02
40  11  1.58174e+19          nan  1.66912e+04  1.09982e+04  4.19626e+02  0.00000e+00  2.00000e+04  8.80906e+01  2.13382e+02
41  12  1.81289e+19          nan  1.64956e+04  1.12909e+04  4.45769e+02  0.00000e+00  2.00000e+04  8.81656e+01  2.14391e+02
42  12  1.90241e+19          nan  1.64002e+04  1.14294e+04  4.50998e+02  0.00000e+00  2.00000e+04  8.81805e+01  2.14873e+02
43  11  1.82791e+19          nan  1.62989e+04  1.15735e+04  4.52214e+02  0.00000e+00  2.00000e+04  8.81840e+01  2.15378e+02
44  11  1.91391e+19          nan  1.61847e+04  1.17325e+04  4.51477e+02  0.00000e+00  2.00000e+04  8.81819e+01  2.15939e+02
45  10  1.81991e+19          nan  1.59519e+04  1.20481e+04  4.69127e+02  0.00000e+00  2.00000e+04  8.82325e+01  2.17063e+02
46  13  2.47220e+19          nan  1.65645e+04  1.11891e+04  4.37301e+02  0.00000e+00  2.00000e+04  8.81413e+01  2.14039e+02
47  10  1.98528e+19          nan  1.66206e+04  1.11057e+04  4.40465e+02  0.00000e+00  2.00000e+04  8.81504e+01  2.13750e+02
48  11  2.27772e+19          nan  1.63053e+04  1.15645e+04  4.54642e+02  0.00000e+00  2.00000e+04  8.81910e+01  2.15346e+02
49   9  1.94205e+19          nan  1.67953e+04  1.08396e+04  4.36491e+02  0.00000e+00  2.00000e+04  8.81390e+01  2.12838e+02
50  10  2.24681e+19          nan  1.66158e+04  1.11127e+04  4.34168e+02  0.00000e+00  2.00000e+04  8.81323e+01  2.13775e+02
51  13  3.03886e+19          nan  1.65644e+04  1.11892e+04  4.37174e+02  0.00000e+00  2.00000e+04  8.81409e+01  2.14039e+02
52  13  3.15920e+19          nan  1.69782e+04  1.05494e+04  4.14133e+02  0.00000e+00  2.00000e+04  8.80749e+01  2.11855e+02
53   9  2.27207e+19          nan  1.58018e+04  1.22450e+04  4.83161e+02  0.00000e+00  2.00000e+04  8.82727e+01  2.17773e+02
54  10  2.62069e+19          nan  1.66354e+04  1.10830e+04  4.31361e+02  0.00000e+00  2.00000e+04  8.81243e+01  2.13673e+02
55  12  3.26238e+19          nan  1.64002e+04  1.14294e+04  4.50998e+02  0.00000e+00  2.00000e+04  8.81805e+01  2.14873e+02
56  10  2.81841e+19          nan  1.64185e+04  1.14029e+04  4.48600e+02  0.00000e+00  2.00000e+04  8.81737e+01  2.14780e+02
57  11  3.21197e+19          nan  1.61847e+04  1.17326e+04  4.51462e+02  0.00000e+00  2.00000e+04  8.81819e+01  2.15939e+02
58  12  3.62799e+19          nan  1.63940e+04  1.14380e+04  4.45007e+02  0.00000e+00  2.00000e+04  8.81634e+01  2.14903e+02
59   9  2.81563e+19          nan  1.71510e+04  1.02654e+04  4.05493e+02  0.00000e+00  2.00000e+04  8.80501e+01  2.10902e+02
60  11  3.55897e+19          nan  1.63127e+04  1.15544e+04  4.61087e+02  0.00000e+00  2.00000e+04  8.82095e+01  2.15310e+02
61  12  4.01301e+19          nan  1.64957e+04  1.12908e+04  4.45578e+02  0.00000e+00  2.00000e+04  8.81650e+01  2.14390e+02
62  10  3.45472e+19          nan  1.63970e+04  1.14337e+04  4.46774e+02  0.00000e+00  2.00000e+04  8.81684e+01  2.14888e+02
63   9  3.21036e+19          nan  1.63137e+04  1.15530e+04  4.60607e+02  0.00000e+00  2.00000e+04  8.82081e+01  2.15305e+02
64  10  3.68120e+19          nan  1.61908e+04  1.17247e+04  4.63188e+02  0.00000e+00  2.00000e+04  8.82155e+01  2.15911e+02
65   9  3.41743e+19          nan  1.57519e+04  1.23085e+04  4.71240e+02  0.00000e+00  2.00000e+04  8.82386e+01  2.18004e+02
66  12  4.69785e+19          nan  1.63940e+04  1.14380e+04  4.44996e+02  0.00000e+00  2.00000e+04  8.81633e+01  2.14903e+02
67  12  4.84129e+19          nan  1.63940e+04  1.14379e+04  4.44869e+02  0.00000e+00  2.00000e+04  8.81630e+01  2.14903e+02
68  11  4.57132e+19          nan  1.66119e+04  1.11183e+04  4.32466e+02  0.00000e+00  2.00000e+04  8.81274e+01  2.13794e+02
69  10  4.27887e+19          nan  1.60521e+04  1.19138e+04  4.61011e+02  0.00000e+00  2.00000e+04  8.82092e+01  2.16583e+02
70  10  4.40379e+19          nan  1.61909e+04  1.17246e+04  4.63245e+02  0.00000e+00  2.00000e+04  8.82156e+01  2.15910e+02
71  11  4.98357e+19          nan  1.69193e+04  1.06444e+04  4.26880e+02  0.00000e+00  2.00000e+04  8.81114e+01  2.12175e+02
72  12  5.59084e+19          nan  1.63940e+04  1.14379e+04  4.44950e+02  0.00000e+00  2.00000e+04  8.81632e+01  2.14903e+02
73  11  5.26829e+19          nan  1.63923e+04  1.14404e+04  4.44570e+02  0.00000e+00  2.00000e+04  8.81621e+01  2.14912e+02
74  13  6.39791e+19          nan  1.65645e+04  1.11891e+04  4.37180e+02  0.00000e+00  2.00000e+04  8.81409e+01  2.14039e+02
75   9  4.54985e+19          nan  1.62938e+04  1.15804e+04  4.49418e+02  0.00000e+00  2.00000e+04  8.81760e+01  2.15402e+02
76  10  5.19110e+19          nan  1.69468e+04  1.05994e+04  4.08283e+02  0.00000e+00  2.00000e+04  8.80581e+01  2.12024e+02
77  11  5.86146e+19          nan  1.67078e+04  1.09743e+04  4.41244e+02  0.00000e+00  2.00000e+04  8.81526e+01  2.13298e+02
78  11  6.01470e+19          nan  1.61846e+04  1.17327e+04  4.51440e+02  0.00000e+00  2.00000e+04  8.81818e+01  2.15940e+02
79   8  4.48721e+19          nan  1.60195e+04  1.19587e+04  4.80828e+02  0.00000e+00  2.00000e+04  8.82660e+01  2.16742e+02
80  12  6.90229e+19          nan  1.64000e+04  1.14296e+04  4.50961e+02  0.00000e+00  2.00000e+04  8.81804e+01  2.14874e+02
81   7  4.12763e+19          nan  1.64006e+04  1.14287e+04  4.48047e+02  0.00000e+00  2.00000e+04  8.81721e+01  2.14871e+02
82  11  6.64742e+19          nan  1.61934e+04  1.17209e+04  4.57990e+02  0.00000e+00  2.00000e+04  8.82006e+01  2.15897e+02
83  13  8.04882e+19          nan  1.65644e+04  1.11892e+04  4.37051e+02  0.00000e+00  2.00000e+04  8.81406e+01  2.14039e+02
84  10  6.34149e+19          nan  1.59519e+04  1.20481e+04  4.69298e+02  0.00000e+00  2.00000e+04  8.82330e+01  2.17063e+02
85  11  7.14272e+19          nan  1.61412e+04  1.17913e+04  4.31963e+02  0.00000e+00  2.00000e+04  8.81260e+01  2.16149e+02
86  11  7.31177e+19          nan  1.64655e+04  1.13340e+04  4.30763e+02  0.00000e+00  2.00000e+04  8.81225e+01  2.14542e+02
87   9  6.12229e+19          nan  1.63797e+04  1.14583e+04  4.43660e+02  0.00000e+00  2.00000e+04  8.81595e+01  2.14974e+02
88   9  6.26384e+19          nan  1.63138e+04  1.15529e+04  4.60917e+02  0.00000e+00  2.00000e+04  8.82090e+01  2.15305e+02
89  10  7.11891e+19          nan  1.64185e+04  1.14030e+04  4.48506e+02  0.00000e+00  2.00000e+04  8.81734e+01  2.14781e+02
90   9  6.55180e+19          nan  1.66808e+04  1.10155e+04  4.46067e+02  0.00000e+00  2.00000e+04  8.81664e+01  2.13439e+02
91  11  8.18670e+19          nan  1.62010e+04  1.17106e+04  4.60635e+02  0.00000e+00  2.00000e+04  8.82082e+01  2.15861e+02
92  11  8.36762e+19          nan  1.63053e+04  1.15645e+04  4.54691e+02  0.00000e+00  2.00000e+04  8.81911e+01  2.15346e+02
93   7  5.44123e+19          nan  1.54738e+04  1.26574e+04  4.94737e+02  0.00000e+00  2.00000e+04  8.83059e+01  2.19283e+02
94  12  9.52951e+19          nan  1.64002e+04  1.14294e+04  4.51055e+02  0.00000e+00  2.00000e+04  8.81807e+01  2.14873e+02
95  11  8.92223e+19          nan  1.62009e+04  1.17107e+04  4.60549e+02  0.00000e+00  2.00000e+04  8.82079e+01  2.15861e+02
96  12  9.93934e+19          nan  1.64000e+04  1.14296e+04  4.50961e+02  0.00000e+00  2.00000e+04  8.81804e+01  2.14874e+02
97  11  9.30186e+19          nan  1.63129e+04  1.15541e+04  4.61108e+02  0.00000e+00  2.00000e+04  8.82095e+01  2.15309e+02
98  10  8.63149e+19          nan  1.59519e+04  1.20481e+04  4.69263e+02  0.00000e+00  2.00000e+04  8.82329e+01  2.17063e+02
99  10  8.80855e+19          nan  1.67045e+04  1.09783e+04  4.24056e+02  0.00000e+00  2.00000e+04  8.81033e+01  2.13313e+02
100  11  9.88614e+19          nan  1.62011e+04  1.17104e+04  4.60300e+02  0.00000e+00  2.00000e+04  8.82072e+01  2.15860e+02
101  11  1.00849e+20          nan  1.65820e+04  1.11630e+04  4.34556e+02  0.00000e+00  2.00000e+04  8.81334e+01  2.13948e+02
102  12  1.12206e+20          nan  1.63886e+04  1.14455e+04  4.42384e+02  0.00000e+00  2.00000e+04  8.81559e+01  2.14930e+02
103  12  1.14417e+20          nan  1.63941e+04  1.14377e+04  4.44885e+02  0.00000e+00  2.00000e+04  8.81630e+01  2.14902e+02
104  10  9.72078e+19          nan  1.60880e+04  1.18659e+04  4.72260e+02  0.00000e+00  2.00000e+04  8.82415e+01  2.16411e+02
105  10  9.90862e+19          nan  1.64123e+04  1.14116e+04  4.45633e+02  0.00000e+00  2.00000e+04  8.81652e+01  2.14811e+02
106  12  1.21179e+20          nan  1.67784e+04  1.08650e+04  4.24990e+02  0.00000e+00  2.00000e+04  8.81060e+01  2.12926e+02
107  11  1.13187e+20          nan  1.66163e+04  1.11121e+04  4.39308e+02  0.00000e+00  2.00000e+04  8.81470e+01  2.13772e+02
108  11  1.15312e+20          nan  1.65624e+04  1.11914e+04  4.22893e+02  0.00000e+00  2.00000e+04  8.81000e+01  2.14047e+02
109  10  1.06779e+20          nan  1.60448e+04  1.19232e+04  4.52778e+02  0.00000e+00  2.00000e+04  8.81856e+01  2.16617e+02
110  12  1.30497e+20          nan  1.66789e+04  1.10180e+04  4.39699e+02  0.00000e+00  2.00000e+04  8.81482e+01  2.13449e+02
111  12  1.32881e+20          nan  1.64956e+04  1.12909e+04  4.45786e+02  0.00000e+00  2.00000e+04  8.81656e+01  2.14391e+02
112  12  1.35286e+20          nan  1.66613e+04  1.10436e+04  4.23690e+02  0.00000e+00  2.00000e+04  8.81023e+01  2.13538e+02
113  11  1.26236e+20          nan  1.66117e+04  1.11186e+04  4.32182e+02  0.00000e+00  2.00000e+04  8.81266e+01  2.13795e+02
114   9  1.05120e+20          nan  1.61411e+04  1.17931e+04  4.62644e+02  0.00000e+00  2.00000e+04  8.82139e+01  2.16153e+02
115  11  1.30744e+20          nan  1.62009e+04  1.17106e+04  4.60389e+02  0.00000e+00  2.00000e+04  8.82075e+01  2.15861e+02
116  11  1.33028e+20          nan  1.65058e+04  1.12762e+04  4.48194e+02  0.00000e+00  2.00000e+04  8.81725e+01  2.14340e+02
117  12  1.47635e+20          nan  1.63940e+04  1.14379e+04  4.44724e+02  0.00000e+00  2.00000e+04  8.81626e+01  2.14903e+02
118  11  1.37655e+20          nan  1.67202e+04  1.09549e+04  4.33516e+02  0.00000e+00  2.00000e+04  8.81304e+01  2.13232e+02
119  11  1.39998e+20          nan  1.65059e+04  1.12761e+04  4.48151e+02  0.00000e+00  2.00000e+04  8.81724e+01  2.14339e+02
120  10  1.29419e+20          nan  1.61690e+04  1.17543e+04  4.54649e+02  0.00000e+00  2.00000e+04  8.81910e+01  2.16016e+02
121  10  1.31585e+20          nan  1.60787e+04  1.18783e+04  4.69826e+02  0.00000e+00  2.00000e+04  8.82345e+01  2.16456e+02
122  10  1.33769e+20          nan  1.60519e+04  1.19141e+04  4.61016e+02  0.00000e+00  2.00000e+04  8.82093e+01  2.16583e+02
123  13  1.76762e+20          nan  1.65645e+04  1.11891e+04  4.37099e+02  0.00000e+00  2.00000e+04  8.81407e+01  2.14039e+02
124  12  1.65829e+20          nan  1.63940e+04  1.14379e+04  4.44813e+02  0.00000e+00  2.00000e+04  8.81628e+01  2.14903e+02
125  10  1.40429e+20          nan  1.63786e+04  1.14598e+04  4.43751e+02  0.00000e+00  2.00000e+04  8.81598e+01  2.14980e+02
126  12  1.71221e+20          nan  1.65885e+04  1.11538e+04  4.42332e+02  0.00000e+00  2.00000e+04  8.81557e+01  2.13916e+02
127   8  1.15967e+20          nan  1.63720e+04  1.14687e+04  4.32562e+02  0.00000e+00  2.00000e+04  8.81277e+01  2.15012e+02
128  10  1.47250e+20          nan  1.63969e+04  1.14338e+04  4.46705e+02  0.00000e+00  2.00000e+04  8.81682e+01  2.14889e+02
129   8  1.19648e+20          nan  1.61460e+04  1.17863e+04  4.61647e+02  0.00000e+00  2.00000e+04  8.82111e+01  2.16129e+02
130  10  1.51888e+20          nan  1.59520e+04  1.20479e+04  4.69161e+02  0.00000e+00  2.00000e+04  8.82326e+01  2.17062e+02
131  11  1.69657e+20          nan  1.63054e+04  1.15644e+04  4.54596e+02  0.00000e+00  2.00000e+04  8.81909e+01  2.15346e+02
132  13  2.03576e+20          nan  1.65645e+04  1.11892e+04  4.37052e+02  0.00000e+00  2.00000e+04  8.81406e+01  2.14039e+02
133  11  1.74877e+20          nan  1.63127e+04  1.15544e+04  4.61249e+02  0.00000e+00  2.00000e+04  8.82099e+01  2.15310e+02
134  12  1.93654e+20          nan  1.67783e+04  1.08652e+04  4.25036e+02  0.00000e+00  2.00000e+04  8.81061e+01  2.12926e+02
135  10  1.63796e+20          nan  1.64103e+04  1.14152e+04  4.56863e+02  0.00000e+00  2.00000e+04  8.81974e+01  2.14823e+02
136  13  2.16101e+20          nan  1.64627e+04  1.13378e+04  4.29020e+02  0.00000e+00  2.00000e+04  8.81176e+01  2.14555e+02
137  11  1.85554e+20          nan  1.67201e+04  1.09549e+04  4.33512e+02  0.00000e+00  2.00000e+04  8.81304e+01  2.13233e+02
138  11  1.88273e+20          nan  1.62989e+04  1.15735e+04  4.52414e+02  0.00000e+00  2.00000e+04  8.81846e+01  2.15378e+02
139   9  1.56282e+20          nan  1.63137e+04  1.15530e+04  4.60900e+02  0.00000e+00  2.00000e+04  8.82089e+01  2.15305e+02
140   9  1.58538e+20          nan  1.58017e+04  1.22451e+04  4.83247e+02  0.00000e+00  2.00000e+04  8.82730e+01  2.17773e+02
141  10  1.78679e+20          nan  1.60679e+04  1.18926e+04  4.62861e+02  0.00000e+00  2.00000e+04  8.82145e+01  2.16507e+02
142  10  1.81223e+20          nan  1.64103e+04  1.14152e+04  4.56592e+02  0.00000e+00  2.00000e+04  8.81966e+01  2.14823e+02
143  13  2.38920e+20          nan  1.65645e+04  1.11891e+04  4.37086e+02  0.00000e+00  2.00000e+04  8.81407e+01  2.14038e+02
144   9  1.67727e+20          nan  1.67761e+04  1.08682e+04  4.18641e+02  0.00000e+00  2.00000e+04  8.80878e+01  2.12937e+02
145  12  2.26753e+20          nan  1.63941e+04  1.14378e+04  4.44968e+02  0.00000e+00  2.00000e+04  8.81633e+01  2.14903e+02
146  14  2.68207e+20          nan  1.68728e+04  1.07178e+04  4.25613e+02  0.00000e+00  2.00000e+04  8.81078e+01  2.12424e+02
147  11  2.13631e+20          nan  1.62989e+04  1.15734e+04  4.52246e+02  0.00000e+00  2.00000e+04  8.81841e+01  2.15378e+02
148  11  2.16547e+20          nan  1.62887e+04  1.15874e+04  4.45087e+02  0.00000e+00  2.00000e+04  8.81636e+01  2.15427e+02
149  13  2.59390e+20          nan  1.66501e+04  1.10610e+04  4.30536e+02  0.00000e+00  2.00000e+04  8.81219e+01  2.13597e+02
150  10  2.02218e+20          nan  1.66073e+04  1.11253e+04  4.33248e+02  0.00000e+00  2.00000e+04  8.81297e+01  2.13818e+02
151  11  2.25415e+20          nan  1.70137e+04  1.04923e+04  4.18943e+02  0.00000e+00  2.00000e+04  8.80887e+01  2.11662e+02
152   9  1.86882e+20          nan  1.61409e+04  1.17933e+04  4.62450e+02  0.00000e+00  2.00000e+04  8.82134e+01  2.16154e+02
153   9  1.89349e+20          nan  1.66709e+04  1.10303e+04  4.43608e+02  0.00000e+00  2.00000e+04  8.81594e+01  2.13491e+02
154  11  2.34461e+20          nan  1.61846e+04  1.17326e+04  4.51437e+02  0.00000e+00  2.00000e+04  8.81818e+01  2.15939e+02
155  11  2.37516e+20          nan  1.66081e+04  1.11239e+04  4.29448e+02  0.00000e+00  2.00000e+04  8.81188e+01  2.13814e+02
156  12  2.62462e+20          nan  1.63939e+04  1.14381e+04  4.44769e+02  0.00000e+00  2.00000e+04  8.81627e+01  2.14904e+02
157   9  1.99379e+20          nan  1.61411e+04  1.17931e+04  4.62284e+02  0.00000e+00  2.00000e+04  8.82129e+01  2.16153e+02
158   9  2.01927e+20          nan  1.59005e+04  1.21157e+04  4.65658e+02  0.00000e+00  2.00000e+04  8.82226e+01  2.17306e+02
159  13  2.95376e+20          nan  1.67392e+04  1.09255e+04  4.29084e+02  0.00000e+00  2.00000e+04  8.81177e+01  2.13132e+02
160  11  2.53087e+20          nan  1.66165e+04  1.11119e+04  4.39227e+02  0.00000e+00  2.00000e+04  8.81468e+01  2.13772e+02
161  12  2.79557e+20          nan  1.63709e+04  1.14701e+04  4.28066e+02  0.00000e+00  2.00000e+04  8.81148e+01  2.15017e+02
162  15  3.53800e+20          nan  1.70611e+04  1.04149e+04  4.16588e+02  0.00000e+00  2.00000e+04  8.80819e+01  2.11402e+02
163  12  2.86545e+20          nan  1.63939e+04  1.14380e+04  4.44744e+02  0.00000e+00  2.00000e+04  8.81626e+01  2.14904e+02
164  11  2.65899e+20          nan  1.63053e+04  1.15646e+04  4.54858e+02  0.00000e+00  2.00000e+04  8.81916e+01  2.15346e+02
165  10  2.44684e+20          nan  1.63861e+04  1.14495e+04  4.51033e+02  0.00000e+00  2.00000e+04  8.81806e+01  2.14943e+02
166  10  2.47659e+20          nan  1.65333e+04  1.12354e+04  4.42500e+02  0.00000e+00  2.00000e+04  8.81562e+01  2.14199e+02
167  12  3.00782e+20          nan  1.64000e+04  1.14296e+04  4.51019e+02  0.00000e+00  2.00000e+04  8.81806e+01  2.14874e+02
168  12  3.04395e+20          nan  1.64954e+04  1.12912e+04  4.46607e+02  0.00000e+00  2.00000e+04  8.81680e+01  2.14392e+02
169   8  2.05353e+20          nan  1.55809e+04  1.25251e+04  4.88669e+02  0.00000e+00  2.00000e+04  8.82885e+01  2.18795e+02
170  11  2.85712e+20          nan  1.60650e+04  1.18958e+04  4.49147e+02  0.00000e+00  2.00000e+04  8.81752e+01  2.16519e+02
171   9  2.36522e+20          nan  1.64172e+04  1.14046e+04  4.45902e+02  0.00000e+00  2.00000e+04  8.81659e+01  2.14787e+02
172  11  2.92474e+20          nan  1.61847e+04  1.17326e+04  4.51322e+02  0.00000e+00  2.00000e+04  8.81815e+01  2.15939e+02
173  10  2.68986e+20          nan  1.60421e+04  1.19272e+04  4.58338e+02  0.00000e+00  2.00000e+04  8.82016e+01  2.16631e+02
174  11  2.99315e+20          nan  1.64707e+04  1.13266e+04  4.33552e+02  0.00000e+00  2.00000e+04  8.81305e+01  2.14516e+02
175  12  3.30289e+20          nan  1.64000e+04  1.14296e+04  4.51047e+02  0.00000e+00  2.00000e+04  8.81807e+01  2.14874e+02
176   8  2.22717e+20          nan  1.60211e+04  1.19561e+04  4.71671e+02  0.00000e+00  2.00000e+04  8.82398e+01  2.16733e+02
177  10  2.81568e+20          nan  1.60880e+04  1.18659e+04  4.72043e+02  0.00000e+00  2.00000e+04  8.82409e+01  2.16411e+02
178  10  2.84759e+20          nan  1.60680e+04  1.18924e+04  4.62798e+02  0.00000e+00  2.00000e+04  8.82144e+01  2.16506e+02
179  13  3.74358e+20          nan  1.66449e+04  1.10685e+04  4.27039e+02  0.00000e+00  2.00000e+04  8.81119e+01  2.13623e+02
180  10  2.91194e+20          nan  1.60679e+04  1.18926e+04  4.62813e+02  0.00000e+00  2.00000e+04  8.82144e+01  2.16507e+02
181  11  3.23882e+20          nan  1.63054e+04  1.15644e+04  4.54873e+02  0.00000e+00  2.00000e+04  8.81917e+01  2.15346e+02
182   9  2.67931e+20          nan  1.66301e+04  1.10914e+04  4.37662e+02  0.00000e+00  2.00000e+04  8.81423e+01  2.13701e+02
183  12  3.61178e+20          nan  1.65802e+04  1.11658e+04  4.36671e+02  0.00000e+00  2.00000e+04  8.81395e+01  2.13958e+02
184  13  3.95564e+20          nan  1.65577e+04  1.11988e+04  4.30021e+02  0.00000e+00  2.00000e+04  8.81204e+01  2.14072e+02
185  10  3.07596e+20          nan  1.61691e+04  1.17542e+04  4.54649e+02  0.00000e+00  2.00000e+04  8.81910e+01  2.16015e+02
186  11  3.42024e+20          nan  1.61848e+04  1.17324e+04  4.51535e+02  0.00000e+00  2.00000e+04  8.81821e+01  2.15938e+02
187  12  3.77140e+20          nan  1.69698e+04  1.05634e+04  4.21793e+02  0.00000e+00  2.00000e+04  8.80968e+01  2.11902e+02
188  11  3.49419e+20          nan  1.61849e+04  1.17323e+04  4.51187e+02  0.00000e+00  2.00000e+04  8.81811e+01  2.15938e+02
189  11  3.53146e+20          nan  1.62988e+04  1.15736e+04  4.52068e+02  0.00000e+00  2.00000e+04  8.81836e+01  2.15378e+02
190  11  3.56893e+20          nan  1.67204e+04  1.09546e+04  4.33739e+02  0.00000e+00  2.00000e+04  8.81311e+01  2.13231e+02
191  12  3.93446e+20          nan  1.64957e+04  1.12908e+04  4.45705e+02  0.00000e+00  2.00000e+04  8.81654e+01  2.14391e+02
192  13  4.30709e+20          nan  1.65644e+04  1.11892e+04  4.37193e+02  0.00000e+00  2.00000e+04  8.81410e+01  2.14039e+02
193  12  4.01729e+20          nan  1.69604e+04  1.05793e+04  4.34863e+02  0.00000e+00  2.00000e+04  8.81343e+01  2.11955e+02
194   9  3.04427e+20          nan  1.66622e+04  1.10428e+04  4.31860e+02  0.00000e+00  2.00000e+04  8.81257e+01  2.13534e+02
195  10  3.41749e+20          nan  1.68575e+04  1.07419e+04  4.26193e+02  0.00000e+00  2.00000e+04  8.81095e+01  2.12506e+02
196  11  3.79789e+20          nan  1.63054e+04  1.15645e+04  4.54735e+02  0.00000e+00  2.00000e+04  8.81913e+01  2.15346e+02
197  11  3.83674e+20          nan  1.62008e+04  1.17108e+04  4.60363e+02  0.00000e+00  2.00000e+04  8.82074e+01  2.15861e+02
198  11  3.87580e+20          nan  1.65112e+04  1.12681e+04  4.45513e+02  0.00000e+00  2.00000e+04  8.81648e+01  2.14312e+02
199  12  4.27096e+20          nan  1.63940e+04  1.14380e+04  4.44881e+02  0.00000e+00  2.00000e+04  8.81630e+01  2.14903e+02
200  11  3.95449e+20          nan  1.66117e+04  1.11186e+04  4.32419e+02  0.00000e+00  2.00000e+04  8.81273e+01  2.13795e+02
201   9  3.26793e+20          nan  1.62628e+04  1.16233e+04  4.36370e+02  0.00000e+00  2.00000e+04  8.81386e+01  2.15554e+02
202   7  2.56708e+20          nan  1.54469e+04  1.26902e+04  4.93456e+02  0.00000e+00  2.00000e+04  8.83022e+01  2.19404e+02
203  11  4.07402e+20          nan  1.61846e+04  1.17326e+04  4.51148e+02  0.00000e+00  2.00000e+04  8.81810e+01  2.15939e+02
204  10  3.74023e+20          nan  1.62757e+04  1.16057e+04  4.45110e+02  0.00000e+00  2.00000e+04  8.81637e+01  2.15491e+02
205  11  4.15469e+20          nan  1.62863e+04  1.15911e+04  4.50483e+02  0.00000e+00  2.00000e+04  8.81791e+01  2.15440e+02
206  11  4.19532e+20          nan  1.62783e+04  1.16019e+04  4.43732e+02  0.00000e+00  2.00000e+04  8.81597e+01  2.15478e+02
207   9  3.46594e+20          nan  1.63138e+04  1.15529e+04  4.60714e+02  0.00000e+00  2.00000e+04  8.82084e+01  2.15305e+02
208  10  3.88834e+20          nan  1.64185e+04  1.14030e+04  4.48399e+02  0.00000e+00  2.00000e+04  8.81731e+01  2.14781e+02
209  10  3.92582e+20          nan  1.60682e+04  1.18922e+04  4.62842e+02  0.00000e+00  2.00000e+04  8.82145e+01  2.16506e+02
210   8  3.17078e+20          nan  1.57348e+04  1.23312e+04  4.87588e+02  0.00000e+00  2.00000e+04  8.82854e+01  2.18085e+02
211  12  4.80158e+20          nan  1.64955e+04  1.12910e+04  4.45753e+02  0.00000e+00  2.00000e+04  8.81655e+01  2.14391e+02
212  11  4.44327e+20          nan  1.63054e+04  1.15644e+04  4.54532e+02  0.00000e+00  2.00000e+04  8.81907e+01  2.15346e+02
213  12  4.89304e+20          nan  1.65413e+04  1.12222e+04  4.16912e+02  0.00000e+00  2.00000e+04  8.80828e+01  2.14154e+02
214  11  4.52750e+20          nan  1.64766e+04  1.13183e+04  4.40291e+02  0.00000e+00  2.00000e+04  8.81499e+01  2.14486e+02
215  12  4.98536e+20          nan  1.63940e+04  1.14380e+04  4.45146e+02  0.00000e+00  2.00000e+04  8.81638e+01  2.14903e+02
216  12  5.03184e+20          nan  1.66810e+04  1.10146e+04  4.37006e+02  0.00000e+00  2.00000e+04  8.81404e+01  2.13437e+02
217   9  3.80890e+20          nan  1.61613e+04  1.17652e+04  4.57528e+02  0.00000e+00  2.00000e+04  8.81993e+01  2.16054e+02
218  13  5.55258e+20          nan  1.65643e+04  1.11894e+04  4.37110e+02  0.00000e+00  2.00000e+04  8.81407e+01  2.14040e+02
219   9  3.87944e+20          nan  1.57517e+04  1.23088e+04  4.71202e+02  0.00000e+00  2.00000e+04  8.82385e+01  2.18005e+02
220  11  4.78494e+20          nan  1.61847e+04  1.17326e+04  4.51260e+02  0.00000e+00  2.00000e+04  8.81813e+01  2.15939e+02
221  12  5.26749e+20          nan  1.64956e+04  1.12909e+04  4.45529e+02  0.00000e+00  2.00000e+04  8.81649e+01  2.14391e+02
222  13  5.75821e+20          nan  1.65644e+04  1.11893e+04  4.36968e+02  0.00000e+00  2.00000e+04  8.81403e+01  2.14039e+02
223  11  4.91633e+20          nan  1.66011e+04  1.11349e+04  4.40397e+02  0.00000e+00  2.00000e+04  8.81502e+01  2.13851e+02
224  13  5.86243e+20          nan  1.65646e+04  1.11890e+04  4.37065e+02  0.00000e+00  2.00000e+04  8.81406e+01  2.14038e+02
225  13  5.91489e+20          nan  1.66501e+04  1.10610e+04  4.31059e+02  0.00000e+00  2.00000e+04  8.81234e+01  2.13597e+02
226  12  5.50854e+20          nan  1.65802e+04  1.11658e+04  4.36721e+02  0.00000e+00  2.00000e+04  8.81396e+01  2.13958e+02
227  11  5.09428e+20          nan  1.66119e+04  1.11184e+04  4.32227e+02  0.00000e+00  2.00000e+04  8.81267e+01  2.13795e+02
228  11  5.13926e+20          nan  1.68954e+04  1.06813e+04  4.11642e+02  0.00000e+00  2.00000e+04  8.80677e+01  2.12301e+02
229  13  6.12707e+20          nan  1.65578e+04  1.11986e+04  4.29707e+02  0.00000e+00  2.00000e+04  8.81195e+01  2.14072e+02
230  11  5.22982e+20          nan  1.62819e+04  1.15968e+04  4.42763e+02  0.00000e+00  2.00000e+04  8.81569e+01  2.15461e+02
231  12  5.75498e+20          nan  1.63940e+04  1.14378e+04  4.44900e+02  0.00000e+00  2.00000e+04  8.81631e+01  2.14903e+02
232  11  5.32117e+20          nan  1.63054e+04  1.15644e+04  4.54611e+02  0.00000e+00  2.00000e+04  8.81909e+01  2.15346e+02
233  11  5.36714e+20          nan  1.61933e+04  1.17210e+04  4.57946e+02  0.00000e+00  2.00000e+04  8.82005e+01  2.15898e+02
234  11  5.41331e+20          nan  1.66120e+04  1.11182e+04  4.32346e+02  0.00000e+00  2.00000e+04  8.81271e+01  2.13794e+02
235  10  4.96334e+20          nan  1.69711e+04  1.05616e+04  4.27556e+02  0.00000e+00  2.00000e+04  8.81134e+01  2.11895e+02
236  10  5.00567e+20          nan  1.60681e+04  1.18924e+04  4.62801e+02  0.00000e+00  2.00000e+04  8.82144e+01  2.16506e+02
237  12  6.05782e+20          nan  1.63999e+04  1.14298e+04  4.51044e+02  0.00000e+00  2.00000e+04  8.81807e+01  2.14874e+02
238  13  6.61814e+20          nan  1.65644e+04  1.11892e+04  4.37050e+02  0.00000e+00  2.00000e+04  8.81406e+01  2.14039e+02
239  10  5.13374e+20          nan  1.60680e+04  1.18924e+04  4.62956e+02  0.00000e+00  2.00000e+04  8.82148e+01  2.16506e+02
240  13  6.72983e+20          nan  1.65645e+04  1.11892e+04  4.37239e+02  0.00000e+00  2.00000e+04  8.81411e+01  2.14039e+02
241  10  5.22003e+20          nan  1.64054e+04  1.14212e+04  4.38394e+02  0.00000e+00  2.00000e+04  8.81444e+01  2.14845e+02
242  10  5.26343e+20          nan  1.60881e+04  1.18658e+04  4.72174e+02  0.00000e+00  2.00000e+04  8.82412e+01  2.16411e+02
243  13  6.89913e+20          nan  1.65646e+04  1.11890e+04  4.37181e+02  0.00000e+00  2.00000e+04  8.81409e+01  2.14038e+02
244  11  5.88587e+20          nan  1.67079e+04  1.09741e+04  4.41084e+02  0.00000e+00  2.00000e+04  8.81521e+01  2.13298e+02
245  10  5.39474e+20          nan  1.64051e+04  1.14215e+04  4.38047e+02  0.00000e+00  2.00000e+04  8.81434e+01  2.14846e+02
246  10  5.43887e+20          nan  1.60308e+04  1.19420e+04  4.51289e+02  0.00000e+00  2.00000e+04  8.81814e+01  2.16684e+02
247  10  5.48318e+20          nan  1.60657e+04  1.18956e+04  4.62455e+02  0.00000e+00  2.00000e+04  8.82134e+01  2.16518e+02
248  12  6.63320e+20          nan  1.64000e+04  1.14297e+04  4.51028e+02  0.00000e+00  2.00000e+04  8.81806e+01  2.14874e+02
249  10  5.57234e+20          nan  1.61766e+04  1.17441e+04  4.59238e+02  0.00000e+00  2.00000e+04  8.82042e+01  2.15979e+02
250  11  6.17890e+20          nan  1.63127e+04  1.15544e+04  4.61087e+02  0.00000e+00  2.00000e+04  8.82095e+01  2.15310e+02
251  12  6.79465e+20          nan  1.63999e+04  1.14298e+04  4.50977e+02  0.00000e+00  2.00000e+04  8.81805e+01  2.14874e+02
252  10  5.70742e+20          nan  1.59519e+04  1.20481e+04  4.68783e+02  0.00000e+00  2.00000e+04  8.82315e+01  2.17063e+02
253  11  6.32809e+20          nan  1.66165e+04  1.11118e+04  4.39085e+02  0.00000e+00  2.00000e+04  8.81464e+01  2.13771e+02
254   9  5.21854e+20          nan  1.65036e+04  1.12791e+04  4.44846e+02  0.00000e+00  2.00000e+04  8.81629e+01  2.14350e+02
255  13  7.59736e+20          nan  1.64629e+04  1.13375e+04  4.28952e+02  0.00000e+00  2.00000e+04  8.81174e+01  2.14554e+02
256   8  4.71204e+20          nan  1.61388e+04  1.17965e+04  4.68462e+02  0.00000e+00  2.00000e+04  8.82306e+01  2.16164e+02
257  12  7.12338e+20          nan  1.63886e+04  1.14455e+04  4.42135e+02  0.00000e+00  2.00000e+04  8.81551e+01  2.14930e+02
258  11  6.58068e+20          nan  1.66079e+04  1.11241e+04  4.29452e+02  0.00000e+00  2.00000e+04  8.81188e+01  2.13814e+02
259  10  6.02890e+20          nan  1.60881e+04  1.18658e+04  4.72060e+02  0.00000e+00  2.00000e+04  8.82409e+01  2.16411e+02
260  10  6.07555e+20          nan  1.64051e+04  1.14216e+04  4.38367e+02  0.00000e+00  2.00000e+04  8.81443e+01  2.14846e+02
261  11  6.73461e+20          nan  1.63130e+04  1.15540e+04  4.60847e+02  0.00000e+00  2.00000e+04  8.82088e+01  2.15309e+02
262  12  7.40325e+20          nan  1.71341e+04  1.02934e+04  4.01089e+02  0.00000e+00  2.00000e+04  8.80375e+01  2.10996e+02
263  11  6.83822e+20          nan  1.61847e+04  1.17326e+04  4.51399e+02  0.00000e+00  2.00000e+04  8.81817e+01  2.15939e+02
264  13  8.14310e+20          nan  1.67413e+04  1.09225e+04  4.31702e+02  0.00000e+00  2.00000e+04  8.81252e+01  2.13122e+02
265  11  6.94262e+20          nan  1.64767e+04  1.13182e+04  4.40343e+02  0.00000e+00  2.00000e+04  8.81500e+01  2.14486e+02
266  10  6.35919e+20          nan  1.60678e+04  1.18927e+04  4.62503e+02  0.00000e+00  2.00000e+04  8.82135e+01  2.16507e+02
267  12  7.68852e+20          nan  1.64956e+04  1.12909e+04  4.45726e+02  0.00000e+00  2.00000e+04  8.81654e+01  2.14391e+02
268   9  5.80966e+20          nan  1.59005e+04  1.21156e+04  4.65411e+02  0.00000e+00  2.00000e+04  8.82219e+01  2.17306e+02
269  10  6.50344e+20          nan  1.64185e+04  1.14029e+04  4.48359e+02  0.00000e+00  2.00000e+04  8.81730e+01  2.14780e+02
270  10  6.55189e+20          nan  1.60682e+04  1.18922e+04  4.63076e+02  0.00000e+00  2.00000e+04  8.82152e+01  2.16505e+02
271  12  7.92061e+20          nan  1.69669e+04  1.05679e+04  4.19267e+02  0.00000e+00  2.00000e+04  8.80896e+01  2.11917e+02
272  10  6.64931e+20          nan  1.60522e+04  1.19137e+04  4.60674e+02  0.00000e+00  2.00000e+04  8.82083e+01  2.16582e+02
273   9  6.02846e+20          nan  1.70337e+04  1.04603e+04  4.26434e+02  0.00000e+00  2.00000e+04  8.81101e+01  2.11554e+02
274  12  8.09695e+20          nan  1.64002e+04  1.14294e+04  4.50745e+02  0.00000e+00  2.00000e+04  8.81798e+01  2.14873e+02
275  12  8.15616e+20          nan  1.63888e+04  1.14453e+04  4.42456e+02  0.00000e+00  2.00000e+04  8.81561e+01  2.14929e+02
276  12  8.21558e+20          nan  1.63940e+04  1.14379e+04  4.44997e+02  0.00000e+00  2.00000e+04  8.81633e+01  2.14903e+02
277   9  6.20642e+20          nan  1.60261e+04  1.19491e+04  4.65834e+02  0.00000e+00  2.00000e+04  8.82231e+01  2.16708e+02
278  10  6.94590e+20          nan  1.67530e+04  1.09048e+04  4.35174e+02  0.00000e+00  2.00000e+04  8.81352e+01  2.13061e+02
279  12  8.39515e+20          nan  1.65886e+04  1.11536e+04  4.42629e+02  0.00000e+00  2.00000e+04  8.81566e+01  2.13916e+02
280  11  7.75082e+20          nan  1.62988e+04  1.15735e+04  4.52006e+02  0.00000e+00  2.00000e+04  8.81834e+01  2.15378e+02
281  12  8.51595e+20          nan  1.68737e+04  1.07162e+04  4.20828e+02  0.00000e+00  2.00000e+04  8.80941e+01  2.12419e+02
282  11  7.86194e+20          nan  1.62987e+04  1.15737e+04  4.52080e+02  0.00000e+00  2.00000e+04  8.81836e+01  2.15379e+02
283   7  5.03860e+20          nan  1.62676e+04  1.16175e+04  4.54710e+02  0.00000e+00  2.00000e+04  8.81912e+01  2.15532e+02
284  10  7.24896e+20          nan  1.65002e+04  1.12838e+04  4.38313e+02  0.00000e+00  2.00000e+04  8.81442e+01  2.14367e+02
285  11  8.03011e+20          nan  1.61845e+04  1.17328e+04  4.51616e+02  0.00000e+00  2.00000e+04  8.81823e+01  2.15940e+02
286   9  6.61628e+20          nan  1.65325e+04  1.12363e+04  4.37027e+02  0.00000e+00  2.00000e+04  8.81405e+01  2.14202e+02
287  12  8.88350e+20          nan  1.64957e+04  1.12908e+04  4.45751e+02  0.00000e+00  2.00000e+04  8.81655e+01  2.14390e+02
288  10  7.45459e+20          nan  1.59520e+04  1.20479e+04  4.69089e+02  0.00000e+00  2.00000e+04  8.82324e+01  2.17062e+02
289   9  6.75581e+20          nan  1.62966e+04  1.15766e+04  4.50188e+02  0.00000e+00  2.00000e+04  8.81782e+01  2.15389e+02
290  12  9.07019e+20          nan  1.64956e+04  1.12909e+04  4.45593e+02  0.00000e+00  2.00000e+04  8.81651e+01  2.14391e+02
291   9  6.84964e+20          nan  1.58018e+04  1.22450e+04  4.82938e+02  0.00000e+00  2.00000e+04  8.82721e+01  2.17772e+02
292  10  7.66310e+20          nan  1.60787e+04  1.18784e+04  4.69704e+02  0.00000e+00  2.00000e+04  8.82342e+01  2.16456e+02
293   9  6.94411e+20          nan  1.57519e+04  1.23085e+04  4.71047e+02  0.00000e+00  2.00000e+04  8.82380e+01  2.18004e+02
294   9  6.99159e+20          nan  1.64115e+04  1.14125e+04  4.40523e+02  0.00000e+00  2.00000e+04  8.81505e+01  2.14815e+02
295  10  7.82138e+20          nan  1.66287e+04  1.10937e+04  4.41034e+02  0.00000e+00  2.00000e+04  8.81520e+01  2.13709e+02
296  11  8.66194e+20          nan  1.64707e+04  1.13265e+04  4.33338e+02  0.00000e+00  2.00000e+04  8.81299e+01  2.14515e+02
297  10  7.92779e+20          nan  1.60525e+04  1.19133e+04  4.61028e+02  0.00000e+00  2.00000e+04  8.82093e+01  2.16581e+02
298  10  7.98126e+20          nan  1.64184e+04  1.14031e+04  4.48776e+02  0.00000e+00  2.00000e+04  8.81742e+01  2.14781e+02
299  11  8.83841e+20          nan  1.63052e+04  1.15647e+04  4.54645e+02  0.00000e+00  2.00000e+04  8.81910e+01  2.15347e+02
300  11  8.89763e+20          nan  1.65819e+04  1.11632e+04  4.34219e+02  0.00000e+00  2.00000e+04  8.81325e+01  2.13949e+02
301  12  9.77132e+20          nan  1.63886e+04  1.14455e+04  4.42447e+02  0.00000e+00  2.00000e+04  8.81560e+01  2.14930e+02
302  11  9.01666e+20          nan  1.62990e+04  1.15733e+04  4.52018e+02  0.00000e+00  2.00000e+04  8.81835e+01  2.15377e+02
303  10  8.25134e+20          nan  1.64125e+04  1.14114e+04  4.45466e+02  0.00000e+00  2.00000e+04  8.81647e+01  2.14810e+02
304   7  5.81412e+20          nan  1.57777e+04  1.22756e+04  4.74638e+02  0.00000e+00  2.00000e+04  8.82483e+01  2.17884e+02
305  11  9.19669e+20          nan  1.62713e+04  1.16115e+04  4.40896e+02  0.00000e+00  2.00000e+04  8.81516e+01  2.15512e+02
306  11  9.25709e+20          nan  1.61846e+04  1.17328e+04  4.51448e+02  0.00000e+00  2.00000e+04  8.81818e+01  2.15940e+02
307  10  8.47063e+20          nan  1.61691e+04  1.17542e+04  4.54813e+02  0.00000e+00  2.00000e+04  8.81915e+01  2.16016e+02
308  12  1.02311e+21          nan  1.63941e+04  1.14377e+04  4.44807e+02  0.00000e+00  2.00000e+04  8.81628e+01  2.14902e+02
309  11  9.43950e+20          nan  1.62863e+04  1.15910e+04  4.50420e+02  0.00000e+00  2.00000e+04  8.81789e+01  2.15439e+02
310  13  1.12281e+21          nan  1.65643e+04  1.11894e+04  4.37127e+02  0.00000e+00  2.00000e+04  8.81408e+01  2.14039e+02
311  11  9.56209e+20          nan  1.70136e+04  1.04925e+04  4.19109e+02  0.00000e+00  2.00000e+04  8.80891e+01  2.11663e+02
312  10  8.74880e+20          nan  1.64053e+04  1.14213e+04  4.38207e+02  0.00000e+00  2.00000e+04  8.81439e+01  2.14845e+02
313  11  9.68547e+20          nan  1.69070e+04  1.06632e+04  4.16076e+02  0.00000e+00  2.00000e+04  8.80804e+01  2.12240e+02
314  11  9.74746e+20          nan  1.66117e+04  1.11186e+04  4.32462e+02  0.00000e+00  2.00000e+04  8.81274e+01  2.13795e+02
315  11  9.80964e+20          nan  1.66118e+04  1.11185e+04  4.32682e+02  0.00000e+00  2.00000e+04  8.81280e+01  2.13795e+02
316  10  8.97457e+20          nan  1.67041e+04  1.09772e+04  3.96427e+02  0.00000e+00  2.00000e+04  8.80241e+01  2.13311e+02
317   9  8.12831e+20          nan  1.63135e+04  1.15532e+04  4.60649e+02  0.00000e+00  2.00000e+04  8.82082e+01  2.15306e+02
318  10  9.08853e+20          nan  1.60787e+04  1.18784e+04  4.69457e+02  0.00000e+00  2.00000e+04  8.82335e+01  2.16456e+02
319  11  1.00604e+21          nan  1.63053e+04  1.15646e+04  4.54813e+02  0.00000e+00  2.00000e+04  8.81915e+01  2.15346e+02
320  11  1.01235e+21          nan  1.61934e+04  1.17209e+04  4.57700e+02  0.00000e+00  2.00000e+04  8.81998e+01  2.15897e+02
321  10  9.26082e+20          nan  1.61603e+04  1.17661e+04  4.52209e+02  0.00000e+00  2.00000e+04  8.81840e+01  2.16058e+02
322  11  1.02505e+21          nan  1.62785e+04  1.16016e+04  4.43689e+02  0.00000e+00  2.00000e+04  8.81596e+01  2.15477e+02
323  10  9.37658e+20          nan  1.60786e+04  1.18785e+04  4.69478e+02  0.00000e+00  2.00000e+04  8.82335e+01  2.16456e+02
324   9  8.49125e+20          nan  1.58018e+04  1.22450e+04  4.83107e+02  0.00000e+00  2.00000e+04  8.82726e+01  2.17773e+02
325  10  9.49306e+20          nan  1.65178e+04  1.12585e+04  4.47900e+02  0.00000e+00  2.00000e+04  8.81717e+01  2.14278e+02
326  10  9.55156e+20          nan  1.62920e+04  1.15832e+04  4.52759e+02  0.00000e+00  2.00000e+04  8.81856e+01  2.15412e+02
327  11  1.05713e+21          nan  1.66119e+04  1.11184e+04  4.32453e+02  0.00000e+00  2.00000e+04  8.81274e+01  2.13795e+02
328  10  9.66912e+20          nan  1.64185e+04  1.14029e+04  4.48399e+02  0.00000e+00  2.00000e+04  8.81731e+01  2.14781e+02
329  10  9.72817e+20          nan  1.60881e+04  1.18657e+04  4.71958e+02  0.00000e+00  2.00000e+04  8.82406e+01  2.16410e+02
330  12  1.17449e+21          nan  1.64758e+04  1.13192e+04  4.35243e+02  0.00000e+00  2.00000e+04  8.81354e+01  2.14490e+02
331  10  9.84681e+20          nan  1.63985e+04  1.14317e+04  4.47812e+02  0.00000e+00  2.00000e+04  8.81714e+01  2.14881e+02
332  13  1.28783e+21          nan  1.67414e+04  1.09223e+04  4.31599e+02  0.00000e+00  2.00000e+04  8.81249e+01  2.13121e+02
333   8  7.97293e+20          nan  1.65766e+04  1.11721e+04  4.52940e+02  0.00000e+00  2.00000e+04  8.81861e+01  2.13979e+02
334  10  1.00261e+21          nan  1.63720e+04  1.14691e+04  4.40703e+02  0.00000e+00  2.00000e+04  8.81510e+01  2.15013e+02
335  12  1.21035e+21          nan  1.63939e+04  1.14380e+04  4.44687e+02  0.00000e+00  2.00000e+04  8.81625e+01  2.14903e+02
336  10  1.01465e+21          nan  1.60653e+04  1.18960e+04  4.62509e+02  0.00000e+00  2.00000e+04  8.82135e+01  2.16519e+02
337  10  1.02070e+21          nan  1.64185e+04  1.14030e+04  4.48499e+02  0.00000e+00  2.00000e+04  8.81734e+01  2.14781e+02
338  12  1.23212e+21          nan  1.63889e+04  1.14451e+04  4.42328e+02  0.00000e+00  2.00000e+04  8.81557e+01  2.14928e+02
339  10  1.03285e+21          nan  1.63590e+04  1.14876e+04  4.38709e+02  0.00000e+00  2.00000e+04  8.81453e+01  2.15077e+02
340   9  9.35061e+20          nan  1.61312e+04  1.18064e+04  4.59174e+02  0.00000e+00  2.00000e+04  8.82040e+01  2.16200e+02
341  10  1.04508e+21          nan  1.60878e+04  1.18661e+04  4.72152e+02  0.00000e+00  2.00000e+04  8.82412e+01  2.16412e+02
342  10  1.05122e+21          nan  1.64124e+04  1.14115e+04  4.45985e+02  0.00000e+00  2.00000e+04  8.81662e+01  2.14811e+02
343  12  1.26885e+21          nan  1.65950e+04  1.11444e+04  4.47225e+02  0.00000e+00  2.00000e+04  8.81697e+01  2.13883e+02
344  13  1.38261e+21          nan  1.65646e+04  1.11889e+04  4.36498e+02  0.00000e+00  2.00000e+04  8.81390e+01  2.14038e+02
345  10  1.06974e+21          nan  1.61908e+04  1.17248e+04  4.63213e+02  0.00000e+00  2.00000e+04  8.82156e+01  2.15911e+02
346   9  9.68354e+20          nan  1.61676e+04  1.17564e+04  4.56991e+02  0.00000e+00  2.00000e+04  8.81977e+01  2.16023e+02
347  12  1.29861e+21          nan  1.63941e+04  1.14377e+04  4.45028e+02  0.00000e+00  2.00000e+04  8.81634e+01  2.14902e+02
348  10  1.08842e+21          nan  1.60881e+04  1.18658e+04  4.72501e+02  0.00000e+00  2.00000e+04  8.82422e+01  2.16411e+02
349  12  1.31363e+21          nan  1.63941e+04  1.14378e+04  4.45096e+02  0.00000e+00  2.00000e+04  8.81636e+01  2.14903e+02
350  10  1.10097e+21          nan  1.60680e+04  1.18924e+04  4.62563e+02  0.00000e+00  2.00000e+04  8.82137e+01  2.16506e+02
351  10  1.10727e+21          nan  1.67215e+04  1.09521e+04  4.18526e+02  0.00000e+00  2.00000e+04  8.80875e+01  2.13224e+02
352  11  1.22495e+21          nan  1.62889e+04  1.15871e+04  4.45047e+02  0.00000e+00  2.00000e+04  8.81635e+01  2.15426e+02
353  11  1.23192e+21          nan  1.62989e+04  1.15735e+04  4.52465e+02  0.00000e+00  2.00000e+04  8.81848e+01  2.15378e+02
354  10  1.12628e+21          nan  1.64052e+04  1.14215e+04  4.38437e+02  0.00000e+00  2.00000e+04  8.81445e+01  2.14846e+02
355  10  1.13265e+21          nan  1.61729e+04  1.17489e+04  4.53374e+02  0.00000e+00  2.00000e+04  8.81874e+01  2.15997e+02
356  11  1.25295e+21          nan  1.62009e+04  1.17107e+04  4.60431e+02  0.00000e+00  2.00000e+04  8.82076e+01  2.15861e+02
357  12  1.37454e+21          nan  1.63938e+04  1.14382e+04  4.44958e+02  0.00000e+00  2.00000e+04  8.81632e+01  2.14904e+02
358  11  1.26706e+21          nan  1.67203e+04  1.09547e+04  4.33201e+02  0.00000e+00  2.00000e+04  8.81295e+01  2.13232e+02
359  12  1.38998e+21          nan  1.63942e+04  1.14376e+04  4.44522e+02  0.00000e+00  2.00000e+04  8.81620e+01  2.14902e+02
360  10  1.16478e+21          nan  1.60881e+04  1.18658e+04  4.72202e+02  0.00000e+00  2.00000e+04  8.82413e+01  2.16411e+02
361   9  1.05414e+21          nan  1.66621e+04  1.10429e+04  4.31829e+02  0.00000e+00  2.00000e+04  8.81256e+01  2.13535e+02
362  12  1.41331e+21          nan  1.63940e+04  1.14378e+04  4.44676e+02  0.00000e+00  2.00000e+04  8.81624e+01  2.14903e+02
363  10  1.18428e+21          nan  1.60880e+04  1.18659e+04  4.72226e+02  0.00000e+00  2.00000e+04  8.82414e+01  2.16411e+02
364   9  1.07173e+21          nan  1.61674e+04  1.17567e+04  4.56597e+02  0.00000e+00  2.00000e+04  8.81966e+01  2.16024e+02
365   9  1.07763e+21          nan  1.58018e+04  1.22450e+04  4.83023e+02  0.00000e+00  2.00000e+04  8.82723e+01  2.17773e+02
366  12  1.44472e+21          nan  1.63938e+04  1.14382e+04  4.45148e+02  0.00000e+00  2.00000e+04  8.81638e+01  2.14904e+02
367  10  1.21052e+21          nan  1.60422e+04  1.19270e+04  4.58525e+02  0.00000e+00  2.00000e+04  8.82021e+01  2.16630e+02
368  13  1.58226e+21          nan  1.65644e+04  1.11892e+04  4.37192e+02  0.00000e+00  2.00000e+04  8.81410e+01  2.14039e+02
369  10  1.22375e+21          nan  1.64183e+04  1.14031e+04  4.48405e+02  0.00000e+00  2.00000e+04  8.81731e+01  2.14781e+02
370   9  1.10735e+21          nan  1.61930e+04  1.17225e+04  4.78156e+02  0.00000e+00  2.00000e+04  8.82584e+01  2.15902e+02
371  11  1.36076e+21          nan  1.64981e+04  1.12864e+04  4.29621e+02  0.00000e+00  2.00000e+04  8.81193e+01  2.14376e+02
372  11  1.36810e+21          nan  1.62007e+04  1.17109e+04  4.60424e+02  0.00000e+00  2.00000e+04  8.82076e+01  2.15862e+02
