0  13  1.20071e+00
1  11  1.46604e-03
2  10  1.20783e-03
3  10  1.18589e-03
4  11  1.42813e-03
5  11  5.69797e-03
6  10  3.62492e-03
7  11  6.73103e-03
8  10  4.85897e-03
9  11  5.73301e-03
10  10  3.81517e-03
11  11  3.69310e-03
12  12  4.69017e-03
13   9  3.99709e-03
14  11  5.45621e-03
15   9  4.88496e-03
16  10  4.53782e-03
17   7  4.55976e-03
18  12  4.32515e-03
19  11  5.21612e-03
20  11  5.50699e-03
21   8  5.80621e-03
22  12  3.85380e-03
23   9  3.88408e-03
24  10  3.60703e-03
25  11  3.93701e-03
26  10  3.38721e-03
27  11  4.72212e-03
28  10  3.53718e-03
29  11  6.54006e-03
30  13  6.14810e-03
31  11  6.98805e-03
32   8  3.76797e-03
33  12  6.78492e-03
34  12  5.11694e-03
35   9  3.00598e-03
36  10  5.01204e-03
37  13  5.16510e-03
38  10  3.53193e-03
39   9  4.45008e-03
40  11  4.90022e-03
41  12  5.79000e-03
42  12  3.84617e-03
43  11  4.97508e-03
44  11  3.18384e-03
45  10  4.92787e-03
46  13  4.77529e-03
47  10  3.45492e-03
48  11  5.12695e-03
49   9  3.28398e-03
50  10  3.09587e-03
51  13  3.32785e-03
52  13  5.19013e-03
53   9  3.01600e-03
54  10  4.04811e-03
55  12  3.58319e-03
56  10  4.41289e-03
57  11  4.16875e-03
58  12  5.14793e-03
59   9  3.29089e-03
60  11  4.65894e-03
61  12  3.05486e-03
62  10  4.81796e-03
63   9  3.07894e-03
64  10  4.23312e-03
65   9  4.23002e-03
66  12  5.00107e-03
67  12  3.12281e-03
68  11  4.80509e-03
69  10  5.47409e-03
70  10  3.61490e-03
71  11  4.36711e-03
72  12  4.57621e-03
73  11  4.11630e-03
74  13  5.00202e-03
75   9  3.77226e-03
76  10  3.20888e-03
77  11  8.00800e-03
78  11  3.71981e-03
79   8  4.59814e-03
80  12  5.09691e-03
81   7  3.52001e-03
82  11  5.33676e-03
83  13  3.20292e-03
84  10  3.48210e-03
85  11  4.12202e-03
86  11  4.94003e-03
87   9  3.89886e-03
88   9  3.34692e-03
89  10  4.10604e-03
90   9  3.83997e-03
91  11  2.78497e-03
92  11  3.33476e-03
93   7  3.17693e-03
94  12  3.08084e-03
95  11  3.05629e-03
96  12  6.11305e-03
97  11  3.36194e-03
98  10  4.67610e-03
99  10  4.32992e-03
100  11  3.47209e-03
101  11  5.02205e-03
102  12  4.22692e-03
103  12  5.40209e-03
104  10  5.77474e-03
105  10  3.51906e-03
106  12  4.12703e-03
107  11  3.22008e-03
108  11  3.97491e-03
109  10  2.80499e-03
110  12  5.56421e-03
111  12  6.15120e-03
112  12  5.67198e-03
113  11  3.02100e-03
114   9  3.05009e-03
115  11  3.80778e-03
116  11  4.33087e-03
117  12  4.31275e-03
118  11  6.09589e-03
119  11  4.21619e-03
120  10  3.18575e-03
121  10  5.76687e-03
122  10  3.79801e-03
123  13  5.60212e-03
124  12  5.03874e-03
125  10  5.56493e-03
126  12  3.14212e-03
127   8  5.21207e-03
128  10  5.82004e-03
129   8  3.89290e-03
130  10  3.94893e-03
131  11  4.69899e-03
132  13  4.58431e-03
133  11  4.50420e-03
134  12  3.96895e-03
135  10  3.03197e-03
136  13  2.93279e-03
137  11  3.25298e-03
138  11  7.73120e-03
139   9  3.62611e-03
140   9  2.91109e-03
141  10  3.29113e-03
142  10  2.99978e-03
143  13  4.26602e-03
144   9  2.68507e-03
145  12  4.47083e-03
146  14  7.89380e-03
147  11  4.26078e-03
148  11  4.20618e-03
149  13  6.40416e-03
150  10  4.10986e-03
151  11  5.96881e-03
152   9  2.95210e-03
153   9  2.75612e-03
154  11  4.50897e-03
155  11  3.64518e-03
156  12  3.65686e-03
157   9  3.54004e-03
158   9  3.81899e-03
159  13  4.32396e-03
160  11  2.89774e-03
161  12  4.86517e-03
162  15  6.57511e-03
163  12  3.08895e-03
164  11  5.04398e-03
165  10  4.00305e-03
166  10  4.62413e-03
167  12  2.93303e-03
168  12  2.76804e-03
169   8  4.58598e-03
170  11  4.06098e-03
171   9  3.17407e-03
172  11  5.49507e-03
173  10  5.37682e-03
174  11  3.66378e-03
175  12  3.59797e-03
176   8  3.41988e-03
177  10  3.57866e-03
178  10  5.07498e-03
179  13  3.70717e-03
180  10  5.86534e-03
181  11  3.43394e-03
182   9  3.75032e-03
183  12  4.70090e-03
184  13  4.58694e-03
185  10  3.92699e-03
186  11  2.82383e-03
187  12  4.16303e-03
188  11  2.91514e-03
189  11  4.99892e-03
190  11  2.77615e-03
191  12  3.40581e-03
192  13  4.38285e-03
193  12  3.79419e-03
194   9  3.84116e-03
195  10  7.11799e-03
196  11  3.69787e-03
197  11  3.29709e-03
198  11  3.45707e-03
199  12  4.18472e-03
200  11  4.36306e-03
201   9  3.52502e-03
202   7  3.85308e-03
203  11  4.91381e-03
204  10  3.54004e-03
205  11  4.16684e-03
206  11  4.51994e-03
207   9  2.93231e-03
208  10  2.68698e-03
209  10  3.24106e-03
210   8  3.64590e-03
211  12  4.66490e-03
212  11  5.27692e-03
213  12  5.97978e-03
214  11  4.08173e-03
215  12  2.85101e-03
216  12  4.66895e-03
217   9  2.53201e-03
218  13  4.54807e-03
219   9  4.47392e-03
220  11  5.06377e-03
221  12  4.97508e-03
222  13  3.27086e-03
223  11  4.55999e-03
224  13  4.81200e-03
225  13  3.99017e-03
226  12  3.98707e-03
227  11  3.01504e-03
228  11  3.28779e-03
229  13  3.11589e-03
230  11  4.54211e-03
231  12  4.50706e-03
232  11  4.43482e-03
233  11  4.10199e-03
234  11  5.13721e-03
235  10  3.16000e-03
236  10  3.91436e-03
237  12  2.66194e-03
238  13  4.38118e-03
239  10  4.24600e-03
240  13  4.15778e-03
241  10  2.76995e-03
242  10  4.21810e-03
243  13  4.66609e-03
244  11  4.68779e-03
245  10  2.61593e-03
246  10  4.84276e-03
247  10  3.77989e-03
248  12  3.91603e-03
249  10  5.43690e-03
250  11  3.39317e-03
251  12  3.33309e-03
252  10  3.21698e-03
253  11  2.86603e-03
254   9  4.87924e-03
255  13  5.97215e-03
256   8  5.14913e-03
257  12  1.07322e-02
258  11  8.04090e-03
259  10  4.65298e-03
260  10  8.47816e-03
261  11  3.65019e-03
262  12  3.90887e-03
263  11  4.57764e-03
264  13  6.30593e-03
265  11  5.28312e-03
266  10  5.55325e-03
267  12  5.00512e-03
268   9  4.24218e-03
269  10  3.43490e-03
270  10  3.24893e-03
271  12  4.85778e-03
272  10  3.38507e-03
273   9  3.89624e-03
274  12  4.73380e-03
275  12  4.57501e-03
276  12  6.61683e-03
277   9  3.76177e-03
278  10  2.52128e-03
279  12  4.13108e-03
280  11  4.75216e-03
281  12  6.00410e-03
282  11  3.10707e-03
283   7  3.41296e-03
284  10  3.92413e-03
285  11  3.09038e-03
286   9  2.61188e-03
287  12  4.38213e-03
288  10  3.07012e-03
289   9  3.02315e-03
290  12  4.43292e-03
291   9  3.95083e-03
292  10  4.18115e-03
293   9  3.87907e-03
294   9  3.73983e-03
295  10  4.25124e-03
296  11  4.51994e-03
297  10  4.00186e-03
298  10  2.97213e-03
299  11  2.85482e-03
300  11  3.49069e-03
301  12  3.51810e-03
302  11  2.88916e-03
303  10  3.04389e-03
304   7  4.77195e-03
305  11  5.14197e-03
306  11  4.92692e-03
307  10  7.09891e-03
308  12  5.67102e-03
309  11  4.40812e-03
310  13  4.81200e-03
311  11  3.55506e-03
312  10  2.99907e-03
313  11  4.92501e-03
314  11  3.13210e-03
315  11  3.95298e-03
316  10  4.14181e-03
317   9  4.07100e-03
318  10  5.48673e-03
319  11  4.45986e-03
320  11  5.16486e-03
321  10  4.36616e-03
322  11  5.74183e-03
323  10  3.32689e-03
324   9  3.59511e-03
325  10  3.03793e-03
326  10  4.06814e-03
327  11  7.48086e-03
328  10  3.24130e-03
329  10  3.57699e-03
330  12  4.79484e-03
331  10  2.61402e-03
332  13  6.03127e-03
333   8  6.10995e-03
334  10  4.14586e-03
335  12  3.95727e-03
336  10  3.84998e-03
337  10  4.70781e-03
338  12  3.74913e-03
339  10  5.87797e-03
340   9  4.84776e-03
341  10  4.34208e-03
342  10  4.02904e-03
343  12  3.56007e-03
344  13  3.53312e-03
345  10  6.56390e-03
346   9  2.78401e-03
347  12  3.20697e-03
348  10  3.74293e-03
349  12  4.27985e-03
350  10  5.21493e-03
351  10  2.83718e-03
352  11  4.06408e-03
353  11  3.01194e-03
354  10  3.18694e-03
355  10  4.49204e-03
356  11  4.12107e-03
357  12  3.84021e-03
358  11  2.94900e-03
359  12  3.07703e-03
360  10  4.27914e-03
361   9  3.69501e-03
362  12  4.52304e-03
363  10  3.80397e-03
364   9  3.93414e-03
365   9  3.72601e-03
366  12  5.22089e-03
367  10  3.16787e-03
368  13  6.88481e-03
369  10  3.02792e-03
370   9  4.29392e-03
371  11  3.32499e-03
372  11  4.83894e-03
0  13  1.10750e+00
1  11  5.05686e-03
2  10  4.17495e-03
3  10  3.76010e-03
4  11  5.31101e-03
5  11  9.03797e-03
6  10  2.08831e-03
7  11  3.69000e-03
8  10  2.05803e-03
9  11  2.02084e-03
10  10  5.14793e-03
11  11  2.07996e-03
12  12  1.97625e-03
13   9  1.81913e-03
14  11  6.81329e-03
15   9  4.32611e-03
16  10  1.93620e-03
17   7  6.02794e-03
18  12  2.07996e-03
19  11  1.99294e-03
20  11  5.11193e-03
21   8  1.85394e-03
22  12  1.89495e-03
23   9  7.83992e-03
24  10  2.03800e-03
25  11  2.06900e-03
26  10  1.93381e-03
27  11  1.96886e-03
28  10  1.95312e-03
29  11  2.11215e-03
30  13  2.00701e-03
31  11  1.96290e-03
32   8  1.82199e-03
33  12  1.96314e-03
34  12  2.03323e-03
35   9  1.90616e-03
36  10  1.94192e-03
37  13  2.19703e-03
38  10  1.93286e-03
39   9  1.95932e-03
40  11  2.19703e-03
41  12  2.18296e-03
42  12  2.05803e-03
43  11  2.18105e-03
44  11  3.44086e-03
45  10  2.16293e-03
46  13  2.12789e-03
47  10  1.97697e-03
48  11  2.59590e-03
49   9  2.02084e-03
50  10  3.14188e-03
51  13  2.17509e-03
52  13  2.21181e-03
53   9  2.18987e-03
54  10  1.97291e-03
55  12  2.09522e-03
56  10  1.93000e-03
57  11  2.89607e-03
58  12  2.42209e-03
59   9  1.95789e-03
60  11  1.95217e-03
61  12  2.80809e-03
62  10  2.04992e-03
63   9  1.91689e-03
64  10  1.89495e-03
65   9  1.91116e-03
66  12  2.35987e-03
67  12  2.05112e-03
68  11  1.98412e-03
69  10  1.91307e-03
70  10  2.30908e-03
71  11  2.17295e-03
72  12  2.60901e-03
73  11  2.73514e-03
74  13  2.69914e-03
75   9  1.98817e-03
76  10  3.09205e-03
77  11  2.10094e-03
78  11  2.83909e-03
79   8  2.02894e-03
80  12  3.49522e-03
81   7  2.19703e-03
82  11  1.95479e-03
83  13  2.13599e-03
84  10  1.99127e-03
85  11  5.54180e-03
86  11  2.34890e-03
87   9  2.16484e-03
88   9  2.02394e-03
89  10  1.97101e-03
90   9  1.92308e-03
91  11  2.03300e-03
92  11  2.15483e-03
93   7  1.88017e-03
94  12  2.19274e-03
95  11  2.11096e-03
96  12  1.98913e-03
97  11  1.88804e-03
98  10  1.95408e-03
99  10  2.14791e-03
100  11  1.93095e-03
101  11  1.98412e-03
102  12  2.08497e-03
103  12  1.97697e-03
104  10  1.90902e-03
105  10  1.83201e-03
106  12  2.34199e-03
107  11  2.23517e-03
108  11  1.99580e-03
109  10  1.82796e-03
110  12  2.31910e-03
111  12  1.98889e-03
112  12  1.92189e-03
113  11  1.90997e-03
114   9  2.04897e-03
115  11  2.05588e-03
116  11  1.82915e-03
117  12  1.89590e-03
118  11  2.23303e-03
119  11  1.97101e-03
120  10  1.94979e-03
121  10  1.92738e-03
122  10  1.91903e-03
123  13  2.11501e-03
124  12  1.92976e-03
125  10  2.07305e-03
126  12  2.00486e-03
127   8  1.98197e-03
128  10  1.87206e-03
129   8  1.82319e-03
130  10  1.96314e-03
131  11  1.94383e-03
132  13  1.90187e-03
133  11  2.03705e-03
134  12  2.01607e-03
135  10  1.82390e-03
136  13  1.94502e-03
137  11  1.87802e-03
138  11  1.90496e-03
139   9  1.77979e-03
140   9  1.90520e-03
141  10  2.13790e-03
142  10  1.89209e-03
143  13  1.90282e-03
144   9  1.76787e-03
145  12  2.09475e-03
146  14  2.19703e-03
147  11  1.88613e-03
148  11  1.80101e-03
149  13  2.18606e-03
150  10  2.01082e-03
151  11  1.87397e-03
152   9  1.85871e-03
153   9  2.14815e-03
154  11  2.02394e-03
155  11  1.94383e-03
156  12  1.91402e-03
157   9  1.90496e-03
158   9  1.83010e-03
159  13  2.04492e-03
160  11  1.91927e-03
161  12  2.23589e-03
162  15  2.14410e-03
163  12  2.00200e-03
164  11  2.00438e-03
165  10  2.01082e-03
166  10  1.85609e-03
167  12  1.81699e-03
168  12  1.87588e-03
169   8  1.98483e-03
170  11  1.86205e-03
171   9  1.79982e-03
172  11  1.85394e-03
173  10  2.17295e-03
174  11  1.94192e-03
175  12  1.84798e-03
176   8  1.72997e-03
177  10  2.03800e-03
178  10  2.12717e-03
179  13  2.03323e-03
180  10  1.84608e-03
181  11  1.87302e-03
182   9  1.80197e-03
183  12  2.06304e-03
184  13  2.07901e-03
185  10  1.97196e-03
186  11  1.91426e-03
187  12  1.89900e-03
188  11  2.00391e-03
189  11  1.97673e-03
190  11  1.89209e-03
191  12  1.87707e-03
192  13  1.87278e-03
193  12  2.20585e-03
194   9  1.84608e-03
195  10  1.79911e-03
196  11  1.85013e-03
197  11  1.92714e-03
198  11  2.02799e-03
199  12  1.96719e-03
200  11  1.96981e-03
201   9  1.99509e-03
202   7  1.84917e-03
203  11  2.02489e-03
204  10  1.87278e-03
205  11  2.01011e-03
206  11  1.94025e-03
207   9  1.89304e-03
208  10  1.98197e-03
209  10  1.93977e-03
210   8  1.85704e-03
211  12  1.85513e-03
212  11  1.97196e-03
213  12  2.09713e-03
214  11  1.85609e-03
215  12  1.91808e-03
216  12  1.95885e-03
217   9  2.16508e-03
218  13  1.97196e-03
219   9  1.93191e-03
220  11  1.79291e-03
221  12  1.94669e-03
222  13  2.07806e-03
223  11  1.93095e-03
224  13  1.96290e-03
225  13  2.02703e-03
226  12  2.03586e-03
227  11  1.94693e-03
228  11  1.98913e-03
229  13  2.05731e-03
230  11  1.88112e-03
231  12  2.00391e-03
232  11  2.09999e-03
233  11  2.14577e-03
234  11  1.88017e-03
235  10  1.82199e-03
236  10  1.98698e-03
237  12  1.97911e-03
238  13  1.91212e-03
239  10  1.82605e-03
240  13  1.95503e-03
241  10  1.86396e-03
242  10  1.81603e-03
243  13  2.11811e-03
244  11  1.91998e-03
245  10  2.00009e-03
246  10  1.82605e-03
247  10  1.78218e-03
248  12  1.94788e-03
249  10  2.10476e-03
250  11  1.98293e-03
251  12  1.86801e-03
252  10  1.88017e-03
253  11  1.87182e-03
254   9  1.92714e-03
255  13  2.09379e-03
256   8  1.88017e-03
257  12  2.08116e-03
258  11  2.03800e-03
259  10  1.86181e-03
260  10  1.94383e-03
261  11  2.12407e-03
262  12  1.92690e-03
263  11  1.96385e-03
264  13  2.39825e-03
265  11  2.42305e-03
266  10  1.93977e-03
267  12  1.97506e-03
268   9  1.84321e-03
269  10  1.85537e-03
270  10  1.87612e-03
271  12  2.07996e-03
272  10  1.90687e-03
273   9  1.89805e-03
274  12  1.99389e-03
275  12  1.99604e-03
276  12  1.95527e-03
277   9  2.00486e-03
278  10  1.88017e-03
279  12  1.92523e-03
280  11  1.92094e-03
281  12  1.98007e-03
282  11  2.04611e-03
283   7  1.99604e-03
284  10  2.17485e-03
285  11  2.05112e-03
286   9  1.86872e-03
287  12  2.12598e-03
288  10  1.87612e-03
289   9  1.82199e-03
290  12  1.83392e-03
291   9  1.85323e-03
292  10  1.99795e-03
293   9  1.81699e-03
294   9  1.76620e-03
295  10  1.79315e-03
296  11  2.09904e-03
297  10  1.99723e-03
298  10  1.82009e-03
299  11  1.90187e-03
300  11  1.91379e-03
301  12  1.97816e-03
302  11  1.94573e-03
303  10  1.91307e-03
304   7  1.91689e-03
305  11  1.90902e-03
306  11  1.89304e-03
307  10  2.02394e-03
308  12  1.98388e-03
309  11  1.99389e-03
310  13  1.96791e-03
311  11  2.23112e-03
312  10  1.98317e-03
313  11  1.99199e-03
314  11  1.89805e-03
315  11  2.03276e-03
316  10  1.92690e-03
317   9  1.89114e-03
318  10  1.79315e-03
319  11  1.81890e-03
320  11  1.90592e-03
321  10  2.04706e-03
322  11  1.95289e-03
323  10  1.90592e-03
324   9  2.10404e-03
325  10  1.84107e-03
326  10  1.83606e-03
327  11  1.87993e-03
328  10  1.84894e-03
329  10  2.01392e-03
330  12  1.88184e-03
331  10  1.86515e-03
332  13  1.99103e-03
333   8  1.74093e-03
334  10  1.78695e-03
335  12  1.88088e-03
336  10  1.83392e-03
337  10  1.95503e-03
338  12  1.91617e-03
339  10  1.82605e-03
340   9  1.82724e-03
341  10  1.84989e-03
342  10  1.93310e-03
343  12  2.05588e-03
344  13  1.96886e-03
345  10  1.88589e-03
346   9  1.84989e-03
347  12  2.07186e-03
348  10  1.89209e-03
349  12  1.96004e-03
350  10  1.80984e-03
351  10  1.95694e-03
352  11  1.98674e-03
353  11  2.00486e-03
354  10  1.77288e-03
355  10  1.78909e-03
356  11  1.85990e-03
357  12  2.15292e-03
358  11  1.86110e-03
359  12  2.04682e-03
360  10  1.90091e-03
361   9  1.81603e-03
362  12  1.82796e-03
363  10  1.78504e-03
364   9  1.83010e-03
365   9  2.23279e-03
366  12  2.03919e-03
367  10  1.83392e-03
368  13  1.96886e-03
369  10  1.91402e-03
370   9  1.94716e-03
371  11  1.93191e-03
372  11  1.99413e-03
0  13  1.19771e+00
1  11  1.52183e-03
2  10  1.16301e-03
3  10  1.18327e-03
4  11  1.18709e-03
5  11  5.44405e-03
6  10  4.00925e-03
7  11  6.53195e-03
8  10  4.72188e-03
9  11  5.31888e-03
10  10  3.48902e-03
11  11  3.48067e-03
12  12  4.95601e-03
13   9  4.24194e-03
14  11  5.68604e-03
15   9  4.80604e-03
16  10  4.79484e-03
17   7  4.90189e-03
18  12  4.34899e-03
19  11  5.00798e-03
20  11  5.43499e-03
21   8  5.96094e-03
22  12  4.10700e-03
23   9  3.73697e-03
24  10  3.64995e-03
25  11  3.90720e-03
26  10  3.11184e-03
27  11  4.55499e-03
28  10  3.12781e-03
29  11  6.82712e-03
30  13  6.47306e-03
31  11  7.16686e-03
32   8  3.90577e-03
33  12  6.96802e-03
34  12  5.16915e-03
35   9  2.99120e-03
36  10  5.33009e-03
37  13  5.55897e-03
38  10  3.58295e-03
39   9  4.44078e-03
40  11  5.19514e-03
41  12  6.24013e-03
42  12  3.96109e-03
43  11  5.03492e-03
44  11  3.12209e-03
45  10  4.68111e-03
46  13  4.75788e-03
47  10  3.20578e-03
48  11  4.97293e-03
49   9  3.24297e-03
50  10  3.01790e-03
51  13  3.53003e-03
52  13  5.04613e-03
53   9  3.05820e-03
54  10  3.96109e-03
55  12  3.67522e-03
56  10  4.63200e-03
57  11  4.28176e-03
58  12  5.00894e-03
59   9  3.43800e-03
60  11  4.54783e-03
61  12  3.11995e-03
62  10  5.04994e-03
63   9  2.88582e-03
64  10  4.41074e-03
65   9  4.25911e-03
66  12  5.23782e-03
67  12  3.12495e-03
68  11  4.66800e-03
69  10  5.58329e-03
70  10  3.65376e-03
71  11  4.41098e-03
72  12  4.56405e-03
73  11  3.93200e-03
74  13  5.29099e-03
75   9  4.19831e-03
76  10  3.23892e-03
77  11  7.99918e-03
78  11  3.64614e-03
79   8  4.72403e-03
80  12  4.82297e-03
81   7  3.87812e-03
82  11  5.53489e-03
83  13  3.08609e-03
84  10  3.23415e-03
85  11  3.88598e-03
86  11  4.72236e-03
87   9  4.03523e-03
88   9  3.12090e-03
89  10  3.94392e-03
90   9  3.81613e-03
91  11  2.77090e-03
92  11  3.34287e-03
93   7  3.12710e-03
94  12  2.93016e-03
95  11  3.12495e-03
96  12  5.88679e-03
97  11  3.45707e-03
98  10  5.01299e-03
99  10  4.49181e-03
100  11  3.56889e-03
101  11  4.95005e-03
102  12  4.33493e-03
103  12  5.66697e-03
104  10  5.44190e-03
105  10  3.35193e-03
106  12  4.06885e-03
107  11  3.42703e-03
108  11  4.01521e-03
109  10  2.72369e-03
110  12  5.28097e-03
111  12  6.39391e-03
112  12  5.47409e-03
113  11  3.15499e-03
114   9  2.95210e-03
115  11  3.61490e-03
116  11  4.10509e-03
117  12  4.35877e-03
118  11  5.76305e-03
119  11  4.23789e-03
120  10  3.15189e-03
121  10  5.87225e-03
122  10  3.65686e-03
123  13  5.67174e-03
124  12  4.68874e-03
125  10  5.33795e-03
126  12  3.16787e-03
127   8  5.43404e-03
128  10  5.71012e-03
129   8  4.02904e-03
130  10  4.00400e-03
131  11  4.82464e-03
132  13  4.51612e-03
133  11  4.48203e-03
134  12  4.26006e-03
135  10  2.94781e-03
136  13  2.90298e-03
137  11  3.17693e-03
138  11  7.25412e-03
139   9  3.57008e-03
140   9  2.56276e-03
141  10  3.22104e-03
142  10  3.14808e-03
143  13  4.19497e-03
144   9  2.92611e-03
145  12  4.55213e-03
146  14  8.18706e-03
147  11  4.11677e-03
148  11  4.38905e-03
149  13  6.27089e-03
150  10  4.15206e-03
151  11  5.73802e-03
152   9  3.00097e-03
153   9  2.91085e-03
154  11  4.48799e-03
155  11  3.84784e-03
156  12  3.53575e-03
157   9  3.44610e-03
158   9  3.69501e-03
159  13  4.30894e-03
160  11  2.90203e-03
161  12  5.18417e-03
162  15  6.40678e-03
163  12  3.20292e-03
164  11  5.00298e-03
165  10  4.12607e-03
166  10  4.86684e-03
167  12  3.07107e-03
168  12  2.80690e-03
169   8  4.75097e-03
170  11  4.22311e-03
171   9  3.03221e-03
172  11  5.19514e-03
173  10  4.50921e-03
174  11  3.58486e-03
175  12  2.98500e-03
176   8  3.21674e-03
177  10  3.27778e-03
178  10  4.47798e-03
179  13  3.65305e-03
180  10  5.04494e-03
181  11  3.44324e-03
182   9  3.57890e-03
183  12  4.53401e-03
184  13  4.23765e-03
185  10  3.98731e-03
186  11  2.96402e-03
187  12  4.14395e-03
188  11  3.00002e-03
189  11  5.02014e-03
190  11  2.76709e-03
191  12  3.48401e-03
192  13  4.45509e-03
193  12  3.80802e-03
194   9  3.86310e-03
195  10  7.53379e-03
196  11  4.55284e-03
197  11  4.17995e-03
198  11  3.49808e-03
199  12  5.41687e-03
200  11  4.94003e-03
201   9  3.53408e-03
202   7  3.71504e-03
203  11  4.95100e-03
204  10  3.61490e-03
205  11  4.14586e-03
206  11  4.26912e-03
207   9  2.77686e-03
208  10  2.74205e-03
209  10  3.39627e-03
210   8  3.57628e-03
211  12  4.62699e-03
212  11  5.36919e-03
213  12  6.09994e-03
214  11  4.17900e-03
215  12  3.00813e-03
216  12  4.67706e-03
217   9  2.64502e-03
218  13  4.65822e-03
219   9  4.47989e-03
220  11  4.99773e-03
221  12  5.41472e-03
222  13  3.30806e-03
223  11  4.95791e-03
224  13  4.62103e-03
225  13  4.16374e-03
226  12  3.92604e-03
227  11  3.17311e-03
228  11  3.40486e-03
229  13  3.20292e-03
230  11  4.12083e-03
231  12  4.26507e-03
232  11  4.39501e-03
233  11  4.50897e-03
234  11  4.78578e-03
235  10  3.24726e-03
236  10  3.90697e-03
237  12  2.75087e-03
238  13  4.13895e-03
239  10  4.42910e-03
240  13  4.14610e-03
241  10  2.69604e-03
242  10  4.19807e-03
243  13  4.71282e-03
244  11  4.56619e-03
245  10  2.80190e-03
246  10  4.83108e-03
247  10  3.92914e-03
248  12  3.65686e-03
249  10  4.60887e-03
250  11  3.12209e-03
251  12  2.91610e-03
252  10  3.27110e-03
253  11  2.91896e-03
254   9  4.62103e-03
255  13  5.36489e-03
256   8  4.02212e-03
257  12  4.48227e-03
258  11  4.38404e-03
259  10  2.78783e-03
260  10  4.00710e-03
261  11  2.76709e-03
262  12  3.33309e-03
263  11  4.09889e-03
264  13  5.83625e-03
265  11  4.91500e-03
266  10  4.19307e-03
267  12  4.39596e-03
268   9  3.84831e-03
269  10  3.04794e-03
270  10  2.72202e-03
271  12  4.60100e-03
272  10  3.23105e-03
273   9  3.54290e-03
274  12  4.91786e-03
275  12  4.38499e-03
276  12  6.62613e-03
277   9  3.78275e-03
278  10  2.78711e-03
279  12  4.17614e-03
280  11  4.76503e-03
281  12  5.93615e-03
282  11  2.98381e-03
283   7  3.25799e-03
284  10  3.69382e-03
285  11  3.11184e-03
286   9  2.57182e-03
287  12  4.14801e-03
288  10  3.29781e-03
289   9  2.87700e-03
290  12  4.59599e-03
291   9  4.11916e-03
292  10  4.16207e-03
293   9  4.07815e-03
294   9  3.67594e-03
295  10  4.17900e-03
296  11  4.86088e-03
297  10  3.82900e-03
298  10  3.19314e-03
299  11  3.01886e-03
300  11  3.37291e-03
301  12  3.68094e-03
302  11  2.74205e-03
303  10  3.00598e-03
304   7  4.88281e-03
305  11  4.86088e-03
306  11  5.17797e-03
307  10  6.99711e-03
308  12  5.58805e-03
309  11  4.58503e-03
310  13  4.89497e-03
311  11  3.62897e-03
312  10  3.00598e-03
313  11  4.99916e-03
314  11  2.93088e-03
315  11  3.89099e-03
316  10  4.05765e-03
317   9  4.21619e-03
318  10  5.21803e-03
319  11  4.50206e-03
320  11  5.16701e-03
321  10  4.51827e-03
322  11  5.70703e-03
323  10  3.12400e-03
324   9  3.75509e-03
325  10  2.94328e-03
326  10  3.82304e-03
327  11  7.34282e-03
328  10  3.41797e-03
329  10  3.57604e-03
330  12  5.09691e-03
331  10  2.70104e-03
332  13  6.27995e-03
333   8  5.72801e-03
334  10  4.08220e-03
335  12  4.00901e-03
336  10  3.88241e-03
337  10  4.62794e-03
338  12  3.65782e-03
339  10  5.86915e-03
340   9  4.74906e-03
341  10  4.43697e-03
342  10  4.29201e-03
343  12  3.30091e-03
344  13  3.45612e-03
345  10  7.69019e-03
346   9  3.03793e-03
347  12  3.50189e-03
348  10  5.63908e-03
349  12  5.87392e-03
350  10  1.17249e-02
351  10  9.34410e-03
352  11  7.78103e-03
353  11  3.52192e-03
354  10  5.02896e-03
355  10  4.78411e-03
356  11  4.26197e-03
357  12  4.49085e-03
358  11  3.03912e-03
359  12  3.54314e-03
360  10  4.49085e-03
361   9  4.17614e-03
362  12  4.95481e-03
363  10  3.97277e-03
364   9  3.88813e-03
365   9  3.82900e-03
366  12  5.24211e-03
367  10  2.96712e-03
368  13  6.32882e-03
369  10  2.90799e-03
370   9  4.40502e-03
371  11  2.96712e-03
372  11  3.28779e-03
