0  13  6.83987e-01
1  11  1.78599e-03
2  10  1.62506e-03
3  10  1.69492e-03
4  11  1.65296e-03
5  11  1.48988e-03
6  10  1.35279e-03
7  11  1.64795e-03
8  10  1.65200e-03
9  11  1.49107e-03
10  10  1.43814e-03
11  11  1.89614e-03
12  12  1.95980e-03
13   9  1.70875e-03
14  11  1.86205e-03
15   9  1.46008e-03
16  10  1.54519e-03
17   7  1.22404e-03
18  12  1.77026e-03
19  11  1.84774e-03
20  11  1.73998e-03
21   8  1.31488e-03
22  12  2.11716e-03
23   9  1.32895e-03
24  10  1.46699e-03
25  11  1.50108e-03
26  10  1.83511e-03
27  11  1.65892e-03
28  10  1.64104e-03
29  11  1.60813e-03
30  13  1.86324e-03
31  11  1.79720e-03
32   8  1.27578e-03
33  12  2.01821e-03
34  12  1.53494e-03
35   9  1.38211e-03
36  10  1.85394e-03
37  13  1.74069e-03
38  10  1.62315e-03
39   9  1.28675e-03
40  11  1.78313e-03
41  12  2.00319e-03
42  12  1.60265e-03
43  11  1.79410e-03
44  11  1.25170e-03
45  10  1.62005e-03
46  13  1.50180e-03
47  10  1.54233e-03
48  11  1.94502e-03
49   9  1.93262e-03
50  10  1.33514e-03
51  13  2.08783e-03
52  13  1.80888e-03
53   9  1.70422e-03
54  10  1.70112e-03
55  12  1.86419e-03
56  10  1.42694e-03
57  11  1.86801e-03
58  12  1.87802e-03
59   9  1.57428e-03
60  11  1.88589e-03
61  12  2.08497e-03
62  10  1.34492e-03
63   9  1.39189e-03
64  10  1.78695e-03
65   9  1.39403e-03
66  12  1.83773e-03
67  12  1.78003e-03
68  11  1.71709e-03
69  10  1.56784e-03
70  10  1.23692e-03
71  11  1.59287e-03
72  12  1.60909e-03
73  11  1.88279e-03
74  13  1.88804e-03
75   9  1.56522e-03
76  10  1.70016e-03
77  11  1.66607e-03
78  11  1.74904e-03
79   8  1.73688e-03
80  12  1.94526e-03
81   7  1.45984e-03
82  11  1.50704e-03
83  13  2.23112e-03
84  10  1.70779e-03
85  11  1.78194e-03
86  11  2.00987e-03
87   9  1.52302e-03
88   9  1.67823e-03
89  10  1.72329e-03
90   9  1.59907e-03
91  11  1.86205e-03
92  11  2.27094e-03
93   7  1.46413e-03
94  12  1.78504e-03
95  11  2.29359e-03
96  12  2.15602e-03
97  11  1.68705e-03
98  10  1.64199e-03
99  10  1.46604e-03
100  11  2.28596e-03
101  11  1.97387e-03
102  12  2.04682e-03
103  12  1.83821e-03
104  10  1.31607e-03
105  10  1.55497e-03
106  12  1.70898e-03
107  11  1.70016e-03
108  11  1.70684e-03
109  10  1.85990e-03
110  12  1.85299e-03
111  12  1.87016e-03
112  12  1.54495e-03
113  11  1.90687e-03
114   9  1.45292e-03
115  11  1.88804e-03
116  11  2.01178e-03
117  12  1.46198e-03
118  11  2.38895e-03
119  11  1.85990e-03
120  10  1.69492e-03
121  10  1.63102e-03
122  10  1.76311e-03
123  13  2.33126e-03
124  12  1.80411e-03
125  10  1.82986e-03
126  12  2.11978e-03
127   8  1.42479e-03
128  10  1.75500e-03
129   8  1.36089e-03
130  10  1.71113e-03
131  11  2.05207e-03
132  13  2.09880e-03
133  11  1.67990e-03
134  12  1.81794e-03
135  10  1.71924e-03
136  13  2.47788e-03
137  11  1.77693e-03
138  11  1.66583e-03
139   9  2.08092e-03
140   9  1.86801e-03
141  10  1.92785e-03
142  10  1.78480e-03
143  13  1.88708e-03
144   9  1.81293e-03
145  12  2.30312e-03
146  14  2.49696e-03
147  11  2.12193e-03
148  11  1.91188e-03
149  13  2.02918e-03
150  10  1.62387e-03
151  11  2.03395e-03
152   9  1.82390e-03
153   9  1.70898e-03
154  11  1.43194e-03
155  11  1.72091e-03
156  12  1.75834e-03
157   9  1.59192e-03
158   9  1.62387e-03
159  13  1.71089e-03
160  11  1.51014e-03
161  12  2.31290e-03
162  15  2.59924e-03
163  12  1.88327e-03
164  11  1.71018e-03
165  10  1.60694e-03
166  10  1.85204e-03
167  12  1.92404e-03
168  12  1.90902e-03
169   8  1.65105e-03
170  11  1.74117e-03
171   9  1.73593e-03
172  11  1.45984e-03
173  10  1.65796e-03
174  11  1.78099e-03
175  12  1.74379e-03
176   8  1.71280e-03
177  10  1.83082e-03
178  10  1.63388e-03
179  13  2.31504e-03
180  10  1.67108e-03
181  11  1.67012e-03
182   9  1.22595e-03
183  12  2.13623e-03
184  13  2.00200e-03
185  10  1.80006e-03
186  11  1.91808e-03
187  12  1.90902e-03
188  11  2.10595e-03
189  11  2.04277e-03
190  11  1.78790e-03
191  12  2.17009e-03
192  13  2.14624e-03
193  12  2.03896e-03
194   9  1.96719e-03
195  10  1.55616e-03
196  11  1.96195e-03
197  11  1.98603e-03
198  11  2.04206e-03
199  12  1.74785e-03
200  11  1.46627e-03
201   9  9.59873e-04
202   7  1.40595e-03
203  11  3.12710e-03
204  10  1.71304e-03
205  11  2.07424e-03
206  11  1.46675e-03
207   9  1.52516e-03
208  10  1.48296e-03
209  10  1.86396e-03
210   8  1.78885e-03
211  12  1.82080e-03
212  11  1.93477e-03
213  12  2.22993e-03
214  11  1.89710e-03
215  12  2.02203e-03
216  12  1.96218e-03
217   9  1.51920e-03
218  13  2.15673e-03
219   9  1.76811e-03
220  11  1.77789e-03
221  12  1.79887e-03
222  13  1.54400e-03
223  11  1.63603e-03
224  13  2.16317e-03
225  13  2.14195e-03
226  12  2.39086e-03
227  11  1.90496e-03
228  11  1.81508e-03
229  13  2.06113e-03
230  11  1.91402e-03
231  12  2.38276e-03
232  11  2.03180e-03
233  11  2.06017e-03
234  11  1.81222e-03
235  10  1.80006e-03
236  10  1.73712e-03
237  12  1.95909e-03
238  13  1.84107e-03
239  10  2.00701e-03
240  13  2.71726e-03
241  10  1.85895e-03
242  10  2.08211e-03
243  13  2.22325e-03
244  11  1.52683e-03
245  10  1.59597e-03
246  10  2.12789e-03
247  10  2.35891e-03
248  12  2.11620e-03
249  10  1.69325e-03
250  11  1.79386e-03
251  12  1.98388e-03
252  10  1.72400e-03
253  11  1.88112e-03
254   9  1.56283e-03
255  13  2.41780e-03
256   8  1.62101e-03
257  12  2.11811e-03
258  11  1.94693e-03
259  10  1.67012e-03
260  10  1.63198e-03
261  11  1.95026e-03
262  12  1.96362e-03
263  11  1.85776e-03
264  13  2.16079e-03
265  11  1.94216e-03
266  10  1.67990e-03
267  12  1.62697e-03
268   9  1.67775e-03
269  10  1.45912e-03
270  10  1.71876e-03
271  12  1.97387e-03
272  10  2.07305e-03
273   9  1.51777e-03
274  12  1.61910e-03
275  12  1.96767e-03
276  12  1.59693e-03
277   9  1.74117e-03
278  10  1.81913e-03
279  12  1.82128e-03
280  11  1.82676e-03
281  12  2.15197e-03
282  11  1.83392e-03
283   7  1.63794e-03
284  10  1.74594e-03
285  11  2.22611e-03
286   9  1.56307e-03
287  12  1.88637e-03
288  10  2.01607e-03
289   9  1.63388e-03
290  12  2.02608e-03
291   9  1.55687e-03
292  10  1.91307e-03
293   9  1.96409e-03
294   9  1.87278e-03
295  10  1.78719e-03
296  11  1.59502e-03
297  10  1.72496e-03
298  10  1.90687e-03
299  11  1.84608e-03
300  11  1.71971e-03
301  12  1.93310e-03
302  11  2.47025e-03
303  10  1.73712e-03
304   7  1.42479e-03
305  11  1.92308e-03
306  11  1.91522e-03
307  10  1.79410e-03
308  12  1.55592e-03
309  11  1.74999e-03
310  13  2.37799e-03
311  11  1.72520e-03
312  10  1.81198e-03
313  11  1.61791e-03
314  11  2.19297e-03
315  11  2.28500e-03
316  10  1.90616e-03
317   9  1.45102e-03
318  10  1.92690e-03
319  11  1.95408e-03
320  11  1.86491e-03
321  10  1.83415e-03
322  11  1.57213e-03
323  10  1.85704e-03
324   9  1.61815e-03
325  10  1.96600e-03
326  10  1.86610e-03
327  11  1.69897e-03
328  10  2.04110e-03
329  10  1.63412e-03
330  12  1.98817e-03
331  10  2.02084e-03
332  13  2.04515e-03
333   8  1.66392e-03
334  10  1.52206e-03
335  12  1.96409e-03
336  10  1.89710e-03
337  10  1.71018e-03
338  12  2.00391e-03
339  10  1.68395e-03
340   9  1.85823e-03
341  10  1.55687e-03
342  10  1.87898e-03
343  12  1.75929e-03
344  13  2.31385e-03
345  10  1.87516e-03
346   9  1.70279e-03
347  12  2.09713e-03
348  10  1.48416e-03
349  12  1.57332e-03
350  10  1.98293e-03
351  10  1.98889e-03
352  11  1.97411e-03
353  11  1.81913e-03
354  10  1.86968e-03
355  10  1.96290e-03
356  11  2.17605e-03
357  12  1.88208e-03
358  11  1.88994e-03
359  12  2.38585e-03
360  10  1.50871e-03
361   9  1.79410e-03
362  12  2.50006e-03
363  10  1.99127e-03
364   9  1.86515e-03
365   9  1.52707e-03
366  12  2.15101e-03
367  10  1.53208e-03
368  13  2.05302e-03
369  10  1.66726e-03
370   9  1.89996e-03
371  11  1.99199e-03
372  11  1.62005e-03
0  13  7.45920e-01
1  11  1.62196e-03
2  10  1.38521e-03
3  10  1.51491e-03
4  11  1.72591e-03
5  11  1.63102e-03
6  10  1.40715e-03
7  11  1.58000e-03
8  10  1.79100e-03
9  11  1.70398e-03
10  10  1.60813e-03
11  11  1.96624e-03
12  12  1.87016e-03
13   9  1.55210e-03
14  11  1.77479e-03
15   9  1.47200e-03
16  10  1.60217e-03
17   7  1.36876e-03
18  12  1.64986e-03
19  11  1.70588e-03
20  11  1.91903e-03
21   8  1.45388e-03
22  12  2.20275e-03
23   9  1.45507e-03
24  10  1.62101e-03
25  11  1.56903e-03
26  10  1.98102e-03
27  11  1.78099e-03
28  10  1.69706e-03
29  11  1.66297e-03
30  13  1.88899e-03
31  11  1.67513e-03
32   8  1.15204e-03
33  12  1.95599e-03
34  12  1.49894e-03
35   9  1.35779e-03
36  10  1.87492e-03
37  13  2.02274e-03
38  10  1.68300e-03
39   9  1.35398e-03
40  11  1.62697e-03
41  12  1.98817e-03
42  12  1.71709e-03
43  11  1.90997e-03
44  11  1.48606e-03
45  10  1.69230e-03
46  13  1.63293e-03
47  10  1.70016e-03
48  11  2.03705e-03
49   9  2.31481e-03
50  10  1.53685e-03
51  13  2.04992e-03
52  13  1.82295e-03
53   9  1.83415e-03
54  10  1.94597e-03
55  12  1.98984e-03
56  10  1.32585e-03
57  11  1.71423e-03
58  12  2.00891e-03
59   9  1.58715e-03
60  11  2.01702e-03
61  12  2.25210e-03
62  10  1.34706e-03
63   9  1.35398e-03
64  10  1.69492e-03
65   9  1.54877e-03
66  12  2.06280e-03
67  12  1.65820e-03
68  11  1.88017e-03
69  10  1.63412e-03
70  10  1.40190e-03
71  11  1.88828e-03
72  12  1.70207e-03
73  11  1.66488e-03
74  13  1.81985e-03
75   9  1.60193e-03
76  10  1.87182e-03
77  11  1.86133e-03
78  11  1.90020e-03
79   8  1.68014e-03
80  12  1.94931e-03
81   7  1.44672e-03
82  11  1.42789e-03
83  13  2.19393e-03
84  10  1.76740e-03
85  11  1.82986e-03
86  11  2.01917e-03
87   9  1.50275e-03
88   9  1.75524e-03
89  10  1.77312e-03
90   9  1.48678e-03
91  11  1.67608e-03
92  11  2.13623e-03
93   7  1.39713e-03
94  12  2.12383e-03
95  11  2.22898e-03
96  12  2.10285e-03
97  11  1.74475e-03
98  10  1.87302e-03
99  10  1.64914e-03
100  11  2.25496e-03
101  11  2.13790e-03
102  12  2.13218e-03
103  12  1.81699e-03
104  10  1.27983e-03
105  10  1.48511e-03
106  12  2.00295e-03
107  11  1.87111e-03
108  11  1.57690e-03
109  10  1.84703e-03
110  12  2.01797e-03
111  12  2.01201e-03
112  12  1.66869e-03
113  11  2.06518e-03
114   9  1.49679e-03
115  11  1.85204e-03
116  11  1.87612e-03
117  12  1.43719e-03
118  11  2.35796e-03
119  11  1.77789e-03
120  10  1.66702e-03
121  10  1.70708e-03
122  10  1.90997e-03
123  13  2.24686e-03
124  12  1.81580e-03
125  10  1.68705e-03
126  12  2.35081e-03
127   8  1.59311e-03
128  10  1.71804e-03
129   8  1.43409e-03
130  10  1.81794e-03
131  11  2.03419e-03
132  13  2.12598e-03
133  11  1.64390e-03
134  12  1.72067e-03
135  10  1.91832e-03
136  13  2.58589e-03
137  11  1.85490e-03
138  11  1.87016e-03
139   9  1.95789e-03
140   9  1.91593e-03
141  10  1.98483e-03
142  10  2.00915e-03
143  13  1.95527e-03
144   9  1.81007e-03
145  12  2.08712e-03
146  14  2.60782e-03
147  11  2.02584e-03
148  11  1.83988e-03
149  13  1.95503e-03
150  10  1.72019e-03
151  11  1.98293e-03
152   9  1.76597e-03
153   9  1.71685e-03
154  11  1.61314e-03
155  11  1.87302e-03
156  12  1.66416e-03
157   9  1.60313e-03
158   9  1.64318e-03
159  13  1.74689e-03
160  11  1.48487e-03
161  12  2.24090e-03
162  15  2.58493e-03
163  12  2.24900e-03
164  11  1.88303e-03
165  10  1.79315e-03
166  10  1.81985e-03
167  12  1.93310e-03
168  12  2.04873e-03
169   8  1.80411e-03
170  11  1.91307e-03
171   9  1.98579e-03
172  11  1.46508e-03
173  10  1.58310e-03
174  11  1.98388e-03
175  12  1.88494e-03
176   8  1.63007e-03
177  10  1.59192e-03
178  10  1.45411e-03
179  13  2.19798e-03
180  10  1.72091e-03
181  11  1.84131e-03
182   9  1.27196e-03
183  12  1.94788e-03
184  13  1.97768e-03
185  10  1.69611e-03
186  11  2.20299e-03
187  12  2.08068e-03
188  11  2.09475e-03
189  11  1.91808e-03
190  11  1.74403e-03
191  12  2.14601e-03
192  13  2.17295e-03
193  12  2.25997e-03
194   9  1.91402e-03
195  10  1.60789e-03
196  11  2.27785e-03
197  11  1.95408e-03
198  11  2.01797e-03
199  12  1.92308e-03
200  11  1.65081e-03
201   9  1.06502e-03
202   7  1.43003e-03
203  11  2.99907e-03
204  10  1.90687e-03
205  11  2.00820e-03
206  11  1.57094e-03
207   9  1.62578e-03
208  10  1.41191e-03
209  10  1.79195e-03
210   8  1.76692e-03
211  12  1.80602e-03
212  11  1.86586e-03
213  12  2.07114e-03
214  11  2.03586e-03
215  12  1.89519e-03
216  12  1.84202e-03
217   9  1.49417e-03
218  13  2.21992e-03
219   9  1.84798e-03
220  11  1.75714e-03
221  12  2.10595e-03
222  13  1.77407e-03
223  11  1.78790e-03
224  13  2.18391e-03
225  13  2.21109e-03
226  12  2.33698e-03
227  11  1.74332e-03
228  11  1.93000e-03
229  13  2.42186e-03
230  11  1.82700e-03
231  12  2.09904e-03
232  11  1.94788e-03
233  11  2.07591e-03
234  11  1.90711e-03
235  10  1.79791e-03
236  10  1.76811e-03
237  12  1.97387e-03
238  13  1.91593e-03
239  10  2.09785e-03
240  13  2.67315e-03
241  10  1.75309e-03
242  10  2.03490e-03
243  13  2.18296e-03
244  11  1.65296e-03
245  10  1.44315e-03
246  10  1.89400e-03
247  10  1.92308e-03
248  12  1.87016e-03
249  10  1.69706e-03
250  11  1.92094e-03
251  12  1.85513e-03
252  10  1.70708e-03
253  11  1.94001e-03
254   9  1.77002e-03
255  13  2.44784e-03
256   8  1.55520e-03
257  12  2.22778e-03
258  11  1.76883e-03
259  10  1.85299e-03
260  10  1.77884e-03
261  11  1.90687e-03
262  12  2.07591e-03
263  11  1.82605e-03
264  13  2.29120e-03
265  11  2.04396e-03
266  10  1.51396e-03
267  12  1.58119e-03
268   9  1.59788e-03
269  10  1.52206e-03
270  10  1.92189e-03
271  12  2.05684e-03
272  10  1.81103e-03
273   9  1.49822e-03
274  12  1.79696e-03
275  12  2.16985e-03
276  12  1.72901e-03
277   9  1.74904e-03
278  10  1.82486e-03
279  12  1.91283e-03
280  11  2.03919e-03
281  12  2.39730e-03
282  11  1.94621e-03
283   7  1.60885e-03
284  10  1.76001e-03
285  11  2.38895e-03
286   9  1.73497e-03
287  12  1.95694e-03
288  10  1.85776e-03
289   9  1.62721e-03
290  12  1.97101e-03
291   9  1.74594e-03
292  10  2.02823e-03
293   9  1.81103e-03
294   9  1.95098e-03
295  10  1.81603e-03
296  11  1.73092e-03
297  10  1.79362e-03
298  10  1.91593e-03
299  11  1.72901e-03
300  11  1.71423e-03
301  12  2.07996e-03
302  11  2.49910e-03
303  10  1.67727e-03
304   7  1.34897e-03
305  11  1.83892e-03
306  11  2.03323e-03
307  10  1.83320e-03
308  12  1.62578e-03
309  11  1.84393e-03
310  13  2.26092e-03
311  11  1.69921e-03
312  10  1.83463e-03
313  11  1.63364e-03
314  11  2.29001e-03
315  11  2.04992e-03
316  10  1.95312e-03
317   9  1.50394e-03
318  10  2.00987e-03
319  11  1.94001e-03
320  11  1.84393e-03
321  10  1.93596e-03
322  11  1.72901e-03
323  10  1.95217e-03
324   9  1.50180e-03
325  10  2.19202e-03
326  10  2.09498e-03
327  11  1.90878e-03
328  10  1.87397e-03
329  10  1.61099e-03
330  12  1.97482e-03
331  10  2.03705e-03
332  13  2.11191e-03
333   8  1.62101e-03
334  10  1.55759e-03
335  12  2.01774e-03
336  10  1.88804e-03
337  10  1.70970e-03
338  12  2.01297e-03
339  10  1.85204e-03
340   9  1.85800e-03
341  10  1.58286e-03
342  10  1.88088e-03
343  12  1.81794e-03
344  13  2.45500e-03
345  10  1.94788e-03
346   9  1.83201e-03
347  12  2.22015e-03
348  10  1.55401e-03
349  12  1.58525e-03
350  10  2.06804e-03
351  10  2.32697e-03
352  11  2.06804e-03
353  11  1.70708e-03
354  10  2.02918e-03
355  10  2.16103e-03
356  11  2.19202e-03
357  12  1.86300e-03
358  11  1.90902e-03
359  12  2.79689e-03
360  10  1.70493e-03
361   9  1.94788e-03
362  12  2.42996e-03
363  10  2.17295e-03
364   9  1.84703e-03
365   9  1.49488e-03
366  12  2.21300e-03
367  10  1.65105e-03
368  13  2.25782e-03
369  10  2.66504e-03
370   9  1.86276e-03
371  11  2.16699e-03
372  11  1.87302e-03
0  13  6.71870e-01
1  11  1.45006e-03
2  10  1.32895e-03
3  10  1.76787e-03
4  11  1.61505e-03
5  11  9.17888e-03
6  10  3.54505e-03
7  11  3.48496e-03
8  10  3.24512e-03
9  11  3.19910e-03
10  10  2.86293e-03
11  11  4.19402e-03
12  12  4.03595e-03
13   9  4.45580e-03
14  11  4.15683e-03
15   9  4.36020e-03
16  10  3.51477e-03
17   7  3.07727e-03
18  12  4.50277e-03
19  11  3.56889e-03
20  11  4.26912e-03
21   8  4.74977e-03
22  12  3.44992e-03
23   9  3.00598e-03
24  10  3.22080e-03
25  11  2.93899e-03
26  10  3.35693e-03
27  11  4.31108e-03
28  10  3.68524e-03
29  11  4.10700e-03
30  13  4.78673e-03
31  11  2.63691e-03
32   8  3.94511e-03
33  12  3.82209e-03
34  12  2.95496e-03
35   9  2.61617e-03
36  10  2.92182e-03
37  13  5.31101e-03
38  10  4.11820e-03
39   9  3.99876e-03
40  11  3.96991e-03
41  12  4.70591e-03
42  12  2.64716e-03
43  11  4.07815e-03
44  11  3.86786e-03
45  10  4.32181e-03
46  13  4.12989e-03
47  10  2.49195e-03
48  11  3.11112e-03
49   9  2.95496e-03
50  10  3.94011e-03
51  13  4.25506e-03
52  13  4.44889e-03
53   9  3.62706e-03
54  10  3.19529e-03
55  12  2.87199e-03
56  10  2.77209e-03
57  11  3.81899e-03
58  12  4.19474e-03
59   9  4.56095e-03
60  11  3.08919e-03
61  12  3.23033e-03
62  10  3.26896e-03
63   9  3.66402e-03
64  10  5.32103e-03
65   9  3.11780e-03
66  12  6.30498e-03
67  12  4.66800e-03
68  11  3.46875e-03
69  10  2.64287e-03
70  10  2.65002e-03
71  11  3.62086e-03
72  12  3.84879e-03
73  11  3.40581e-03
74  13  4.05478e-03
75   9  3.19815e-03
76  10  4.00782e-03
77  11  5.90777e-03
78  11  3.05605e-03
79   8  3.08299e-03
80  12  3.29900e-03
81   7  2.71416e-03
82  11  4.18568e-03
83  13  3.90410e-03
84  10  3.23510e-03
85  11  3.79372e-03
86  11  2.81906e-03
87   9  2.96497e-03
88   9  3.01313e-03
89  10  4.01282e-03
90   9  5.78570e-03
91  11  3.62611e-03
92  11  3.79515e-03
93   7  3.18813e-03
94  12  4.39501e-03
95  11  2.53010e-03
96  12  3.85118e-03
97  11  3.58605e-03
98  10  2.85697e-03
99  10  3.21174e-03
100  11  3.70216e-03
101  11  2.63691e-03
102  12  3.91889e-03
103  12  3.38387e-03
104  10  2.98190e-03
105  10  3.23105e-03
106  12  3.66688e-03
107  11  3.26228e-03
108  11  4.28200e-03
109  10  3.53694e-03
110  12  2.55489e-03
111  12  4.09079e-03
112  12  2.55895e-03
113  11  2.79903e-03
114   9  3.74126e-03
115  11  3.37315e-03
116  11  2.61807e-03
117  12  3.33118e-03
118  11  3.94297e-03
119  11  2.64430e-03
120  10  3.00717e-03
121  10  3.73912e-03
122  10  3.07417e-03
123  13  2.61116e-03
124  12  3.85213e-03
125  10  3.35312e-03
126  12  4.00710e-03
127   8  4.77123e-03
128  10  4.23813e-03
129   8  2.27499e-03
130  10  2.82383e-03
131  11  2.66528e-03
132  13  4.62794e-03
133  11  3.44300e-03
134  12  2.54416e-03
135  10  2.73013e-03
136  13  6.41274e-03
137  11  3.54004e-03
138  11  5.10430e-03
139   9  2.74396e-03
140   9  4.20713e-03
141  10  3.64113e-03
142  10  2.41113e-03
143  13  5.17607e-03
144   9  3.19600e-03
145  12  2.92087e-03
146  14  3.71194e-03
147  11  3.76201e-03
148  11  4.62794e-03
149  13  3.74794e-03
150  10  2.91085e-03
151  11  4.19593e-03
152   9  2.84100e-03
153   9  2.25520e-03
154  11  3.60227e-03
155  11  3.42703e-03
156  12  3.31712e-03
157   9  3.43800e-03
158   9  2.79307e-03
159  13  2.73204e-03
160  11  3.63493e-03
161  12  3.59797e-03
162  15  2.92706e-03
163  12  2.74682e-03
164  11  3.67904e-03
165  10  2.80190e-03
166  10  3.14116e-03
167  12  3.66211e-03
168  12  3.01409e-03
169   8  2.99406e-03
170  11  4.33207e-03
171   9  4.38809e-03
172  11  3.65996e-03
173  10  4.21810e-03
174  11  2.42186e-03
175  12  2.54107e-03
176   8  3.07298e-03
177  10  4.07767e-03
178  10  4.27914e-03
179  13  3.66020e-03
180  10  3.37219e-03
181  11  3.66187e-03
182   9  2.63286e-03
183  12  2.83098e-03
184  13  3.06201e-03
185  10  5.28407e-03
186  11  2.70009e-03
187  12  3.72100e-03
188  11  4.43101e-03
189  11  4.20189e-03
190  11  3.24488e-03
191  12  2.90203e-03
192  13  3.75414e-03
193  12  2.64502e-03
194   9  2.14505e-03
195  10  5.02801e-03
196  11  3.63302e-03
197  11  2.69890e-03
198  11  4.03404e-03
199  12  3.83377e-03
200  11  5.11694e-03
201   9  6.60801e-03
202   7  3.50523e-03
203  11  4.82798e-03
204  10  2.64812e-03
205  11  3.74389e-03
206  11  5.47194e-03
207   9  4.06218e-03
208  10  3.04890e-03
209  10  5.27263e-03
210   8  2.57802e-03
211  12  2.99096e-03
212  11  4.59695e-03
213  12  4.05002e-03
214  11  4.52304e-03
215  12  3.23200e-03
216  12  3.87573e-03
217   9  4.18377e-03
218  13  4.05407e-03
219   9  3.85809e-03
220  11  3.60012e-03
221  12  3.76987e-03
222  13  5.06496e-03
223  11  3.74389e-03
224  13  4.70996e-03
225  13  3.22890e-03
226  12  5.11122e-03
227  11  3.56770e-03
228  11  5.21970e-03
229  13  3.35908e-03
230  11  3.67188e-03
231  12  2.88510e-03
232  11  3.88694e-03
233  11  3.66998e-03
234  11  3.62206e-03
235  10  3.55196e-03
236  10  2.76089e-03
237  12  2.73204e-03
238  13  2.72799e-03
239  10  3.37005e-03
240  13  6.05512e-03
241  10  2.96617e-03
242  10  2.68412e-03
243  13  2.49910e-03
244  11  3.76105e-03
245  10  3.35217e-03
246  10  3.65806e-03
247  10  2.44093e-03
248  12  5.09405e-03
249  10  2.97403e-03
250  11  3.97396e-03
251  12  2.99096e-03
252  10  3.43704e-03
253  11  3.92604e-03
254   9  2.51603e-03
255  13  3.92127e-03
256   8  3.33810e-03
257  12  2.99335e-03
258  11  3.02219e-03
259  10  2.45023e-03
260  10  2.49004e-03
261  11  2.30074e-03
262  12  3.09229e-03
263  11  2.48194e-03
264  13  3.55482e-03
265  11  6.56509e-03
266  10  2.64597e-03
267  12  3.64614e-03
268   9  2.67506e-03
269  10  2.46000e-03
270  10  2.25496e-03
271  12  3.55029e-03
272  10  4.04692e-03
273   9  2.77400e-03
274  12  3.56078e-03
275  12  3.85094e-03
276  12  3.33309e-03
277   9  2.21205e-03
278  10  3.30329e-03
279  12  3.00908e-03
280  11  3.31688e-03
281  12  3.72982e-03
282  11  4.04477e-03
283   7  3.07512e-03
284  10  3.03483e-03
285  11  3.13187e-03
286   9  2.38395e-03
287  12  3.51906e-03
288  10  2.72393e-03
289   9  2.22683e-03
290  12  4.73094e-03
291   9  5.88989e-03
292  10  2.80499e-03
293   9  3.35097e-03
294   9  3.27325e-03
295  10  3.26896e-03
296  11  2.46406e-03
297  10  4.08673e-03
298  10  3.04008e-03
299  11  3.94773e-03
300  11  3.52311e-03
301  12  3.43513e-03
302  11  3.66521e-03
303  10  2.79999e-03
304   7  3.35312e-03
305  11  4.08292e-03
306  11  3.86882e-03
307  10  2.61497e-03
308  12  3.43990e-03
309  11  4.10819e-03
310  13  4.34113e-03
311  11  3.54886e-03
312  10  3.35121e-03
313  11  4.30489e-03
314  11  6.42371e-03
315  11  2.50912e-03
316  10  4.15397e-03
317   9  2.66290e-03
318  10  2.92993e-03
319  11  2.61903e-03
320  11  2.80309e-03
321  10  2.70009e-03
322  11  4.08888e-03
323  10  3.13807e-03
324   9  2.43402e-03
325  10  2.76923e-03
326  10  3.72887e-03
327  11  3.25298e-03
328  10  3.66592e-03
329  10  3.58820e-03
330  12  2.58470e-03
331  10  4.27914e-03
332  13  3.42798e-03
333   8  2.84410e-03
334  10  2.30241e-03
335  12  2.58088e-03
336  10  3.45016e-03
337  10  3.50809e-03
338  12  2.43092e-03
339  10  4.43172e-03
340   9  5.73802e-03
341  10  3.57819e-03
342  10  4.31705e-03
343  12  2.75803e-03
344  13  4.40025e-03
345  10  4.54688e-03
346   9  6.02174e-03
347  12  3.63922e-03
348  10  3.69906e-03
349  12  3.29876e-03
350  10  3.33405e-03
351  10  2.64883e-03
352  11  2.39015e-03
353  11  2.79117e-03
354  10  3.97015e-03
355  10  2.85101e-03
356  11  2.58708e-03
357  12  3.00908e-03
358  11  2.50411e-03
359  12  2.50864e-03
360  10  2.53367e-03
361   9  2.87104e-03
362  12  2.44212e-03
363  10  2.50316e-03
364   9  3.41678e-03
365   9  2.76232e-03
366  12  2.99597e-03
367  10  3.18980e-03
368  13  3.79705e-03
369  10  2.42591e-03
370   9  3.07202e-03
371  11  3.20387e-03
372  11  5.04375e-03
0  13  6.69431e-01
1  11  9.75847e-04
2  10  6.43969e-04
3  10  5.86987e-04
4  11  5.77927e-04
5  11  1.02901e-03
6  10  9.68933e-04
7  11  1.29199e-03
8  10  9.31978e-04
9  11  9.31978e-04
10  10  8.66890e-04
11  11  8.68082e-04
12  12  9.64880e-04
13   9  9.07898e-04
14  11  1.07002e-03
15   9  9.88007e-04
16  10  9.28879e-04
17   7  1.00303e-03
18  12  1.19400e-03
19  11  1.02091e-03
20  11  9.34124e-04
21   8  8.69989e-04
22  12  9.49144e-04
23   9  9.95874e-04
24  10  1.12319e-03
25  11  1.00207e-03
26  10  1.30415e-03
27  11  9.23872e-04
28  10  1.08695e-03
29  11  1.33300e-03
30  13  1.32298e-03
31  11  1.10698e-03
32   8  1.31178e-03
33  12  9.52005e-04
34  12  9.48906e-04
35   9  1.21212e-03
36  10  9.03130e-04
37  13  1.55902e-03
38  10  1.08695e-03
39   9  9.70840e-04
40  11  1.40476e-03
41  12  1.06812e-03
42  12  9.45091e-04
43  11  9.72033e-04
44  11  1.05596e-03
45  10  1.14083e-03
46  13  1.48487e-03
47  10  1.36614e-03
48  11  9.78231e-04
49   9  1.31726e-03
50  10  1.28627e-03
51  13  1.55997e-03
52  13  1.37782e-03
53   9  1.05381e-03
54  10  1.41096e-03
55  12  9.23872e-04
56  10  1.32990e-03
57  11  1.24192e-03
58  12  9.98974e-04
59   9  1.26743e-03
60  11  9.33170e-04
61  12  9.63926e-04
62  10  1.00088e-03
63   9  9.99212e-04
64  10  1.04880e-03
65   9  8.70228e-04
66  12  9.68933e-04
67  12  9.96828e-04
68  11  1.37997e-03
69  10  9.68933e-04
70  10  9.47952e-04
71  11  1.32608e-03
72  12  1.01185e-03
73  11  1.18399e-03
74  13  1.56283e-03
75   9  9.49144e-04
76  10  1.29199e-03
77  11  1.31297e-03
78  11  9.34839e-04
79   8  8.95023e-04
80  12  9.75847e-04
81   7  1.69182e-03
82  11  1.62292e-03
83  13  1.70898e-03
84  10  1.37186e-03
85  11  1.00732e-03
86  11  9.72986e-04
87   9  9.16958e-04
88   9  9.14097e-04
89  10  1.28412e-03
90   9  1.35326e-03
91  11  9.65118e-04
92  11  9.53197e-04
93   7  9.20057e-04
94  12  1.02878e-03
95  11  9.47952e-04
96  12  9.81092e-04
97  11  9.59158e-04
98  10  9.37939e-04
99  10  1.44577e-03
100  11  1.00303e-03
101  11  1.35970e-03
102  12  9.71079e-04
103  12  9.87053e-04
104  10  9.49860e-04
105  10  1.32895e-03
106  12  1.38521e-03
107  11  1.38092e-03
108  11  1.59001e-03
109  10  1.34206e-03
110  12  1.39904e-03
111  12  9.11951e-04
112  12  1.29509e-03
113  11  1.31106e-03
114   9  9.92060e-04
115  11  1.03188e-03
116  11  1.52516e-03
117  12  1.09482e-03
118  11  1.44887e-03
119  11  9.67979e-04
120  10  9.83000e-04
121  10  1.03283e-03
122  10  1.09696e-03
123  13  1.59597e-03
124  12  9.60112e-04
125  10  9.10759e-04
126  12  1.27482e-03
127   8  1.82819e-03
128  10  1.09601e-03
129   8  9.02176e-04
130  10  9.16004e-04
131  11  9.05991e-04
132  13  1.37329e-03
133  11  9.79900e-04
134  12  1.59693e-03
135  10  1.10102e-03
136  13  9.96113e-04
137  11  1.32108e-03
138  11  9.99928e-04
139   9  9.38892e-04
140   9  1.00112e-03
141  10  9.88960e-04
142  10  9.78947e-04
143  13  1.41120e-03
144   9  1.41692e-03
145  12  9.77039e-04
146  14  1.51110e-03
147  11  1.00684e-03
148  11  9.58920e-04
149  13  1.35517e-03
150  10  1.24693e-03
151  11  1.24002e-03
152   9  8.88109e-04
153   9  1.30105e-03
154  11  1.03593e-03
155  11  1.30200e-03
156  12  9.36031e-04
157   9  8.85963e-04
158   9  8.71181e-04
159  13  1.29890e-03
160  11  1.31083e-03
161  12  9.96828e-04
162  15  1.67608e-03
163  12  9.75847e-04
164  11  1.12700e-03
165  10  9.85146e-04
166  10  1.34516e-03
167  12  1.04690e-03
168  12  9.97066e-04
169   8  9.11713e-04
170  11  9.14812e-04
171   9  8.86917e-04
172  11  9.05991e-04
173  10  1.28508e-03
174  11  1.56403e-03
175  12  1.03283e-03
176   8  9.00984e-04
177  10  1.05429e-03
178  10  9.85861e-04
179  13  1.46317e-03
180  10  1.08910e-03
181  11  1.00398e-03
182   9  1.26910e-03
183  12  1.41001e-03
184  13  9.40084e-04
185  10  8.93831e-04
186  11  9.04799e-04
187  12  1.34993e-03
188  11  9.84907e-04
189  11  9.49144e-04
190  11  1.43218e-03
191  12  1.15991e-03
192  13  1.03617e-03
193  12  1.33371e-03
194   9  1.28794e-03
195  10  1.38330e-03
196  11  9.63926e-04
197  11  9.55820e-04
198  11  1.01995e-03
199  12  9.58204e-04
200  11  1.39785e-03
201   9  1.16587e-03
202   7  9.31978e-04
203  11  1.09005e-03
204  10  1.13988e-03
205  11  1.17612e-03
206  11  1.01829e-03
207   9  9.63211e-04
208  10  1.88971e-03
209  10  1.16205e-03
210   8  9.67264e-04
211  12  9.83953e-04
212  11  1.22690e-03
213  12  1.65677e-03
214  11  1.47486e-03
215  12  8.85487e-03
216  12  2.81906e-03
217   9  5.44691e-03
218  13  2.66600e-03
219   9  5.14698e-03
220  11  1.40905e-03
221  12  1.99819e-03
222  13  3.46804e-03
223  11  2.39611e-03
224  13  7.26199e-03
225  13  4.12893e-03
226  12  2.17700e-03
227  11  2.14291e-03
228  11  2.98595e-03
229  13  1.62101e-03
230  11  9.95159e-04
231  12  1.11580e-03
232  11  1.27625e-03
233  11  1.73998e-03
234  11  1.51706e-03
235  10  1.44792e-03
236  10  9.66072e-04
237  12  9.51767e-04
238  13  9.72986e-04
239  10  9.39846e-04
240  13  1.46294e-03
241  10  9.57966e-04
242  10  9.30071e-04
243  13  1.35517e-03
244  11  1.34611e-03
245  10  1.00589e-03
246  10  9.53197e-04
247  10  1.06502e-03
248  12  1.58095e-03
249  10  1.14202e-03
250  11  1.03188e-03
251  12  1.03498e-03
252  10  1.02139e-03
253  11  1.30510e-03
254   9  1.37615e-03
255  13  1.15991e-03
256   8  1.01686e-03
257  12  1.10102e-03
258  11  1.46818e-03
259  10  1.00470e-03
260  10  1.43790e-03
261  11  1.03498e-03
262  12  1.46508e-03
263  11  1.19495e-03
264  13  1.50132e-03
265  11  1.18518e-03
266  10  9.00030e-04
267  12  1.32585e-03
268   9  8.59976e-04
269  10  1.45006e-03
270  10  1.07813e-03
271  12  1.34802e-03
272  10  1.00613e-03
273   9  1.45698e-03
274  12  1.08171e-03
275  12  9.48906e-04
276  12  9.65834e-04
277   9  1.19400e-03
278  10  1.40476e-03
279  12  1.58000e-03
280  11  1.03307e-03
281  12  1.49369e-03
282  11  1.05286e-03
283   7  9.16004e-04
284  10  9.82761e-04
285  11  1.17898e-03
286   9  1.30010e-03
287  12  9.54151e-04
288  10  9.34124e-04
289   9  1.30391e-03
290  12  1.37901e-03
291   9  9.13143e-04
292  10  1.15490e-03
293   9  9.94921e-04
294   9  1.42193e-03
295  10  1.38283e-03
296  11  1.20902e-03
297  10  9.69172e-04
298  10  1.39380e-03
299  11  1.00589e-03
300  11  1.40524e-03
301  12  1.07813e-03
302  11  1.04499e-03
303  10  9.57966e-04
304   7  9.05037e-04
305  11  1.03331e-03
306  11  1.03784e-03
307  10  9.42945e-04
308  12  1.65081e-03
309  11  1.00493e-03
310  13  1.35708e-03
311  11  1.84298e-03
312  10  1.35207e-03
313  11  1.35708e-03
314  11  1.59883e-03
315  11  1.34706e-03
316  10  1.28698e-03
317   9  9.43184e-04
318  10  1.31130e-03
319  11  1.41501e-03
320  11  1.01304e-03
321  10  9.53913e-04
322  11  1.67704e-03
323  10  1.19185e-03
324   9  9.83715e-04
325  10  1.42813e-03
326  10  1.12200e-03
327  11  1.65129e-03
328  10  1.38593e-03
329  10  1.63794e-03
330  12  1.31464e-03
331  10  1.13821e-03
332  13  1.41501e-03
333   8  1.26600e-03
334  10  9.51052e-04
335  12  1.44291e-03
336  10  1.17493e-03
337  10  1.39713e-03
338  12  1.11794e-03
339  10  9.86814e-04
340   9  9.24110e-04
341  10  9.20773e-04
342  10  9.30786e-04
343  12  1.43933e-03
344  13  1.58119e-03
345  10  1.14274e-03
346   9  9.63211e-04
347  12  9.57966e-04
348  10  9.22918e-04
349  12  1.08695e-03
350  10  1.11103e-03
351  10  1.30987e-03
352  11  1.00613e-03
353  11  9.99212e-04
354  10  9.65118e-04
355  10  9.94921e-04
356  11  1.09410e-03
357  12  1.16920e-03
358  11  1.24216e-03
359  12  9.05991e-04
360  10  8.87156e-04
361   9  1.47462e-03
362  12  1.07503e-03
363  10  1.05429e-03
364   9  9.26971e-04
365   9  1.06597e-03
366  12  1.36876e-03
367  10  8.95023e-04
368  13  9.32932e-04
369  10  1.07217e-03
370   9  1.09196e-03
371  11  1.05190e-03
372  11  9.61065e-04
0  13  6.49489e-01
1  11  2.77901e-03
2  10  2.79999e-03
3  10  2.21491e-03
4  11  2.13027e-03
5  11  3.56793e-03
6  10  3.10397e-03
7  11  3.71003e-03
8  10  5.13482e-03
9  11  2.92826e-03
10  10  3.60203e-03
11  11  2.49600e-03
12  12  4.72498e-03
13   9  2.25210e-03
14  11  3.04413e-03
15   9  3.73101e-03
16  10  2.51007e-03
17   7  3.25418e-03
18  12  3.37791e-03
19  11  3.87406e-03
20  11  3.55411e-03
21   8  2.43616e-03
22  12  3.79086e-03
23   9  2.89607e-03
24  10  2.97427e-03
25  11  5.67889e-03
26  10  2.82097e-03
27  11  3.80802e-03
28  10  4.32420e-03
29  11  2.38895e-03
30  13  3.47328e-03
31  11  3.33309e-03
32   8  3.83472e-03
33  12  2.54107e-03
34  12  3.08919e-03
35   9  2.38299e-03
36  10  3.18193e-03
37  13  4.14586e-03
38  10  4.10533e-03
39   9  3.45612e-03
40  11  5.58710e-03
41  12  3.26872e-03
42  12  2.39730e-03
43  11  2.63309e-03
44  11  3.40009e-03
45  10  3.49998e-03
46  13  4.00376e-03
47  10  2.23303e-03
48  11  2.22802e-03
49   9  2.45667e-03
50  10  2.85387e-03
51  13  3.39198e-03
52  13  3.26705e-03
53   9  2.71106e-03
54  10  2.49410e-03
55  12  3.43299e-03
56  10  2.88391e-03
57  11  3.55196e-03
58  12  7.92027e-03
59   9  3.06106e-03
60  11  3.51381e-03
61  12  3.37100e-03
62  10  5.13792e-03
63   9  3.38817e-03
64  10  3.36909e-03
65   9  3.48401e-03
66  12  3.40819e-03
67  12  2.97904e-03
68  11  3.19290e-03
69  10  3.81112e-03
70  10  3.17097e-03
71  11  3.08800e-03
72  12  4.71902e-03
73  11  6.35171e-03
74  13  4.20785e-03
75   9  2.95687e-03
76  10  2.45214e-03
77  11  3.14426e-03
78  11  4.87494e-03
79   8  2.13480e-03
80  12  3.90577e-03
81   7  3.40796e-03
82  11  2.84100e-03
83  13  3.00813e-03
84  10  4.58002e-03
85  11  4.75216e-03
86  11  4.20213e-03
87   9  3.60703e-03
88   9  2.92182e-03
89  10  2.90775e-03
90   9  2.24090e-03
91  11  3.29375e-03
92  11  3.41892e-03
93   7  2.80094e-03
94  12  3.10493e-03
95  11  3.35693e-03
96  12  3.15428e-03
97  11  2.99311e-03
98  10  3.58510e-03
99  10  2.33674e-03
100  11  2.32387e-03
101  11  2.50101e-03
102  12  2.65670e-03
103  12  2.85316e-03
104  10  2.89011e-03
105  10  2.48790e-03
106  12  2.93589e-03
107  11  3.72887e-03
108  11  2.62022e-03
109  10  4.13585e-03
110  12  2.46119e-03
111  12  3.92032e-03
112  12  5.75900e-03
113  11  3.18789e-03
114   9  2.35510e-03
115  11  2.71702e-03
116  11  2.17700e-03
117  12  2.92563e-03
118  11  2.86579e-03
119  11  2.91991e-03
120  10  3.63708e-03
121  10  2.91681e-03
122  10  3.54290e-03
123  13  3.08800e-03
124  12  2.33912e-03
125  10  3.24607e-03
126  12  2.60186e-03
127   8  5.67198e-03
128  10  2.97594e-03
129   8  2.23732e-03
130  10  3.10826e-03
131  11  2.24090e-03
132  13  4.10581e-03
133  11  2.23899e-03
134  12  2.75397e-03
135  10  2.23589e-03
136  13  3.03793e-03
137  11  2.50316e-03
138  11  2.57802e-03
139   9  2.15602e-03
140   9  2.81191e-03
141  10  3.09610e-03
142  10  2.39015e-03
143  13  2.46501e-03
144   9  2.22111e-03
145  12  2.86388e-03
146  14  3.44610e-03
147  11  2.48599e-03
148  11  2.06113e-03
149  13  3.42107e-03
150  10  3.26490e-03
151  11  2.42114e-03
152   9  2.85006e-03
153   9  2.08902e-03
154  11  3.52788e-03
155  11  2.35915e-03
156  12  2.39897e-03
157   9  2.79522e-03
158   9  2.95281e-03
159  13  2.19679e-03
160  11  2.87938e-03
161  12  3.69096e-03
162  15  3.20196e-03
163  12  3.15809e-03
164  11  3.09706e-03
165  10  2.52318e-03
166  10  2.95305e-03
167  12  2.19488e-03
168  12  2.34389e-03
169   8  2.79403e-03
170  11  3.97897e-03
171   9  3.04699e-03
172  11  3.02601e-03
173  10  2.68698e-03
174  11  2.18391e-03
175  12  3.25298e-03
176   8  2.57301e-03
177  10  2.82502e-03
178  10  3.18289e-03
179  13  2.88987e-03
180  10  2.91204e-03
181  11  2.25782e-03
182   9  2.76589e-03
183  12  3.15809e-03
184  13  1.97816e-03
185  10  3.53575e-03
186  11  3.34406e-03
187  12  2.74515e-03
188  11  5.59688e-03
189  11  2.14887e-03
190  11  3.16215e-03
191  12  2.77495e-03
192  13  2.93183e-03
193  12  3.29375e-03
194   9  2.31695e-03
195  10  2.28405e-03
196  11  2.11716e-03
197  11  2.81501e-03
198  11  1.93214e-03
199  12  2.26593e-03
200  11  2.14887e-03
201   9  5.07092e-03
202   7  3.24106e-03
203  11  3.53289e-03
204  10  3.91603e-03
205  11  2.83384e-03
206  11  4.63581e-03
207   9  2.39706e-03
208  10  2.20084e-03
209  10  2.65718e-03
210   8  2.40397e-03
211  12  3.07512e-03
212  11  2.64096e-03
213  12  3.32308e-03
214  11  2.03991e-03
215  12  2.39325e-03
216  12  3.20816e-03
217   9  2.05493e-03
218  13  3.16215e-03
219   9  3.56197e-03
220  11  3.39317e-03
221  12  3.70193e-03
222  13  3.32117e-03
223  11  3.07775e-03
224  13  3.18384e-03
225  13  2.34699e-03
226  12  2.36607e-03
227  11  3.09610e-03
228  11  3.18837e-03
229  13  2.38419e-03
230  11  4.75073e-03
231  12  3.26920e-03
232  11  2.75683e-03
233  11  2.43497e-03
234  11  2.20180e-03
235  10  3.02696e-03
236  10  3.14713e-03
237  12  2.46596e-03
238  13  3.11804e-03
239  10  3.41201e-03
240  13  2.61617e-03
241  10  2.40016e-03
242  10  2.87509e-03
243  13  2.17605e-03
244  11  3.01695e-03
245  10  3.07298e-03
246  10  4.04406e-03
247  10  3.11708e-03
248  12  2.40922e-03
249  10  2.38109e-03
250  11  2.58088e-03
251  12  2.22301e-03
252  10  2.68412e-03
253  11  2.32816e-03
254   9  2.67315e-03
255  13  2.20776e-03
256   8  2.39205e-03
257  12  2.30718e-03
258  11  2.57611e-03
259  10  1.92428e-03
260  10  2.10595e-03
261  11  2.30408e-03
262  12  2.94709e-03
263  11  3.86500e-03
264  13  2.68793e-03
265  11  2.35796e-03
266  10  2.45595e-03
267  12  2.70629e-03
268   9  3.19099e-03
269  10  2.25997e-03
270  10  2.46406e-03
271  12  2.95305e-03
272  10  2.65598e-03
273   9  2.52795e-03
274  12  2.89702e-03
275  12  2.49815e-03
276  12  2.11096e-03
277   9  2.39587e-03
278  10  2.31624e-03
279  12  2.12193e-03
280  11  2.46096e-03
281  12  3.41296e-03
282  11  2.18487e-03
283   7  1.99914e-03
284  10  3.15380e-03
285  11  2.90203e-03
286   9  2.16508e-03
287  12  2.90203e-03
288  10  2.43092e-03
289   9  2.80619e-03
290  12  2.43688e-03
291   9  2.99597e-03
292  10  2.57397e-03
293   9  2.86102e-03
294   9  2.18129e-03
295  10  3.07608e-03
296  11  2.28405e-03
297  10  2.82192e-03
298  10  2.09284e-03
299  11  2.77877e-03
300  11  3.02410e-03
301  12  2.07996e-03
302  11  3.99804e-03
303  10  2.35319e-03
304   7  3.87692e-03
305  11  4.33517e-03
306  11  3.74389e-03
307  10  3.64995e-03
308  12  3.29399e-03
309  11  2.53797e-03
310  13  2.98619e-03
311  11  2.40612e-03
312  10  2.24400e-03
313  11  2.86794e-03
314  11  2.95568e-03
315  11  3.16596e-03
316  10  2.89202e-03
317   9  2.30598e-03
318  10  2.95305e-03
319  11  3.11399e-03
320  11  2.78592e-03
321  10  3.02696e-03
322  11  3.93319e-03
323  10  2.48003e-03
324   9  2.33793e-03
325  10  2.94590e-03
326  10  2.33412e-03
327  11  2.33698e-03
328  10  1.78909e-03
329  10  2.66886e-03
330  12  2.49100e-03
331  10  2.84290e-03
332  13  2.82073e-03
333   8  2.80499e-03
334  10  3.08514e-03
335  12  2.27308e-03
336  10  3.09324e-03
337  10  2.91920e-03
338  12  3.25298e-03
339  10  3.75795e-03
340   9  3.04365e-03
341  10  2.70915e-03
342  10  2.50912e-03
343  12  2.54321e-03
344  13  2.24781e-03
345  10  1.85704e-03
346   9  2.92015e-03
347  12  2.51794e-03
348  10  2.78401e-03
349  12  2.98595e-03
350  10  2.73108e-03
351  10  3.09706e-03
352  11  1.89018e-03
353  11  2.64287e-03
354  10  2.88987e-03
355  10  3.49092e-03
356  11  2.13194e-03
357  12  3.37291e-03
358  11  2.29788e-03
359  12  2.75993e-03
360  10  2.93112e-03
361   9  2.66123e-03
362  12  1.96195e-03
363  10  1.95503e-03
364   9  2.12288e-03
365   9  3.94917e-03
366  12  2.78783e-03
367  10  3.09300e-03
368  13  2.05016e-03
369  10  1.95694e-03
370   9  2.23207e-03
371  11  1.91212e-03
372  11  1.94573e-03
0  13  6.42590e-01
1  11  1.47319e-03
2  10  1.29700e-03
3  10  1.74093e-03
4  11  1.49584e-03
5  11  9.20391e-03
6  10  3.67212e-03
7  11  3.38197e-03
8  10  3.21627e-03
9  11  3.16405e-03
10  10  2.73681e-03
11  11  4.19402e-03
12  12  4.03500e-03
13   9  4.34518e-03
14  11  4.22597e-03
15   9  4.29082e-03
16  10  3.28970e-03
17   7  3.26109e-03
18  12  4.70805e-03
19  11  3.82090e-03
20  11  4.15897e-03
21   8  4.73595e-03
22  12  3.46303e-03
23   9  2.93875e-03
24  10  3.19695e-03
25  11  2.93899e-03
26  10  3.03793e-03
27  11  4.33326e-03
28  10  3.54910e-03
29  11  4.13799e-03
30  13  4.60577e-03
31  11  2.55418e-03
32   8  3.98684e-03
33  12  3.70312e-03
34  12  2.98500e-03
35   9  2.58899e-03
36  10  3.02982e-03
37  13  5.38921e-03
38  10  3.95322e-03
39   9  3.80111e-03
40  11  3.92079e-03
41  12  4.70805e-03
42  12  2.45404e-03
43  11  4.03810e-03
44  11  3.99113e-03
45  10  4.21286e-03
46  13  4.20403e-03
47  10  2.69222e-03
48  11  3.26610e-03
49   9  2.74825e-03
50  10  3.93510e-03
51  13  4.25196e-03
52  13  4.30202e-03
53   9  3.81804e-03
54  10  3.14498e-03
55  12  2.85888e-03
56  10  2.74181e-03
57  11  3.50714e-03
58  12  4.20976e-03
59   9  4.42195e-03
60  11  3.03984e-03
61  12  3.09610e-03
62  10  3.40486e-03
63   9  3.62515e-03
64  10  5.24807e-03
65   9  3.02601e-03
66  12  6.60086e-03
67  12  4.65298e-03
68  11  3.39198e-03
69  10  2.59304e-03
70  10  2.50506e-03
71  11  3.55506e-03
72  12  3.88980e-03
73  11  3.48425e-03
74  13  4.24910e-03
75   9  3.17693e-03
76  10  3.93009e-03
77  11  5.64575e-03
78  11  3.18003e-03
79   8  3.29399e-03
80  12  3.05891e-03
81   7  2.53892e-03
82  11  4.02021e-03
83  13  3.87573e-03
84  10  3.56817e-03
85  11  4.10509e-03
86  11  2.80714e-03
87   9  5.65505e-03
88   9  3.35097e-03
89  10  4.14896e-03
90   9  6.88291e-03
91  11  4.10032e-03
92  11  4.40574e-03
93   7  3.47281e-03
94  12  4.83418e-03
95  11  2.69961e-03
96  12  4.18401e-03
97  11  3.70884e-03
98  10  2.96187e-03
99  10  3.27206e-03
100  11  3.54099e-03
101  11  2.43306e-03
102  12  3.86786e-03
103  12  3.81112e-03
104  10  3.05915e-03
105  10  3.24297e-03
106  12  3.68595e-03
107  11  3.09920e-03
108  11  4.44388e-03
109  10  3.38197e-03
110  12  2.45714e-03
111  12  4.16112e-03
112  12  2.69318e-03
113  11  2.91681e-03
114   9  3.60203e-03
115  11  3.28803e-03
116  11  2.47931e-03
117  12  3.48616e-03
118  11  3.90100e-03
119  11  2.41995e-03
120  10  3.27563e-03
121  10  3.82280e-03
122  10  3.10516e-03
123  13  2.63405e-03
124  12  3.82090e-03
125  10  3.56412e-03
126  12  4.19021e-03
127   8  4.91095e-03
128  10  4.26698e-03
129   8  2.41494e-03
130  10  2.71893e-03
131  11  2.70081e-03
132  13  4.60386e-03
133  11  3.30925e-03
134  12  2.58708e-03
135  10  2.87795e-03
136  13  6.34718e-03
137  11  3.47710e-03
138  11  5.01609e-03
139   9  2.82598e-03
140   9  4.31108e-03
141  10  3.75319e-03
142  10  2.36177e-03
143  13  5.03302e-03
144   9  3.31187e-03
145  12  2.80809e-03
146  14  3.40223e-03
147  11  4.08173e-03
148  11  4.34303e-03
149  13  3.70002e-03
150  10  2.76423e-03
151  11  4.07290e-03
152   9  2.65312e-03
153   9  2.53701e-03
154  11  3.53003e-03
155  11  3.33595e-03
156  12  3.44920e-03
157   9  3.35503e-03
158   9  2.80905e-03
159  13  2.67100e-03
160  11  3.71718e-03
161  12  3.63541e-03
162  15  3.05295e-03
163  12  2.81191e-03
164  11  3.57890e-03
165  10  2.62284e-03
166  10  3.44968e-03
167  12  3.47209e-03
168  12  2.87914e-03
169   8  2.69890e-03
170  11  4.51684e-03
171   9  4.41194e-03
172  11  3.57199e-03
173  10  4.16923e-03
174  11  2.34103e-03
175  12  2.42186e-03
176   8  3.18694e-03
177  10  4.11272e-03
178  10  3.98397e-03
179  13  3.35097e-03
180  10  3.24416e-03
181  11  3.74317e-03
182   9  2.40993e-03
183  12  2.67172e-03
184  13  3.07894e-03
185  10  5.35131e-03
186  11  2.52008e-03
187  12  3.42703e-03
188  11  4.52614e-03
189  11  3.99280e-03
190  11  3.24726e-03
191  12  2.89011e-03
192  13  3.49998e-03
193  12  2.70391e-03
194   9  2.32601e-03
195  10  4.85992e-03
196  11  3.43513e-03
197  11  2.51222e-03
198  11  2.89607e-03
199  12  3.46422e-03
200  11  5.11813e-03
201   9  2.99001e-03
202   7  3.54409e-03
203  11  3.76010e-03
204  10  2.41089e-03
205  11  3.57819e-03
206  11  3.53718e-03
207   9  3.39413e-03
208  10  2.70176e-03
209  10  3.90315e-03
210   8  2.30479e-03
211  12  2.64597e-03
212  11  3.90291e-03
213  12  3.80111e-03
214  11  3.36695e-03
215  12  3.12233e-03
216  12  3.76391e-03
217   9  3.76391e-03
218  13  4.13918e-03
219   9  3.65090e-03
220  11  2.88200e-03
221  12  3.38817e-03
222  13  4.54879e-03
223  11  3.42298e-03
224  13  4.38595e-03
225  13  2.90608e-03
226  12  4.95696e-03
227  11  3.49021e-03
228  11  5.28097e-03
229  13  3.47924e-03
230  11  3.63207e-03
231  12  2.89297e-03
232  11  3.74675e-03
233  11  3.55601e-03
234  11  3.48091e-03
235  10  3.46589e-03
236  10  2.68793e-03
237  12  2.68698e-03
238  13  2.51007e-03
239  10  2.97594e-03
240  13  6.27112e-03
241  10  2.78831e-03
242  10  2.85316e-03
243  13  2.48909e-03
244  11  3.49021e-03
245  10  3.35908e-03
246  10  3.72005e-03
247  10  2.36607e-03
248  12  5.09286e-03
249  10  2.99001e-03
250  11  3.91889e-03
251  12  3.16381e-03
252  10  3.55101e-03
253  11  3.90911e-03
254   9  2.29692e-03
255  13  4.14586e-03
256   8  3.61896e-03
257  12  3.33881e-03
258  11  3.46327e-03
259  10  2.64215e-03
260  10  2.99788e-03
261  11  3.04675e-03
262  12  3.37100e-03
263  11  2.53916e-03
264  13  3.83496e-03
265  11  7.25985e-03
266  10  2.95806e-03
267  12  3.64590e-03
268   9  3.69000e-03
269  10  2.88415e-03
270  10  2.31886e-03
271  12  3.80778e-03
272  10  4.65703e-03
273   9  3.31116e-03
274  12  4.44698e-03
275  12  4.80199e-03
276  12  3.71695e-03
277   9  2.58994e-03
278  10  3.40700e-03
279  12  3.50213e-03
280  11  4.86922e-03
281  12  3.88098e-03
282  11  4.55189e-03
283   7  3.38483e-03
284  10  3.21722e-03
285  11  3.51691e-03
286   9  2.63190e-03
287  12  3.76177e-03
288  10  2.73609e-03
289   9  2.50816e-03
290  12  4.66490e-03
291   9  5.79691e-03
292  10  2.77519e-03
293   9  3.33405e-03
294   9  3.24416e-03
295  10  3.27587e-03
296  11  2.57826e-03
297  10  4.33612e-03
298  10  2.96497e-03
299  11  3.89910e-03
300  11  3.70002e-03
301  12  3.63588e-03
302  11  3.65996e-03
303  10  2.55108e-03
304   7  3.31712e-03
305  11  4.10008e-03
306  11  4.11487e-03
307  10  2.53391e-03
308  12  3.35217e-03
309  11  4.35090e-03
310  13  4.47416e-03
311  11  3.54910e-03
312  10  3.21412e-03
313  11  4.45986e-03
314  11  6.47402e-03
315  11  2.48694e-03
316  10  4.12798e-03
317   9  2.73991e-03
318  10  2.85387e-03
319  11  2.69508e-03
320  11  2.89989e-03
321  10  2.40397e-03
322  11  3.72887e-03
323  10  3.38817e-03
324   9  2.49982e-03
325  10  2.61903e-03
326  10  4.00901e-03
327  11  3.42202e-03
328  10  3.78919e-03
329  10  4.51517e-03
330  12  2.95210e-03
331  10  5.31602e-03
332  13  3.76511e-03
333   8  2.98691e-03
334  10  2.65598e-03
335  12  2.89297e-03
336  10  3.58677e-03
337  10  3.79372e-03
338  12  2.73633e-03
339  10  4.57597e-03
340   9  5.79309e-03
341  10  3.58510e-03
342  10  4.29201e-03
343  12  2.83122e-03
344  13  4.37713e-03
345  10  4.63390e-03
346   9  6.29783e-03
347  12  3.54695e-03
348  10  3.55101e-03
349  12  3.37696e-03
350  10  3.35693e-03
351  10  2.85220e-03
352  11  2.57015e-03
353  11  2.68269e-03
354  10  3.94201e-03
355  10  2.93088e-03
356  11  2.63596e-03
357  12  3.01600e-03
358  11  2.25687e-03
359  12  2.55585e-03
360  10  2.67506e-03
361   9  3.03388e-03
362  12  2.52414e-03
363  10  2.66385e-03
364   9  3.43180e-03
365   9  2.77376e-03
366  12  3.30615e-03
367  10  3.28422e-03
368  13  3.99113e-03
369  10  2.31814e-03
370   9  3.00622e-03
371  11  3.16787e-03
372  11  5.20611e-03
0  13  6.59330e-01
1  11  1.52898e-03
2  10  1.21808e-03
3  10  1.53685e-03
4  11  1.43170e-03
5  11  9.00602e-03
6  10  3.53599e-03
7  11  3.36981e-03
8  10  3.32618e-03
9  11  3.09515e-03
10  10  2.67220e-03
11  11  4.43983e-03
12  12  4.05502e-03
13   9  4.26793e-03
14  11  4.13084e-03
15   9  4.17304e-03
16  10  3.59106e-03
17   7  3.17597e-03
18  12  4.73499e-03
19  11  3.71385e-03
20  11  4.17829e-03
21   8  4.80199e-03
22  12  3.46804e-03
23   9  2.94089e-03
24  10  3.28016e-03
25  11  3.13973e-03
26  10  3.16072e-03
27  11  4.48203e-03
28  10  3.55983e-03
29  11  4.22406e-03
30  13  4.88901e-03
31  11  2.65288e-03
32   8  4.08173e-03
33  12  3.74699e-03
34  12  2.89202e-03
35   9  2.50793e-03
36  10  3.10493e-03
37  13  5.51081e-03
38  10  4.18401e-03
39   9  3.66712e-03
40  11  4.01998e-03
41  12  4.58384e-03
42  12  2.60711e-03
43  11  4.18305e-03
44  11  3.84808e-03
45  10  4.27389e-03
46  13  4.23694e-03
47  10  2.69318e-03
48  11  3.22580e-03
49   9  2.87199e-03
50  10  3.79276e-03
51  13  4.16803e-03
52  13  4.44174e-03
53   9  3.87716e-03
54  10  3.09801e-03
55  12  2.78974e-03
56  10  2.96998e-03
57  11  3.85284e-03
58  12  4.20403e-03
59   9  4.54998e-03
60  11  3.26920e-03
61  12  3.31330e-03
62  10  3.49498e-03
63   9  3.75390e-03
64  10  5.70822e-03
65   9  3.05796e-03
66  12  6.43706e-03
67  12  4.62413e-03
68  11  3.42894e-03
69  10  2.64978e-03
70  10  2.50697e-03
71  11  3.40295e-03
72  12  3.93772e-03
73  11  3.60703e-03
74  13  4.14324e-03
75   9  3.22795e-03
76  10  3.92699e-03
77  11  5.73993e-03
78  11  3.37577e-03
79   8  3.30997e-03
80  12  3.25298e-03
81   7  3.00598e-03
82  11  4.10295e-03
83  13  3.90887e-03
84  10  3.13711e-03
85  11  3.87096e-03
86  11  2.59924e-03
87   9  2.88606e-03
88   9  3.09467e-03
89  10  3.87692e-03
90   9  5.69129e-03
91  11  3.71194e-03
92  11  4.14181e-03
93   7  3.10612e-03
94  12  4.53568e-03
95  11  2.49100e-03
96  12  4.08792e-03
97  11  3.59917e-03
98  10  2.88892e-03
99  10  3.40796e-03
100  11  3.59607e-03
101  11  2.59614e-03
102  12  3.81064e-03
103  12  3.69406e-03
104  10  3.10302e-03
105  10  3.04222e-03
106  12  3.79276e-03
107  11  3.04604e-03
108  11  4.51994e-03
109  10  3.38316e-03
110  12  2.60901e-03
111  12  3.97587e-03
112  12  2.82192e-03
113  11  2.92492e-03
114   9  3.41868e-03
115  11  3.43513e-03
116  11  2.50316e-03
117  12  3.46494e-03
118  11  4.04406e-03
119  11  2.41804e-03
120  10  3.07989e-03
121  10  3.82996e-03
122  10  3.12996e-03
123  13  2.65980e-03
124  12  3.80707e-03
125  10  3.47400e-03
126  12  3.91483e-03
127   8  4.80318e-03
128  10  4.63796e-03
129   8  2.96664e-03
130  10  3.06892e-03
131  11  3.36695e-03
132  13  4.57501e-03
133  11  3.54695e-03
134  12  2.87580e-03
135  10  2.86603e-03
136  13  6.60014e-03
137  11  4.25315e-03
138  11  5.28312e-03
139   9  3.09014e-03
140   9  4.29916e-03
141  10  4.06599e-03
142  10  2.60425e-03
143  13  5.45096e-03
144   9  3.44133e-03
145  12  2.91872e-03
146  14  3.48616e-03
147  11  4.54593e-03
148  11  4.60601e-03
149  13  3.69430e-03
150  10  2.92015e-03
151  11  4.48394e-03
152   9  3.18098e-03
153   9  2.54893e-03
154  11  3.42107e-03
155  11  3.68690e-03
156  12  3.39580e-03
157   9  3.37195e-03
158   9  2.96879e-03
159  13  2.64406e-03
160  11  3.46494e-03
161  12  3.76487e-03
162  15  3.15213e-03
163  12  2.80094e-03
164  11  3.52383e-03
165  10  2.98309e-03
166  10  3.37291e-03
167  12  3.44396e-03
168  12  2.85816e-03
169   8  2.70891e-03
170  11  4.50921e-03
171   9  4.39501e-03
172  11  3.54505e-03
173  10  4.22907e-03
174  11  2.44284e-03
175  12  2.71821e-03
176   8  3.20625e-03
177  10  4.15897e-03
178  10  3.90792e-03
179  13  3.69883e-03
180  10  3.33023e-03
181  11  3.57032e-03
182   9  2.38609e-03
183  12  2.71225e-03
184  13  3.10087e-03
185  10  5.49412e-03
186  11  2.69103e-03
187  12  3.69096e-03
188  11  4.57525e-03
189  11  3.92723e-03
190  11  3.20196e-03
191  12  2.82598e-03
192  13  3.40009e-03
193  12  3.05796e-03
194   9  2.18177e-03
195  10  4.92024e-03
196  11  3.26586e-03
197  11  2.49600e-03
198  11  3.25179e-03
199  12  3.53479e-03
200  11  4.96101e-03
201   9  2.89488e-03
202   7  4.13013e-03
203  11  4.01497e-03
204  10  2.68006e-03
205  11  3.97706e-03
206  11  4.01592e-03
207   9  3.82328e-03
208  10  3.00384e-03
209  10  3.96514e-03
210   8  2.61092e-03
211  12  2.96593e-03
212  11  3.97015e-03
213  12  4.04692e-03
214  11  3.62372e-03
215  12  3.13234e-03
216  12  3.76487e-03
217   9  4.00114e-03
218  13  4.17089e-03
219   9  3.46613e-03
220  11  2.90012e-03
221  12  3.53622e-03
222  13  4.61411e-03
223  11  3.43800e-03
224  13  4.44794e-03
225  13  3.01003e-03
226  12  5.12123e-03
227  11  3.57199e-03
228  11  5.07903e-03
229  13  3.26276e-03
230  11  3.60394e-03
231  12  3.01003e-03
232  11  4.01306e-03
233  11  3.78013e-03
234  11  3.72314e-03
235  10  3.62611e-03
236  10  2.93183e-03
237  12  2.57397e-03
238  13  2.35701e-03
239  10  3.45492e-03
240  13  5.96094e-03
241  10  3.15428e-03
242  10  2.65908e-03
243  13  2.47502e-03
244  11  3.80516e-03
245  10  3.51882e-03
246  10  3.79395e-03
247  10  2.65217e-03
248  12  5.09405e-03
249  10  2.81715e-03
250  11  3.96109e-03
251  12  3.13306e-03
252  10  3.51000e-03
253  11  4.07004e-03
254   9  2.38109e-03
255  13  4.01497e-03
256   8  3.53384e-03
257  12  3.07918e-03
258  11  3.06940e-03
259  10  2.25902e-03
260  10  2.64406e-03
261  11  2.47788e-03
262  12  3.23200e-03
263  11  2.51198e-03
264  13  3.51310e-03
265  11  6.40202e-03
266  10  2.71201e-03
267  12  3.54481e-03
268   9  2.69413e-03
269  10  2.50697e-03
270  10  2.26808e-03
271  12  3.48711e-03
272  10  4.29416e-03
273   9  3.09610e-03
274  12  3.58915e-03
275  12  3.95203e-03
276  12  3.29208e-03
277   9  2.13575e-03
278  10  3.10874e-03
279  12  3.03316e-03
280  11  3.30997e-03
281  12  3.78704e-03
282  11  4.49204e-03
283   7  3.20101e-03
284  10  3.42178e-03
285  11  3.39198e-03
286   9  2.31504e-03
287  12  3.57008e-03
288  10  2.70200e-03
289   9  2.44117e-03
290  12  4.70328e-03
291   9  5.86605e-03
292  10  2.70796e-03
293   9  3.59607e-03
294   9  3.36003e-03
295  10  3.39818e-03
296  11  2.48408e-03
297  10  4.33302e-03
298  10  2.99811e-03
299  11  3.99518e-03
300  11  3.72672e-03
301  12  3.46112e-03
302  11  3.78013e-03
303  10  2.57802e-03
304   7  3.29089e-03
305  11  3.94082e-03
306  11  3.97110e-03
307  10  2.45309e-03
308  12  3.26586e-03
309  11  4.36497e-03
310  13  4.36401e-03
311  11  3.63779e-03
312  10  2.96021e-03
313  11  4.45509e-03
314  11  6.29497e-03
315  11  2.50912e-03
316  10  4.03881e-03
317   9  2.57802e-03
318  10  2.86627e-03
319  11  2.73418e-03
320  11  2.87795e-03
321  10  2.33006e-03
322  11  3.76415e-03
323  10  3.03102e-03
324   9  2.08783e-03
325  10  2.44689e-03
326  10  3.67904e-03
327  11  3.16691e-03
328  10  3.67403e-03
329  10  3.77893e-03
330  12  2.36702e-03
331  10  4.02999e-03
332  13  3.18384e-03
333   8  2.94304e-03
334  10  2.48575e-03
335  12  2.49791e-03
336  10  3.63684e-03
337  10  3.67785e-03
338  12  2.45309e-03
339  10  4.30012e-03
340   9  5.64981e-03
341  10  3.62206e-03
342  10  4.81606e-03
343  12  2.60615e-03
344  13  4.76503e-03
345  10  4.51493e-03
346   9  6.60205e-03
347  12  4.22812e-03
348  10  3.76296e-03
349  12  3.39580e-03
350  10  3.50285e-03
351  10  2.88987e-03
352  11  2.49195e-03
353  11  2.54107e-03
354  10  4.43482e-03
355  10  2.83003e-03
356  11  2.65408e-03
357  12  3.23582e-03
358  11  2.38180e-03
359  12  2.58827e-03
360  10  2.88582e-03
361   9  3.08394e-03
362  12  2.66910e-03
363  10  2.46000e-03
364   9  3.05986e-03
365   9  3.22509e-03
366  12  3.21674e-03
367  10  3.19314e-03
368  13  3.68595e-03
369  10  2.18391e-03
370   9  3.12591e-03
371  11  3.54314e-03
372  11  5.24068e-03
0  13  6.31408e-01
1  11  1.42384e-03
2  10  1.28889e-03
3  10  1.53208e-03
4  11  1.40285e-03
5  11  8.69179e-03
6  10  3.67212e-03
7  11  3.39890e-03
8  10  3.48711e-03
9  11  3.22199e-03
10  10  2.64502e-03
11  11  4.01878e-03
12  12  3.70598e-03
13   9  4.27103e-03
14  11  4.04787e-03
15   9  4.38595e-03
16  10  3.27897e-03
17   7  3.00407e-03
18  12  4.37021e-03
19  11  3.63898e-03
20  11  3.99089e-03
21   8  4.55499e-03
22  12  3.46303e-03
23   9  2.88320e-03
24  10  3.25203e-03
25  11  2.97999e-03
26  10  3.06129e-03
27  11  4.32682e-03
28  10  3.54099e-03
29  11  4.14705e-03
30  13  4.58813e-03
31  11  2.56515e-03
32   8  4.06885e-03
33  12  3.67284e-03
34  12  2.89798e-03
35   9  2.83313e-03
36  10  3.09682e-03
37  13  5.32722e-03
38  10  4.03929e-03
39   9  3.89099e-03
40  11  3.85499e-03
41  12  4.47416e-03
42  12  2.52271e-03
43  11  4.11916e-03
44  11  3.93581e-03
45  10  4.52089e-03
46  13  4.31108e-03
47  10  2.62022e-03
48  11  3.21913e-03
49   9  2.68817e-03
50  10  3.66592e-03
51  13  4.37307e-03
52  13  4.45223e-03
53   9  3.73125e-03
54  10  3.09205e-03
55  12  2.83694e-03
56  10  2.88701e-03
57  11  3.59583e-03
58  12  4.06289e-03
59   9  4.38523e-03
60  11  3.10016e-03
61  12  3.38984e-03
62  10  3.38507e-03
63   9  3.58200e-03
64  10  5.39708e-03
65   9  2.99644e-03
66  12  6.09899e-03
67  12  4.43721e-03
68  11  3.47185e-03
69  10  2.61879e-03
70  10  2.57206e-03
71  11  3.36409e-03
72  12  3.75819e-03
73  11  3.53718e-03
74  13  4.16780e-03
75   9  3.26705e-03
76  10  3.98421e-03
77  11  5.75614e-03
78  11  3.15499e-03
79   8  3.13401e-03
80  12  3.20792e-03
81   7  2.67005e-03
82  11  3.93295e-03
83  13  3.93605e-03
84  10  3.20983e-03
85  11  3.65019e-03
86  11  2.58899e-03
87   9  2.89416e-03
88   9  2.88391e-03
89  10  3.70884e-03
90   9  5.42593e-03
91  11  3.58295e-03
92  11  3.92795e-03
93   7  3.03602e-03
94  12  4.19402e-03
95  11  2.45595e-03
96  12  3.93772e-03
97  11  3.64900e-03
98  10  2.73705e-03
99  10  3.17192e-03
100  11  3.57318e-03
101  11  2.57182e-03
102  12  3.71790e-03
103  12  3.60489e-03
104  10  2.92397e-03
105  10  3.01313e-03
106  12  3.67618e-03
107  11  2.95663e-03
108  11  4.45580e-03
109  10  3.31903e-03
110  12  2.64502e-03
111  12  3.90983e-03
112  12  2.43926e-03
113  11  2.94399e-03
114   9  3.34287e-03
115  11  3.37982e-03
116  11  2.43998e-03
117  12  3.30305e-03
118  11  3.82400e-03
119  11  2.38323e-03
120  10  3.14498e-03
121  10  3.92294e-03
122  10  3.18003e-03
123  13  2.63500e-03
124  12  3.46208e-03
125  10  3.50595e-03
126  12  3.86000e-03
127   8  4.72999e-03
128  10  4.15111e-03
129   8  2.40803e-03
130  10  2.58708e-03
131  11  2.64597e-03
132  13  4.38213e-03
133  11  3.33524e-03
134  12  2.67816e-03
135  10  2.62308e-03
136  13  6.03199e-03
137  11  3.27897e-03
138  11  4.96197e-03
139   9  2.80285e-03
140   9  4.10223e-03
141  10  3.71003e-03
142  10  2.39491e-03
143  13  4.95005e-03
144   9  3.18313e-03
145  12  2.76899e-03
146  14  3.26896e-03
147  11  3.93295e-03
148  11  4.30727e-03
149  13  3.43084e-03
150  10  2.83790e-03
151  11  4.18210e-03
152   9  2.70486e-03
153   9  2.35200e-03
154  11  3.50428e-03
155  11  3.46398e-03
156  12  3.53575e-03
157   9  3.33214e-03
158   9  2.71297e-03
159  13  2.75803e-03
160  11  3.55363e-03
161  12  3.57699e-03
162  15  2.97403e-03
163  12  2.69818e-03
164  11  3.58987e-03
165  10  2.58303e-03
166  10  3.32284e-03
167  12  3.62802e-03
168  12  2.79093e-03
169   8  2.79188e-03
170  11  4.39405e-03
171   9  4.47702e-03
172  11  3.45802e-03
173  10  4.08220e-03
174  11  2.33006e-03
175  12  2.37393e-03
176   8  3.29781e-03
177  10  4.20213e-03
178  10  4.01807e-03
179  13  3.31521e-03
180  10  3.44706e-03
181  11  3.71408e-03
182   9  2.40111e-03
183  12  2.68483e-03
184  13  2.86508e-03
185  10  5.27215e-03
186  11  2.63000e-03
187  12  4.89378e-03
188  11  4.93002e-03
189  11  4.67134e-03
190  11  3.39890e-03
191  12  2.91681e-03
192  13  3.93605e-03
193  12  3.73125e-03
194   9  2.27189e-03
195  10  4.83108e-03
196  11  3.72481e-03
197  11  2.84004e-03
198  11  3.28016e-03
199  12  3.49998e-03
200  11  4.86994e-03
201   9  2.92015e-03
202   7  3.70097e-03
203  11  3.77917e-03
204  10  2.54607e-03
205  11  3.55506e-03
206  11  3.37791e-03
207   9  3.60990e-03
208  10  2.81334e-03
209  10  3.81780e-03
210   8  2.41208e-03
211  12  2.70081e-03
212  11  3.83592e-03
213  12  3.88026e-03
214  11  3.55625e-03
215  12  2.98095e-03
216  12  3.77703e-03
217   9  3.83615e-03
218  13  4.12416e-03
219   9  3.64399e-03
220  11  2.98285e-03
221  12  3.70884e-03
222  13  4.74524e-03
223  11  3.57199e-03
224  13  4.41980e-03
225  13  3.04890e-03
226  12  4.89593e-03
227  11  3.42512e-03
228  11  5.12886e-03
229  13  3.29590e-03
230  11  3.60608e-03
231  12  2.90704e-03
232  11  3.98684e-03
233  11  3.56913e-03
234  11  3.63183e-03
235  10  3.41296e-03
236  10  2.71225e-03
237  12  2.55609e-03
238  13  2.60401e-03
239  10  2.97618e-03
240  13  6.10209e-03
241  10  2.69794e-03
242  10  2.71106e-03
243  13  2.42591e-03
244  11  3.48401e-03
245  10  3.23606e-03
246  10  3.67284e-03
247  10  2.51579e-03
248  12  4.91285e-03
249  10  3.01480e-03
250  11  3.85618e-03
251  12  3.10588e-03
252  10  3.56460e-03
253  11  4.00281e-03
254   9  2.42615e-03
255  13  3.62611e-03
256   8  3.54409e-03
257  12  3.02124e-03
258  11  3.27897e-03
259  10  2.52509e-03
260  10  2.33293e-03
261  11  2.39515e-03
262  12  3.37410e-03
263  11  2.45786e-03
264  13  3.46684e-03
265  11  6.23894e-03
266  10  2.78783e-03
267  12  3.28588e-03
268   9  2.56062e-03
269  10  2.39897e-03
270  10  1.98722e-03
271  12  3.40605e-03
272  10  4.21095e-03
273   9  2.76804e-03
274  12  3.40891e-03
275  12  3.65901e-03
276  12  3.56579e-03
277   9  2.30885e-03
278  10  3.18694e-03
279  12  2.73490e-03
280  11  3.08084e-03
281  12  3.77393e-03
282  11  4.07219e-03
283   7  3.07202e-03
284  10  3.04532e-03
285  11  3.26204e-03
286   9  2.29812e-03
287  12  3.33071e-03
288  10  2.56419e-03
289   9  2.45094e-03
290  12  4.31514e-03
291   9  5.83887e-03
292  10  2.73085e-03
293   9  3.18480e-03
294   9  3.36790e-03
295  10  3.32212e-03
296  11  2.54893e-03
297  10  4.03404e-03
298  10  2.77901e-03
299  11  3.87907e-03
300  11  3.59583e-03
301  12  3.65782e-03
302  11  3.63398e-03
303  10  2.79021e-03
304   7  3.38197e-03
305  11  3.98207e-03
306  11  3.74198e-03
307  10  2.50411e-03
308  12  3.22700e-03
309  11  4.15587e-03
310  13  4.33993e-03
311  11  3.34096e-03
312  10  3.09610e-03
313  11  4.40907e-03
314  11  6.33383e-03
315  11  2.54798e-03
316  10  4.00305e-03
317   9  2.70796e-03
318  10  2.73299e-03
319  11  2.44617e-03
320  11  2.79927e-03
321  10  2.42567e-03
322  11  3.46088e-03
323  10  3.23391e-03
324   9  2.25496e-03
325  10  2.26808e-03
326  10  3.63421e-03
327  11  3.17192e-03
328  10  3.55315e-03
329  10  3.93128e-03
330  12  2.44308e-03
331  10  4.06313e-03
332  13  3.21794e-03
333   8  2.67434e-03
334  10  2.41899e-03
335  12  2.38991e-03
336  10  3.27086e-03
337  10  3.53694e-03
338  12  2.45881e-03
339  10  4.59480e-03
340   9  5.24378e-03
341  10  3.54600e-03
342  10  4.25386e-03
343  12  2.65098e-03
344  13  4.40288e-03
345  10  4.60291e-03
346   9  6.23202e-03
347  12  3.36695e-03
348  10  3.58987e-03
349  12  3.27706e-03
350  10  3.31116e-03
351  10  2.87890e-03
352  11  2.38109e-03
353  11  2.54893e-03
354  10  3.79109e-03
355  10  2.66600e-03
356  11  2.60401e-03
357  12  2.88296e-03
358  11  2.22683e-03
359  12  2.50793e-03
360  10  2.85101e-03
361   9  3.80707e-03
362  12  2.76399e-03
363  10  2.81096e-03
364   9  3.30210e-03
365   9  2.91610e-03
366  12  6.19316e-03
367  10  4.18186e-03
368  13  3.99303e-03
369  10  4.75383e-03
370   9  4.31299e-03
371  11  7.39694e-03
372  11  8.04114e-03
0  13  7.08092e-01
1  11  1.33228e-03
2  10  1.07312e-03
3  10  1.49488e-03
4  11  1.47009e-03
5  11  8.76021e-03
6  10  3.62611e-03
7  11  3.18480e-03
8  10  3.35407e-03
9  11  3.22509e-03
10  10  2.77209e-03
11  11  4.05693e-03
12  12  3.75772e-03
13   9  4.01878e-03
14  11  4.29916e-03
15   9  4.42696e-03
16  10  3.40605e-03
17   7  3.04890e-03
18  12  4.61221e-03
19  11  3.64184e-03
20  11  4.18401e-03
21   8  4.51112e-03
22  12  3.40104e-03
23   9  2.91419e-03
24  10  3.09992e-03
25  11  2.85077e-03
26  10  3.11804e-03
27  11  4.27103e-03
28  10  3.44896e-03
29  11  4.15516e-03
30  13  4.49896e-03
31  11  2.59519e-03
32   8  3.87311e-03
33  12  3.56770e-03
34  12  3.18193e-03
35   9  2.71392e-03
36  10  3.01290e-03
37  13  5.52988e-03
38  10  4.05693e-03
39   9  3.58391e-03
40  11  3.79872e-03
41  12  4.33111e-03
42  12  2.51484e-03
43  11  3.95870e-03
44  11  3.83210e-03
45  10  4.38499e-03
46  13  4.34375e-03
47  10  2.60019e-03
48  11  3.39293e-03
49   9  2.68888e-03
50  10  3.66783e-03
51  13  4.24600e-03
52  13  4.24600e-03
53   9  3.68690e-03
54  10  3.08990e-03
55  12  2.93803e-03
56  10  2.74873e-03
57  11  3.44396e-03
58  12  3.94702e-03
59   9  4.38285e-03
60  11  2.84171e-03
61  12  3.14808e-03
62  10  3.31211e-03
63   9  3.40009e-03
64  10  5.42998e-03
65   9  2.97499e-03
66  12  6.08683e-03
67  12  4.33207e-03
68  11  3.19695e-03
69  10  2.49887e-03
70  10  2.46191e-03
71  11  3.32999e-03
72  12  3.80373e-03
73  11  3.34692e-03
74  13  3.84212e-03
75   9  3.12018e-03
76  10  3.79586e-03
77  11  5.45979e-03
78  11  3.07989e-03
79   8  3.17311e-03
80  12  3.21603e-03
81   7  2.57921e-03
82  11  3.75819e-03
83  13  3.83830e-03
84  10  3.10016e-03
85  11  3.80802e-03
86  11  2.58207e-03
87   9  2.91681e-03
88   9  2.90108e-03
89  10  3.92890e-03
90   9  5.48887e-03
91  11  3.50332e-03
92  11  3.88503e-03
93   7  3.04413e-03
94  12  4.24695e-03
95  11  2.41494e-03
96  12  3.89910e-03
97  11  3.41296e-03
98  10  2.76494e-03
99  10  3.18074e-03
100  11  3.37720e-03
101  11  2.44308e-03
102  12  3.68404e-03
103  12  3.42894e-03
104  10  2.96402e-03
105  10  3.10302e-03
106  12  3.63803e-03
107  11  2.92563e-03
108  11  4.27794e-03
109  10  3.23200e-03
110  12  2.61688e-03
111  12  4.08888e-03
112  12  2.58303e-03
113  11  2.78997e-03
114   9  3.40199e-03
115  11  3.33118e-03
116  11  2.58994e-03
117  12  3.41606e-03
118  11  3.69191e-03
119  11  2.46191e-03
120  10  3.11184e-03
121  10  3.69191e-03
122  10  2.97308e-03
123  13  2.48504e-03
124  12  3.54218e-03
125  10  3.31306e-03
126  12  3.72887e-03
127   8  4.48298e-03
128  10  4.10008e-03
129   8  2.23374e-03
130  10  2.65908e-03
131  11  2.52485e-03
132  13  4.26865e-03
133  11  3.27015e-03
134  12  2.52891e-03
135  10  2.58613e-03
136  13  6.30879e-03
137  11  3.28183e-03
138  11  4.80604e-03
139   9  2.68817e-03
140   9  3.95799e-03
141  10  3.53694e-03
142  10  2.20799e-03
143  13  4.95815e-03
144   9  3.17621e-03
145  12  2.99597e-03
146  14  3.55506e-03
147  11  3.69716e-03
148  11  4.64702e-03
149  13  3.58796e-03
150  10  2.74110e-03
151  11  4.25696e-03
152   9  2.75922e-03
153   9  2.33078e-03
154  11  3.34787e-03
155  11  3.35693e-03
156  12  3.41296e-03
157   9  3.31879e-03
158   9  2.96283e-03
159  13  2.69175e-03
160  11  3.47185e-03
161  12  3.62015e-03
162  15  2.93398e-03
163  12  2.74420e-03
164  11  3.50595e-03
165  10  2.74420e-03
166  10  3.29208e-03
167  12  3.49998e-03
168  12  2.99907e-03
169   8  2.73085e-03
170  11  4.37403e-03
171   9  4.44698e-03
172  11  3.51620e-03
173  10  3.92818e-03
174  11  2.23899e-03
175  12  2.46906e-03
176   8  3.05700e-03
177  10  4.15587e-03
178  10  3.72624e-03
179  13  3.59488e-03
180  10  3.67904e-03
181  11  3.99184e-03
182   9  2.69604e-03
183  12  2.87986e-03
184  13  3.45802e-03
185  10  5.43594e-03
186  11  2.95997e-03
187  12  4.09508e-03
188  11  4.90904e-03
189  11  4.35305e-03
190  11  3.55291e-03
191  12  2.86293e-03
192  13  3.97801e-03
193  12  2.91729e-03
194   9  2.29096e-03
195  10  4.94123e-03
196  11  3.44276e-03
197  11  2.46978e-03
198  11  2.93231e-03
199  12  3.61300e-03
200  11  4.72689e-03
201   9  2.82812e-03
202   7  3.45087e-03
203  11  3.74699e-03
204  10  2.38895e-03
205  11  3.57103e-03
206  11  3.44181e-03
207   9  3.40009e-03
208  10  2.65789e-03
209  10  3.69620e-03
210   8  2.42376e-03
211  12  2.65813e-03
212  11  3.76081e-03
213  12  3.79086e-03
214  11  3.33214e-03
215  12  2.99382e-03
216  12  3.53098e-03
217   9  3.81398e-03
218  13  4.05574e-03
219   9  3.58510e-03
220  11  2.61021e-03
221  12  3.22080e-03
222  13  4.88496e-03
223  11  3.32808e-03
224  13  4.23408e-03
225  13  2.93875e-03
226  12  4.80223e-03
227  11  3.52097e-03
228  11  5.74493e-03
229  13  4.98486e-03
230  11  3.99899e-03
231  12  4.21405e-03
232  11  4.20499e-03
233  11  4.08506e-03
234  11  5.24712e-03
235  10  3.57985e-03
236  10  2.69079e-03
237  12  3.07107e-03
238  13  2.88486e-03
239  10  4.55117e-03
240  13  7.15399e-03
241  10  3.21817e-03
242  10  3.25084e-03
243  13  3.34001e-03
244  11  3.86715e-03
245  10  3.85213e-03
246  10  3.98207e-03
247  10  2.79188e-03
248  12  5.35512e-03
249  10  3.42298e-03
250  11  4.09985e-03
251  12  3.46184e-03
252  10  3.54815e-03
253  11  4.22502e-03
254   9  2.48408e-03
255  13  3.90601e-03
256   8  3.55101e-03
257  12  3.18599e-03
258  11  2.96211e-03
259  10  2.24829e-03
260  10  2.47812e-03
261  11  2.32530e-03
262  12  3.08609e-03
263  11  2.63190e-03
264  13  3.72815e-03
265  11  6.24824e-03
266  10  2.83599e-03
267  12  3.61085e-03
268   9  2.67196e-03
269  10  2.64192e-03
270  10  2.16889e-03
271  12  3.46708e-03
272  10  4.04882e-03
273   9  2.93303e-03
274  12  3.42298e-03
275  12  3.82900e-03
276  12  3.36504e-03
277   9  2.35868e-03
278  10  3.13401e-03
279  12  3.00598e-03
280  11  3.45993e-03
281  12  3.68690e-03
282  11  4.00996e-03
283   7  3.13115e-03
284  10  2.92897e-03
285  11  3.22723e-03
286   9  2.27928e-03
287  12  3.35884e-03
288  10  3.16691e-03
289   9  2.23899e-03
290  12  4.33898e-03
291   9  5.86510e-03
292  10  2.82121e-03
293   9  3.22604e-03
294   9  3.37815e-03
295  10  3.19600e-03
296  11  2.31791e-03
297  10  4.52828e-03
298  10  2.91324e-03
299  11  3.91388e-03
300  11  3.53980e-03
301  12  3.71575e-03
302  11  3.55220e-03
303  10  2.60186e-03
304   7  3.41296e-03
305  11  3.77202e-03
306  11  3.87406e-03
307  10  2.39015e-03
308  12  3.21603e-03
309  11  4.10080e-03
310  13  4.24099e-03
311  11  3.39627e-03
312  10  2.99501e-03
313  11  4.27318e-03
314  11  6.22368e-03
315  11  2.35105e-03
316  10  3.93867e-03
317   9  2.62403e-03
318  10  2.78330e-03
319  11  2.61497e-03
320  11  2.75517e-03
321  10  2.37918e-03
322  11  3.43204e-03
323  10  2.93612e-03
324   9  2.13504e-03
325  10  2.39396e-03
326  10  3.49092e-03
327  11  3.17192e-03
328  10  3.53122e-03
329  10  3.66807e-03
330  12  2.47121e-03
331  10  4.08292e-03
332  13  3.38101e-03
333   8  2.68531e-03
334  10  2.33388e-03
335  12  2.48790e-03
336  10  3.40033e-03
337  10  3.62992e-03
338  12  2.53797e-03
339  10  4.46796e-03
340   9  5.42688e-03
341  10  3.49307e-03
342  10  4.07815e-03
343  12  2.69103e-03
344  13  4.26316e-03
345  10  4.34303e-03
346   9  6.02293e-03
347  12  3.29590e-03
348  10  3.46279e-03
349  12  3.29781e-03
350  10  3.15714e-03
351  10  2.62594e-03
352  11  2.35772e-03
353  11  2.57802e-03
354  10  3.83329e-03
355  10  2.65980e-03
356  11  2.55680e-03
357  12  2.78783e-03
358  11  2.20704e-03
359  12  2.34818e-03
360  10  2.62094e-03
361   9  2.89106e-03
362  12  2.32077e-03
363  10  2.49887e-03
364   9  3.08371e-03
365   9  2.47717e-03
366  12  2.95591e-03
367  10  3.18384e-03
368  13  3.68905e-03
369  10  2.13194e-03
370   9  2.83504e-03
371  11  3.24416e-03
372  11  4.90880e-03
