0  13  6.14685e+00
1  11  3.79696e+00
2  10  3.33965e+00
3  10  1.30181e+00
4  11  6.90509e+00
5  11  1.02637e+03
6  10  3.05225e+00
7  11  1.19211e+01
8  10  4.52109e+00
9  11  5.07760e+00
10  10  2.54181e+00
11  11  5.80461e+00
12  12  2.74373e+00
13   9  2.81736e+01
14  11  3.46635e+00
15   9  2.12609e+00
16  10  3.15769e+00
17   7  1.55085e+00
18  12  7.29125e+00
19  11  3.56116e+00
20  11  6.61710e+00
21   8  3.61755e+00
22  12  2.00564e+00
23   9  3.42269e+00
24  10  4.97689e+00
25  11  1.00536e+03
26  10  4.04261e+00
27  11  1.98109e+00
28  10  4.32789e+00
29  11  5.15119e+00
30  13  9.64312e+00
31  11  2.59338e+00
32   8  9.41603e-01
33  12  1.43734e+01
34  12  9.85031e+02
35   9  5.80233e+00
36  10  1.13679e+00
37  13  3.61252e+00
38  10  2.36551e+00
39   9  4.77524e+00
40  11  6.79224e+00
41  12  6.07923e+00
42  12  1.53101e+00
43  11  3.50387e+00
44  11  2.62238e+00
45  10  1.44979e+00
46  13  5.30639e+00
47  10  2.12341e+00
48  11  3.51532e+00
49   9  3.28443e+00
50  10  6.36994e+00
51  13  8.27296e+00
52  13  6.92867e+00
53   9  1.30281e+00
54  10  2.77701e+00
55  12  1.97517e+00
56  10  2.15845e+00
57  11  2.17671e+00
58  12  1.42798e+00
59   9  4.75788e+00
60  11  4.08210e+00
61  12  7.18014e+00
62  10  2.21138e+00
63   9  2.31036e+00
64  10  2.42959e+00
65   9  4.41590e+00
66  12  7.94392e+00
67  12  7.19583e+00
68  11  3.92854e+00
69  10  4.11579e+00
70  10  3.51313e+00
71  11  4.48101e+00
72  12  2.79458e+00
73  11  4.49146e+00
74  13  6.02276e+00
75   9  4.88459e+00
76  10  5.25687e+00
77  11  2.33128e+00
78  11  3.78223e+00
79   8  2.74030e+00
80  12  4.20203e+00
81   7  1.77283e+00
82  11  5.99624e+00
83  13  1.64043e+00
84  10  1.36450e+00
85  11  4.33017e+00
86  11  2.76794e+00
87   9  1.45059e+00
88   9  5.41818e+00
89  10  4.37943e+00
90   9  2.09082e+00
91  11  7.69374e+00
92  11  6.33611e+00
93   7  4.90963e+00
94  12  1.52850e+00
95  11  5.80010e+00
96  12  6.15170e+00
97  11  1.62024e+00
98  10  1.41906e+00
99  10  2.27250e+00
100  11  3.65752e+00
101  11  7.37895e+00
102  12  6.40358e+00
103  12  1.00630e+01
104  10  7.05135e+00
105  10  1.17419e+00
106  12  7.28492e+00
107  11  2.20778e+00
108  11  3.15722e+00
109  10  1.27116e+01
110  12  4.47292e+00
111  12  2.76624e+00
112  12  3.69734e+00
113  11  2.87041e+00
114   9  1.65629e+00
115  11  1.39202e+00
116  11  3.12599e+00
117  12  4.98713e+00
118  11  4.35220e+00
119  11  2.38529e+00
120  10  1.98891e+00
121  10  5.43486e+00
122  10  3.47997e+00
123  13  1.93637e+00
124  12  2.42420e+00
125  10  4.22367e+00
126  12  1.79108e+00
127   8  1.79887e+00
128  10  1.42498e+00
129   8  2.67041e+00
130  10  3.52237e+00
131  11  6.24622e+00
132  13  3.40512e+00
133  11  5.89520e+00
134  12  6.98717e+00
135  10  4.87583e+00
136  13  7.30851e+00
137  11  3.36652e+00
138  11  2.52306e+00
139   9  2.17168e+00
140   9  2.15932e+00
141  10  4.99154e+00
142  10  4.02192e+00
143  13  5.59104e+00
144   9  5.62138e+00
145  12  4.65075e+00
146  14  5.97676e+00
147  11  2.54970e+00
148  11  4.30428e+00
149  13  1.75609e+00
150  10  3.57928e+00
151  11  7.54544e+00
152   9  3.24081e+00
153   9  4.97529e+00
154  11  6.84545e+00
155  11  3.30667e+00
156  12  2.59792e+00
157   9  2.05078e+00
158   9  5.72448e+00
159  13  4.11394e+00
160  11  4.38773e+00
161  12  5.02640e+00
162  15  6.26013e+00
163  12  5.36824e+00
164  11  5.88182e+00
165  10  2.79585e+00
166  10  1.15223e+00
167  12  3.96319e+00
168  12  4.64928e+00
169   8  3.22357e+00
170  11  4.44825e+00
171   9  1.22390e+00
172  11  4.67915e+00
173  10  4.80462e+00
174  11  3.94204e+00
175  12  1.73523e+00
176   8  2.78625e+00
177  10  2.99943e+00
178  10  5.79302e+00
179  13  7.75739e+00
180  10  5.14685e+00
181  11  2.56204e+00
182   9  5.51928e+00
183  12  4.20100e+00
184  13  1.07614e+01
185  10  3.56767e+00
186  11  1.66454e+00
187  12  4.75163e+00
188  11  1.79552e+00
189  11  2.42247e+00
190  11  6.83346e+00
191  12  1.47503e+00
192  13  2.49831e+00
193  12  2.03672e+00
194   9  1.58348e+00
195  10  5.70273e+00
196  11  5.90627e+00
197  11  1.71225e+00
198  11  4.43214e+00
199  12  4.72875e+00
200  11  7.65850e+00
201   9  4.14583e+00
202   7  2.03629e+00
203  11  1.55192e+00
204  10  2.69002e+00
205  11  3.22557e+00
206  11  2.48026e+00
207   9  2.49844e+00
208  10  1.51979e+00
209  10  5.05278e+00
210   8  2.70732e+00
211  12  2.68210e+00
212  11  4.94993e+00
213  12  6.56690e+00
214  11  5.08428e+00
215  12  7.00049e+00
216  12  3.01304e+00
217   9  1.10167e+00
218  13  6.51271e+00
219   9  6.00118e+00
220  11  3.69395e+00
221  12  7.19399e+00
222  13  1.69685e+00
223  11  3.24320e+00
224  13  2.31074e+00
225  13  2.99903e+00
226  12  1.45817e+01
227  11  4.46740e+00
228  11  3.85310e+00
229  13  9.55897e+00
230  11  2.62606e+00
231  12  1.65733e+00
232  11  2.52735e+00
233  11  1.27750e+00
234  11  1.68132e+00
235  10  1.53119e+00
236  10  5.50884e+00
237  12  5.17899e+00
238  13  3.15502e+00
239  10  6.94631e+00
240  13  3.06596e+00
241  10  1.96681e+00
242  10  4.52302e+00
243  13  3.78809e+00
244  11  4.86711e+00
245  10  3.32737e+00
246  10  5.16456e+00
247  10  2.58604e+00
248  12  4.50787e+00
249  10  3.37089e+00
250  11  2.63383e+00
251  12  3.49701e+00
252  10  1.55512e+00
253  11  6.38537e+00
254   9  2.07593e+00
255  13  2.96705e+00
256   8  1.09482e+00
257  12  2.00283e+00
258  11  1.31490e+00
259  10  3.50113e+00
260  10  1.45208e+00
261  11  4.45526e+00
262  12  5.90380e+00
263  11  5.89534e+00
264  13  1.69038e+00
265  11  3.11044e+00
266  10  4.04220e+00
267  12  4.89698e+00
268   9  3.20679e+00
269  10  1.44367e+00
270  10  4.99259e+00
271  12  5.29156e+00
272  10  3.61164e+02
273   9  1.49160e+00
274  12  5.39545e+00
275  12  1.29137e+00
276  12  3.05973e+00
277   9  2.38352e+00
278  10  3.66108e+00
279  12  6.12277e+00
280  11  4.49205e+01
281  12  4.61010e+00
282  11  3.00534e+00
283   7  8.29029e-01
284  10  2.09943e+00
285  11  4.51096e+00
286   9  1.94362e+00
287  12  2.80653e+00
288  10  5.86982e+00
289   9  3.52946e+00
290  12  4.80794e+00
291   9  2.56453e+00
292  10  2.70001e+00
293   9  6.21088e+00
294   9  2.61165e+00
295  10  8.58402e+00
296  11  1.43920e+00
297  10  3.94157e+00
298  10  3.52927e+00
299  11  1.92608e+00
300  11  2.88088e+00
301  12  3.13815e+00
302  11  6.34183e+00
303  10  3.11362e+00
304   7  2.47240e+00
305  11  1.99509e+00
306  11  4.35941e+00
307  10  1.63221e+00
308  12  2.05134e+00
309  11  2.89949e+00
310  13  4.13146e+00
311  11  1.74161e+00
312  10  3.95757e+00
313  11  1.60493e+00
314  11  4.60602e+00
315  11  1.19184e+00
