0  13  8.10317e+01          nan -4.38347e+03 -4.39910e+03  1.23412e+03  6.21199e+03 -2.50749e+03  9.13663e+01  4.51020e+01
1  11  9.87196e+15          nan -0.00000e+00  0.00000e+00 -1.89140e+04  2.00000e+04  0.00000e+00  0.00000e+00  3.60000e+02
2  10  3.59240e+16          nan -0.00000e+00  0.00000e+00 -1.89140e+04  2.00000e+04  0.00000e+00  0.00000e+00  3.60000e+02
3  10  8.08486e+16          nan -0.00000e+00  0.00000e+00 -1.89140e+04  2.00000e+04  0.00000e+00  0.00000e+00  3.59832e+02
4  11  1.58123e+17          nan -0.00000e+00  0.00000e+00 -1.89140e+04  2.00000e+04  0.00000e+00  0.00000e+00  3.59832e+02
5  11  2.47072e+17          nan  1.62020e+04  1.17114e+04  5.04992e+02  2.00000e+04  0.00000e+00  8.83353e+01  2.15861e+02
6  10  3.23460e+17          nan  1.64064e+04  1.14223e+04  4.84096e+02  2.00000e+04  0.00000e+00  8.82754e+01  2.14846e+02
7  11  4.84311e+17          nan  1.66176e+04  1.11128e+04  4.84785e+02  2.00000e+04  0.00000e+00  8.82774e+01  2.13772e+02
8  10  5.75078e+17          nan  1.60532e+04  1.19146e+04  5.06005e+02  2.00000e+04  0.00000e+00  8.83382e+01  2.16583e+02
9  11  8.00638e+17          nan  1.62796e+04  1.16025e+04  4.89599e+02  2.00000e+04  0.00000e+00  8.82912e+01  2.15478e+02
10  10  8.98598e+17          nan  1.59529e+04  1.20489e+04  5.13484e+02  2.00000e+04  0.00000e+00  8.83596e+01  2.17063e+02
11  11  1.19606e+18          nan  1.62874e+04  1.15919e+04  4.95877e+02  2.00000e+04  0.00000e+00  8.83092e+01  2.15440e+02
12  12  1.55283e+18          nan  1.64012e+04  1.14303e+04  4.96034e+02  2.00000e+04  0.00000e+00  8.83096e+01  2.14873e+02
13   9  1.36682e+18          nan  1.60597e+04  1.19065e+04  5.19000e+02  2.00000e+04  0.00000e+00  8.83754e+01  2.16553e+02
14  11  1.93748e+18          nan  1.61945e+04  1.17217e+04  5.02810e+02  2.00000e+04  0.00000e+00  8.83290e+01  2.15897e+02
15   9  1.81977e+18          nan  1.58028e+04  1.22458e+04  5.26680e+02  2.00000e+04  0.00000e+00  8.83975e+01  2.17773e+02
16  10  2.30056e+18          nan  1.60891e+04  1.18667e+04  5.16246e+02  2.00000e+04  0.00000e+00  8.83676e+01  2.16411e+02
17   7  1.81799e+18          nan  1.62972e+04  1.15789e+04  5.11537e+02  2.00000e+04  0.00000e+00  8.83541e+01  2.15393e+02
18  12  3.49403e+18          nan  1.64012e+04  1.14303e+04  4.95966e+02  2.00000e+04  0.00000e+00  8.83094e+01  2.14873e+02
19  11  3.56863e+18          nan  1.63139e+04  1.15551e+04  5.05625e+02  2.00000e+04  0.00000e+00  8.83371e+01  2.15310e+02
20  11  3.95418e+18          nan  1.64170e+04  1.14079e+04  5.01105e+02  2.00000e+04  0.00000e+00  8.83242e+01  2.14795e+02
21   8  3.17054e+18          nan  1.58919e+04  1.21303e+04  5.34211e+02  2.00000e+04  0.00000e+00  8.84190e+01  2.17355e+02
22  12  5.21956e+18          nan  1.64012e+04  1.14303e+04  4.95946e+02  2.00000e+04  0.00000e+00  8.83094e+01  2.14873e+02
23   9  4.27865e+18          nan  1.61685e+04  1.17574e+04  5.01847e+02  2.00000e+04  0.00000e+00  8.83263e+01  2.16024e+02
24  10  5.17645e+18          nan  1.59529e+04  1.20489e+04  5.13528e+02  2.00000e+04  0.00000e+00  8.83598e+01  2.17063e+02
25  11  6.17852e+18          nan  1.62975e+04  1.15777e+04  4.96969e+02  2.00000e+04  0.00000e+00  8.83123e+01  2.15390e+02
26  10  6.07519e+18          nan  1.65178e+04  1.12604e+04  4.83382e+02  2.00000e+04  0.00000e+00  8.82734e+01  2.14283e+02
27  11  7.20666e+18          nan  1.61858e+04  1.17334e+04  4.96616e+02  2.00000e+04  0.00000e+00  8.83113e+01  2.15939e+02
28  10  7.04581e+18          nan  1.61615e+04  1.17669e+04  4.97349e+02  2.00000e+04  0.00000e+00  8.83134e+01  2.16058e+02
29  11  8.31390e+18          nan  1.66176e+04  1.11128e+04  4.84732e+02  2.00000e+04  0.00000e+00  8.82772e+01  2.13772e+02
30  13  1.05148e+19          nan  1.65657e+04  1.11899e+04  4.82890e+02  2.00000e+04  0.00000e+00  8.82720e+01  2.14039e+02
31  11  9.50021e+18          nan  1.61858e+04  1.17334e+04  4.96718e+02  2.00000e+04  0.00000e+00  8.83116e+01  2.15939e+02
32   8  7.36221e+18          nan  1.65713e+04  1.11820e+04  4.89132e+02  2.00000e+04  0.00000e+00  8.82898e+01  2.14011e+02
33  12  1.17443e+19          nan  1.64012e+04  1.14303e+04  4.95905e+02  2.00000e+04  0.00000e+00  8.83093e+01  2.14873e+02
34  12  1.24669e+19          nan  1.63951e+04  1.14387e+04  4.90131e+02  2.00000e+04  0.00000e+00  8.82927e+01  2.14903e+02
35   9  9.90830e+18          nan  1.65161e+04  1.12629e+04  4.81313e+02  2.00000e+04  0.00000e+00  8.82674e+01  2.14292e+02
36  10  1.16473e+19          nan  1.62466e+04  1.16485e+04  4.85776e+02  2.00000e+04  0.00000e+00  8.82802e+01  2.15640e+02
37  13  1.59944e+19          nan  1.65657e+04  1.11900e+04  4.82883e+02  2.00000e+04  0.00000e+00  8.82719e+01  2.14039e+02
38  10  1.29774e+19          nan  1.59529e+04  1.20489e+04  5.13554e+02  2.00000e+04  0.00000e+00  8.83598e+01  2.17063e+02
39   9  1.23025e+19          nan  1.57712e+04  1.22859e+04  5.16821e+02  2.00000e+04  0.00000e+00  8.83692e+01  2.17919e+02
40  11  1.58174e+19          nan  1.66925e+04  1.09990e+04  4.66155e+02  2.00000e+04  0.00000e+00  8.82240e+01  2.13382e+02
41  12  1.81289e+19          nan  1.64968e+04  1.12916e+04  4.90984e+02  2.00000e+04  0.00000e+00  8.82952e+01  2.14391e+02
42  12  1.90241e+19          nan  1.64011e+04  1.14304e+04  4.95963e+02  2.00000e+04  0.00000e+00  8.83094e+01  2.14874e+02
43  11  1.82791e+19          nan  1.62999e+04  1.15744e+04  4.97249e+02  2.00000e+04  0.00000e+00  8.83131e+01  2.15378e+02
44  11  1.91391e+19          nan  1.61858e+04  1.17334e+04  4.96796e+02  2.00000e+04  0.00000e+00  8.83118e+01  2.15939e+02
45  10  1.81991e+19          nan  1.59530e+04  1.20489e+04  5.13495e+02  2.00000e+04  0.00000e+00  8.83597e+01  2.17063e+02
46  13  2.47220e+19          nan  1.65657e+04  1.11900e+04  4.82955e+02  2.00000e+04  0.00000e+00  8.82721e+01  2.14039e+02
47  10  1.98528e+19          nan  1.66219e+04  1.11064e+04  4.86126e+02  2.00000e+04  0.00000e+00  8.82812e+01  2.13750e+02
48  11  2.27772e+19          nan  1.63064e+04  1.15653e+04  4.99327e+02  2.00000e+04  0.00000e+00  8.83191e+01  2.15346e+02
49   9  1.94205e+19          nan  1.67965e+04  1.08403e+04  4.81695e+02  2.00000e+04  0.00000e+00  8.82685e+01  2.12838e+02
50  10  2.24681e+19          nan  1.66169e+04  1.11136e+04  4.79954e+02  2.00000e+04  0.00000e+00  8.82635e+01  2.13775e+02
51  13  3.03886e+19          nan  1.65657e+04  1.11899e+04  4.82932e+02  2.00000e+04  0.00000e+00  8.82721e+01  2.14039e+02
52  13  3.15920e+19          nan  1.69795e+04  1.05501e+04  4.61084e+02  2.00000e+04  0.00000e+00  8.82095e+01  2.11854e+02
53   9  2.27207e+19          nan  1.58027e+04  1.22459e+04  5.26653e+02  2.00000e+04  0.00000e+00  8.83974e+01  2.17773e+02
54  10  2.62069e+19          nan  1.66367e+04  1.10838e+04  4.77277e+02  2.00000e+04  0.00000e+00  8.82559e+01  2.13673e+02
55  12  3.26238e+19          nan  1.64012e+04  1.14303e+04  4.96062e+02  2.00000e+04  0.00000e+00  8.83097e+01  2.14873e+02
56  10  2.81841e+19          nan  1.64198e+04  1.14035e+04  4.93662e+02  2.00000e+04  0.00000e+00  8.83028e+01  2.14780e+02
57  11  3.21197e+19          nan  1.61858e+04  1.17334e+04  4.96763e+02  2.00000e+04  0.00000e+00  8.83117e+01  2.15939e+02
58  12  3.62799e+19          nan  1.63952e+04  1.14387e+04  4.90241e+02  2.00000e+04  0.00000e+00  8.82930e+01  2.14903e+02
59   9  2.81563e+19          nan  1.71524e+04  1.02662e+04  4.52588e+02  2.00000e+04  0.00000e+00  8.81851e+01  2.10902e+02
60  11  3.55897e+19          nan  1.63138e+04  1.15552e+04  5.05610e+02  2.00000e+04  0.00000e+00  8.83371e+01  2.15310e+02
61  12  4.01301e+19          nan  1.64968e+04  1.12917e+04  4.91111e+02  2.00000e+04  0.00000e+00  8.82955e+01  2.14391e+02
62  10  3.45472e+19          nan  1.63981e+04  1.14346e+04  4.91952e+02  2.00000e+04  0.00000e+00  8.82979e+01  2.14889e+02
63   9  3.21036e+19          nan  1.63149e+04  1.15537e+04  5.05144e+02  2.00000e+04  0.00000e+00  8.83357e+01  2.15305e+02
64  10  3.68120e+19          nan  1.61919e+04  1.17255e+04  5.07637e+02  2.00000e+04  0.00000e+00  8.83429e+01  2.15910e+02
65   9  3.41743e+19          nan  1.57529e+04  1.23094e+04  5.15758e+02  2.00000e+04  0.00000e+00  8.83662e+01  2.18004e+02
66  12  4.69785e+19          nan  1.63952e+04  1.14386e+04  4.90240e+02  2.00000e+04  0.00000e+00  8.82930e+01  2.14903e+02
67  12  4.84129e+19          nan  1.63952e+04  1.14386e+04  4.90354e+02  2.00000e+04  0.00000e+00  8.82933e+01  2.14903e+02
68  11  4.57132e+19          nan  1.66131e+04  1.11192e+04  4.78362e+02  2.00000e+04  0.00000e+00  8.82590e+01  2.13795e+02
69  10  4.27887e+19          nan  1.60532e+04  1.19146e+04  5.05955e+02  2.00000e+04  0.00000e+00  8.83381e+01  2.16583e+02
70  10  4.40379e+19          nan  1.61918e+04  1.17257e+04  5.07710e+02  2.00000e+04  0.00000e+00  8.83431e+01  2.15911e+02
71  11  4.98357e+19          nan  1.69205e+04  1.06452e+04  4.72856e+02  2.00000e+04  0.00000e+00  8.82432e+01  2.12175e+02
72  12  5.59084e+19          nan  1.63951e+04  1.14388e+04  4.90324e+02  2.00000e+04  0.00000e+00  8.82933e+01  2.14903e+02
73  11  5.26829e+19          nan  1.63934e+04  1.14412e+04  4.90223e+02  2.00000e+04  0.00000e+00  8.82930e+01  2.14912e+02
74  13  6.39791e+19          nan  1.65657e+04  1.11899e+04  4.82948e+02  2.00000e+04  0.00000e+00  8.82721e+01  2.14038e+02
75   9  4.54985e+19          nan  1.62948e+04  1.15814e+04  4.94642e+02  2.00000e+04  0.00000e+00  8.83056e+01  2.15403e+02
76  10  5.19110e+19          nan  1.69480e+04  1.06003e+04  4.55272e+02  2.00000e+04  0.00000e+00  8.81928e+01  2.12024e+02
77  11  5.86146e+19          nan  1.67090e+04  1.09749e+04  4.86398e+02  2.00000e+04  0.00000e+00  8.82820e+01  2.13298e+02
78  11  6.01470e+19          nan  1.61857e+04  1.17335e+04  4.96662e+02  2.00000e+04  0.00000e+00  8.83114e+01  2.15939e+02
79   8  4.48721e+19          nan  1.60205e+04  1.19594e+04  5.24267e+02  2.00000e+04  0.00000e+00  8.83905e+01  2.16742e+02
80  12  6.90229e+19          nan  1.64013e+04  1.14303e+04  4.96160e+02  2.00000e+04  0.00000e+00  8.83100e+01  2.14873e+02
81   7  4.12763e+19          nan  1.64018e+04  1.14294e+04  4.93454e+02  2.00000e+04  0.00000e+00  8.83022e+01  2.14870e+02
82  11  6.64742e+19          nan  1.61945e+04  1.17217e+04  5.02777e+02  2.00000e+04  0.00000e+00  8.83290e+01  2.15897e+02
83  13  8.04882e+19          nan  1.65657e+04  1.11899e+04  4.83041e+02  2.00000e+04  0.00000e+00  8.82724e+01  2.14038e+02
84  10  6.34149e+19          nan  1.59529e+04  1.20490e+04  5.13462e+02  2.00000e+04  0.00000e+00  8.83596e+01  2.17063e+02
85  11  7.14272e+19          nan  1.61424e+04  1.17922e+04  4.78327e+02  2.00000e+04  0.00000e+00  8.82589e+01  2.16149e+02
86  11  7.31177e+19          nan  1.64666e+04  1.13350e+04  4.77220e+02  2.00000e+04  0.00000e+00  8.82557e+01  2.14542e+02
87   9  6.12229e+19          nan  1.63809e+04  1.14590e+04  4.88962e+02  2.00000e+04  0.00000e+00  8.82894e+01  2.14974e+02
88   9  6.26384e+19          nan  1.63148e+04  1.15538e+04  5.05244e+02  2.00000e+04  0.00000e+00  8.83360e+01  2.15305e+02
89  10  7.11891e+19          nan  1.64197e+04  1.14036e+04  4.93697e+02  2.00000e+04  0.00000e+00  8.83029e+01  2.14780e+02
90   9  6.55180e+19          nan  1.66821e+04  1.10161e+04  4.91236e+02  2.00000e+04  0.00000e+00  8.82959e+01  2.13439e+02
91  11  8.18670e+19          nan  1.62020e+04  1.17114e+04  5.04924e+02  2.00000e+04  0.00000e+00  8.83351e+01  2.15861e+02
92  11  8.36762e+19          nan  1.63065e+04  1.15653e+04  4.99618e+02  2.00000e+04  0.00000e+00  8.83199e+01  2.15346e+02
93   7  5.44123e+19          nan  1.54749e+04  1.26581e+04  5.37883e+02  2.00000e+04  0.00000e+00  8.84296e+01  2.19282e+02
94  12  9.52951e+19          nan  1.64013e+04  1.14302e+04  4.95893e+02  2.00000e+04  0.00000e+00  8.83092e+01  2.14873e+02
95  11  8.92223e+19          nan  1.62020e+04  1.17114e+04  5.04953e+02  2.00000e+04  0.00000e+00  8.83352e+01  2.15861e+02
96  12  9.93934e+19          nan  1.64013e+04  1.14302e+04  4.96154e+02  2.00000e+04  0.00000e+00  8.83100e+01  2.14873e+02
97  11  9.30186e+19          nan  1.63139e+04  1.15551e+04  5.05655e+02  2.00000e+04  0.00000e+00  8.83372e+01  2.15310e+02
98  10  8.63149e+19          nan  1.59530e+04  1.20489e+04  5.13661e+02  2.00000e+04  0.00000e+00  8.83601e+01  2.17063e+02
99  10  8.80855e+19          nan  1.67056e+04  1.09793e+04  4.70710e+02  2.00000e+04  0.00000e+00  8.82370e+01  2.13314e+02
100  11  9.88614e+19          nan  1.62020e+04  1.17114e+04  5.04988e+02  2.00000e+04  0.00000e+00  8.83353e+01  2.15861e+02
101  11  1.00849e+20          nan  1.65832e+04  1.11638e+04  4.80512e+02  2.00000e+04  0.00000e+00  8.82651e+01  2.13948e+02
102  12  1.12206e+20          nan  1.63899e+04  1.14461e+04  4.88063e+02  2.00000e+04  0.00000e+00  8.82868e+01  2.14929e+02
103  12  1.14417e+20          nan  1.63951e+04  1.14388e+04  4.90331e+02  2.00000e+04  0.00000e+00  8.82933e+01  2.14903e+02
104  10  9.72078e+19          nan  1.60889e+04  1.18669e+04  5.16139e+02  2.00000e+04  0.00000e+00  8.83672e+01  2.16412e+02
105  10  9.90862e+19          nan  1.64136e+04  1.14122e+04  4.91072e+02  2.00000e+04  0.00000e+00  8.82954e+01  2.14811e+02
106  12  1.21179e+20          nan  1.67797e+04  1.08658e+04  4.71316e+02  2.00000e+04  0.00000e+00  8.82388e+01  2.12925e+02
107  11  1.13187e+20          nan  1.66177e+04  1.11126e+04  4.84824e+02  2.00000e+04  0.00000e+00  8.82775e+01  2.13772e+02
108  11  1.15312e+20          nan  1.65636e+04  1.11923e+04  4.69758e+02  2.00000e+04  0.00000e+00  8.82343e+01  2.14048e+02
109  10  1.06779e+20          nan  1.60459e+04  1.19241e+04  4.97977e+02  2.00000e+04  0.00000e+00  8.83152e+01  2.16617e+02
110  12  1.30497e+20          nan  1.66800e+04  1.10188e+04  4.85098e+02  2.00000e+04  0.00000e+00  8.82783e+01  2.13449e+02
111  12  1.32881e+20          nan  1.64968e+04  1.12917e+04  4.90963e+02  2.00000e+04  0.00000e+00  8.82951e+01  2.14391e+02
112  12  1.35286e+20          nan  1.66626e+04  1.10443e+04  4.70005e+02  2.00000e+04  0.00000e+00  8.82350e+01  2.13537e+02
113  11  1.26236e+20          nan  1.66131e+04  1.11192e+04  4.78241e+02  2.00000e+04  0.00000e+00  8.82586e+01  2.13794e+02
114   9  1.05120e+20          nan  1.61422e+04  1.17939e+04  5.07066e+02  2.00000e+04  0.00000e+00  8.83412e+01  2.16153e+02
115  11  1.30744e+20          nan  1.62020e+04  1.17114e+04  5.05074e+02  2.00000e+04  0.00000e+00  8.83355e+01  2.15861e+02
116  11  1.33028e+20          nan  1.65069e+04  1.12771e+04  4.93293e+02  2.00000e+04  0.00000e+00  8.83018e+01  2.14340e+02
117  12  1.47635e+20          nan  1.63950e+04  1.14389e+04  4.90312e+02  2.00000e+04  0.00000e+00  8.82932e+01  2.14904e+02
118  11  1.37655e+20          nan  1.67214e+04  1.09556e+04  4.79245e+02  2.00000e+04  0.00000e+00  8.82615e+01  2.13232e+02
119  11  1.39998e+20          nan  1.65069e+04  1.12770e+04  4.93277e+02  2.00000e+04  0.00000e+00  8.83017e+01  2.14340e+02
120  10  1.29419e+20          nan  1.61703e+04  1.17550e+04  4.99849e+02  2.00000e+04  0.00000e+00  8.83206e+01  2.16015e+02
121  10  1.31585e+20          nan  1.60798e+04  1.18791e+04  5.13831e+02  2.00000e+04  0.00000e+00  8.83606e+01  2.16456e+02
122  10  1.33769e+20          nan  1.60532e+04  1.19146e+04  5.05752e+02  2.00000e+04  0.00000e+00  8.83375e+01  2.16583e+02
123  13  1.76762e+20          nan  1.65657e+04  1.11900e+04  4.83161e+02  2.00000e+04  0.00000e+00  8.82727e+01  2.14039e+02
124  12  1.65829e+20          nan  1.63950e+04  1.14389e+04  4.90040e+02  2.00000e+04  0.00000e+00  8.82924e+01  2.14904e+02
125  10  1.40429e+20          nan  1.63799e+04  1.14605e+04  4.88880e+02  2.00000e+04  0.00000e+00  8.82891e+01  2.14979e+02
126  12  1.71221e+20          nan  1.65898e+04  1.11544e+04  4.87963e+02  2.00000e+04  0.00000e+00  8.82865e+01  2.13915e+02
127   8  1.15967e+20          nan  1.63733e+04  1.14694e+04  4.78818e+02  2.00000e+04  0.00000e+00  8.82603e+01  2.15011e+02
128  10  1.47250e+20          nan  1.63980e+04  1.14347e+04  4.91950e+02  2.00000e+04  0.00000e+00  8.82979e+01  2.14889e+02
129   8  1.19648e+20          nan  1.61472e+04  1.17869e+04  5.06381e+02  2.00000e+04  0.00000e+00  8.83393e+01  2.16128e+02
130  10  1.51888e+20          nan  1.59530e+04  1.20489e+04  5.13660e+02  2.00000e+04  0.00000e+00  8.83601e+01  2.17063e+02
131  11  1.69657e+20          nan  1.63065e+04  1.15652e+04  4.99304e+02  2.00000e+04  0.00000e+00  8.83190e+01  2.15346e+02
132  13  2.03576e+20          nan  1.65658e+04  1.11898e+04  4.82971e+02  2.00000e+04  0.00000e+00  8.82722e+01  2.14038e+02
133  11  1.74877e+20          nan  1.63140e+04  1.15550e+04  5.05492e+02  2.00000e+04  0.00000e+00  8.83367e+01  2.15310e+02
134  12  1.93654e+20          nan  1.67796e+04  1.08659e+04  4.71536e+02  2.00000e+04  0.00000e+00  8.82394e+01  2.12926e+02
135  10  1.63796e+20          nan  1.64112e+04  1.14162e+04  5.01068e+02  2.00000e+04  0.00000e+00  8.83241e+01  2.14824e+02
136  13  2.16101e+20          nan  1.64641e+04  1.13385e+04  4.75445e+02  2.00000e+04  0.00000e+00  8.82506e+01  2.14555e+02
137  11  1.85554e+20          nan  1.67212e+04  1.09559e+04  4.79104e+02  2.00000e+04  0.00000e+00  8.82611e+01  2.13233e+02
138  11  1.88273e+20          nan  1.62999e+04  1.15744e+04  4.97531e+02  2.00000e+04  0.00000e+00  8.83139e+01  2.15378e+02
139   9  1.56282e+20          nan  1.63147e+04  1.15539e+04  5.05367e+02  2.00000e+04  0.00000e+00  8.83364e+01  2.15306e+02
140   9  1.58538e+20          nan  1.58027e+04  1.22458e+04  5.26738e+02  2.00000e+04  0.00000e+00  8.83976e+01  2.17773e+02
141  10  1.78679e+20          nan  1.60691e+04  1.18932e+04  5.07416e+02  2.00000e+04  0.00000e+00  8.83422e+01  2.16506e+02
142  10  1.81223e+20          nan  1.64115e+04  1.14158e+04  5.01213e+02  2.00000e+04  0.00000e+00  8.83245e+01  2.14822e+02
143  13  2.38920e+20          nan  1.65656e+04  1.11900e+04  4.82973e+02  2.00000e+04  0.00000e+00  8.82722e+01  2.14039e+02
144   9  1.67727e+20          nan  1.67775e+04  1.08688e+04  4.65587e+02  2.00000e+04  0.00000e+00  8.82224e+01  2.12936e+02
145  12  2.26753e+20          nan  1.63953e+04  1.14386e+04  4.90221e+02  2.00000e+04  0.00000e+00  8.82930e+01  2.14903e+02
146  14  2.68207e+20          nan  1.68741e+04  1.07186e+04  4.71701e+02  2.00000e+04  0.00000e+00  8.82399e+01  2.12424e+02
147  11  2.13631e+20          nan  1.63000e+04  1.15743e+04  4.97705e+02  2.00000e+04  0.00000e+00  8.83144e+01  2.15378e+02
148  11  2.16547e+20          nan  1.62900e+04  1.15881e+04  4.90663e+02  2.00000e+04  0.00000e+00  8.82942e+01  2.15427e+02
149  13  2.59390e+20          nan  1.66514e+04  1.10617e+04  4.76912e+02  2.00000e+04  0.00000e+00  8.82548e+01  2.13597e+02
150  10  2.02218e+20          nan  1.66086e+04  1.11259e+04  4.79442e+02  2.00000e+04  0.00000e+00  8.82621e+01  2.13818e+02
151  11  2.25415e+20          nan  1.70150e+04  1.04931e+04  4.65310e+02  2.00000e+04  0.00000e+00  8.82216e+01  2.11662e+02
152   9  1.86882e+20          nan  1.61421e+04  1.17940e+04  5.06933e+02  2.00000e+04  0.00000e+00  8.83409e+01  2.16153e+02
153   9  1.89349e+20          nan  1.66722e+04  1.10310e+04  4.88313e+02  2.00000e+04  0.00000e+00  8.82875e+01  2.13490e+02
154  11  2.34461e+20          nan  1.61858e+04  1.17333e+04  4.96567e+02  2.00000e+04  0.00000e+00  8.83112e+01  2.15939e+02
155  11  2.37516e+20          nan  1.66092e+04  1.11248e+04  4.75627e+02  2.00000e+04  0.00000e+00  8.82511e+01  2.13814e+02
156  12  2.62462e+20          nan  1.63952e+04  1.14386e+04  4.90452e+02  2.00000e+04  0.00000e+00  8.82936e+01  2.14903e+02
157   9  1.99379e+20          nan  1.61422e+04  1.17938e+04  5.06823e+02  2.00000e+04  0.00000e+00  8.83405e+01  2.16153e+02
158   9  2.01927e+20          nan  1.59014e+04  1.21167e+04  5.10144e+02  2.00000e+04  0.00000e+00  8.83501e+01  2.17307e+02
159  13  2.95376e+20          nan  1.67404e+04  1.09264e+04  4.75202e+02  2.00000e+04  0.00000e+00  8.82499e+01  2.13133e+02
160  11  2.53087e+20          nan  1.66176e+04  1.11127e+04  4.84756e+02  2.00000e+04  0.00000e+00  8.82773e+01  2.13772e+02
161  12  2.79557e+20          nan  1.63722e+04  1.14708e+04  4.74789e+02  2.00000e+04  0.00000e+00  8.82487e+01  2.15016e+02
162  15  3.53800e+20          nan  1.70627e+04  1.04152e+04  4.63469e+02  2.00000e+04  0.00000e+00  8.82163e+01  2.11400e+02
163  12  2.86545e+20          nan  1.63952e+04  1.14386e+04  4.90048e+02  2.00000e+04  0.00000e+00  8.82925e+01  2.14903e+02
164  11  2.65899e+20          nan  1.63065e+04  1.15652e+04  4.99530e+02  2.00000e+04  0.00000e+00  8.83196e+01  2.15346e+02
165  10  2.44684e+20          nan  1.63872e+04  1.14504e+04  4.95853e+02  2.00000e+04  0.00000e+00  8.83091e+01  2.14944e+02
166  10  2.47659e+20          nan  1.65344e+04  1.12363e+04  4.87574e+02  2.00000e+04  0.00000e+00  8.82854e+01  2.14199e+02
167  12  3.00782e+20          nan  1.64012e+04  1.14304e+04  4.95794e+02  2.00000e+04  0.00000e+00  8.83089e+01  2.14874e+02
168  12  3.04395e+20          nan  1.64966e+04  1.12920e+04  4.91725e+02  2.00000e+04  0.00000e+00  8.82973e+01  2.14392e+02
169   8  2.05353e+20          nan  1.55818e+04  1.25260e+04  5.32191e+02  2.00000e+04  0.00000e+00  8.84133e+01  2.18795e+02
170  11  2.85712e+20          nan  1.60659e+04  1.18969e+04  4.94469e+02  2.00000e+04  0.00000e+00  8.83051e+01  2.16520e+02
171   9  2.36522e+20          nan  1.64185e+04  1.14052e+04  4.91493e+02  2.00000e+04  0.00000e+00  8.82966e+01  2.14786e+02
172  11  2.92474e+20          nan  1.61858e+04  1.17333e+04  4.96502e+02  2.00000e+04  0.00000e+00  8.83110e+01  2.15939e+02
173  10  2.68986e+20          nan  1.60432e+04  1.19279e+04  5.03511e+02  2.00000e+04  0.00000e+00  8.83311e+01  2.16630e+02
174  11  2.99315e+20          nan  1.64716e+04  1.13277e+04  4.79582e+02  2.00000e+04  0.00000e+00  8.82625e+01  2.14517e+02
175  12  3.30289e+20          nan  1.64011e+04  1.14305e+04  4.95824e+02  2.00000e+04  0.00000e+00  8.83090e+01  2.14874e+02
176   8  2.22717e+20          nan  1.60221e+04  1.19569e+04  5.15555e+02  2.00000e+04  0.00000e+00  8.83656e+01  2.16733e+02
177  10  2.81568e+20          nan  1.60890e+04  1.18668e+04  5.16092e+02  2.00000e+04  0.00000e+00  8.83671e+01  2.16411e+02
178  10  2.84759e+20          nan  1.60692e+04  1.18931e+04  5.07297e+02  2.00000e+04  0.00000e+00  8.83419e+01  2.16506e+02
179  13  3.74358e+20          nan  1.66463e+04  1.10691e+04  4.73059e+02  2.00000e+04  0.00000e+00  8.82438e+01  2.13622e+02
180  10  2.91194e+20          nan  1.60691e+04  1.18932e+04  5.07456e+02  2.00000e+04  0.00000e+00  8.83424e+01  2.16506e+02
181  11  3.23882e+20          nan  1.63065e+04  1.15652e+04  4.99632e+02  2.00000e+04  0.00000e+00  8.83199e+01  2.15346e+02
182   9  2.67931e+20          nan  1.66312e+04  1.10923e+04  4.83160e+02  2.00000e+04  0.00000e+00  8.82727e+01  2.13702e+02
183  12  3.61178e+20          nan  1.65814e+04  1.11665e+04  4.82166e+02  2.00000e+04  0.00000e+00  8.82699e+01  2.13958e+02
184  13  3.95564e+20          nan  1.65589e+04  1.11996e+04  4.75961e+02  2.00000e+04  0.00000e+00  8.82521e+01  2.14072e+02
185  10  3.07596e+20          nan  1.61702e+04  1.17550e+04  5.00060e+02  2.00000e+04  0.00000e+00  8.83212e+01  2.16015e+02
186  11  3.42024e+20          nan  1.61859e+04  1.17333e+04  4.96535e+02  2.00000e+04  0.00000e+00  8.83111e+01  2.15939e+02
187  12  3.77140e+20          nan  1.69709e+04  1.05644e+04  4.68098e+02  2.00000e+04  0.00000e+00  8.82296e+01  2.11902e+02
188  11  3.49419e+20          nan  1.61858e+04  1.17333e+04  4.96610e+02  2.00000e+04  0.00000e+00  8.83113e+01  2.15939e+02
189  11  3.53146e+20          nan  1.63000e+04  1.15743e+04  4.97407e+02  2.00000e+04  0.00000e+00  8.83136e+01  2.15378e+02
190  11  3.56893e+20          nan  1.67213e+04  1.09559e+04  4.79240e+02  2.00000e+04  0.00000e+00  8.82615e+01  2.13233e+02
191  12  3.93446e+20          nan  1.64967e+04  1.12918e+04  4.90944e+02  2.00000e+04  0.00000e+00  8.82950e+01  2.14391e+02
192  13  4.30709e+20          nan  1.65657e+04  1.11899e+04  4.83002e+02  2.00000e+04  0.00000e+00  8.82723e+01  2.14039e+02
193  12  4.01729e+20          nan  1.69615e+04  1.05802e+04  4.80529e+02  2.00000e+04  0.00000e+00  8.82652e+01  2.11955e+02
194   9  3.04427e+20          nan  1.66631e+04  1.10440e+04  4.77234e+02  2.00000e+04  0.00000e+00  8.82557e+01  2.13536e+02
195  10  3.41749e+20          nan  1.68586e+04  1.07430e+04  4.72103e+02  2.00000e+04  0.00000e+00  8.82410e+01  2.12507e+02
196  11  3.79789e+20          nan  1.63066e+04  1.15651e+04  4.99485e+02  2.00000e+04  0.00000e+00  8.83195e+01  2.15345e+02
197  11  3.83674e+20          nan  1.62019e+04  1.17116e+04  5.04784e+02  2.00000e+04  0.00000e+00  8.83347e+01  2.15861e+02
198  11  3.87580e+20          nan  1.65122e+04  1.12691e+04  4.90841e+02  2.00000e+04  0.00000e+00  8.82947e+01  2.14312e+02
199  12  4.27096e+20          nan  1.63952e+04  1.14386e+04  4.90428e+02  2.00000e+04  0.00000e+00  8.82936e+01  2.14903e+02
200  11  3.95449e+20          nan  1.66129e+04  1.11194e+04  4.78440e+02  2.00000e+04  0.00000e+00  8.82592e+01  2.13795e+02
201   9  3.26793e+20          nan  1.62638e+04  1.16243e+04  4.82372e+02  2.00000e+04  0.00000e+00  8.82705e+01  2.15555e+02
202   7  2.56708e+20          nan  1.54477e+04  1.26912e+04  5.36592e+02  2.00000e+04  0.00000e+00  8.84259e+01  2.19405e+02
203  11  4.07402e+20          nan  1.61859e+04  1.17333e+04  4.96575e+02  2.00000e+04  0.00000e+00  8.83112e+01  2.15939e+02
204  10  3.74023e+20          nan  1.62767e+04  1.16067e+04  4.90881e+02  2.00000e+04  0.00000e+00  8.82949e+01  2.15492e+02
205  11  4.15469e+20          nan  1.62874e+04  1.15919e+04  4.95644e+02  2.00000e+04  0.00000e+00  8.83085e+01  2.15440e+02
206  11  4.19532e+20          nan  1.62795e+04  1.16027e+04  4.89708e+02  2.00000e+04  0.00000e+00  8.82915e+01  2.15478e+02
207   9  3.46594e+20          nan  1.63149e+04  1.15536e+04  5.04998e+02  2.00000e+04  0.00000e+00  8.83353e+01  2.15305e+02
208  10  3.88834e+20          nan  1.64197e+04  1.14037e+04  4.93608e+02  2.00000e+04  0.00000e+00  8.83027e+01  2.14780e+02
209  10  3.92582e+20          nan  1.60691e+04  1.18932e+04  5.07237e+02  2.00000e+04  0.00000e+00  8.83417e+01  2.16506e+02
210   8  3.17078e+20          nan  1.57356e+04  1.23321e+04  5.30958e+02  2.00000e+04  0.00000e+00  8.84097e+01  2.18086e+02
211  12  4.80158e+20          nan  1.64966e+04  1.12919e+04  4.90811e+02  2.00000e+04  0.00000e+00  8.82947e+01  2.14391e+02
212  11  4.44327e+20          nan  1.63066e+04  1.15651e+04  4.99477e+02  2.00000e+04  0.00000e+00  8.83195e+01  2.15346e+02
213  12  4.89304e+20          nan  1.65425e+04  1.12232e+04  4.63864e+02  2.00000e+04  0.00000e+00  8.82174e+01  2.14155e+02
214  11  4.52750e+20          nan  1.64779e+04  1.13189e+04  4.86013e+02  2.00000e+04  0.00000e+00  8.82809e+01  2.14486e+02
215  12  4.98536e+20          nan  1.63951e+04  1.14389e+04  4.90552e+02  2.00000e+04  0.00000e+00  8.82939e+01  2.14904e+02
216  12  5.03184e+20          nan  1.66822e+04  1.10154e+04  4.82521e+02  2.00000e+04  0.00000e+00  8.82709e+01  2.13437e+02
217   9  3.80890e+20          nan  1.61625e+04  1.17658e+04  5.02217e+02  2.00000e+04  0.00000e+00  8.83273e+01  2.16054e+02
218  13  5.55258e+20          nan  1.65657e+04  1.11899e+04  4.82928e+02  2.00000e+04  0.00000e+00  8.82721e+01  2.14038e+02
219   9  3.87944e+20          nan  1.57531e+04  1.23091e+04  5.15616e+02  2.00000e+04  0.00000e+00  8.83657e+01  2.18003e+02
220  11  4.78494e+20          nan  1.61858e+04  1.17334e+04  4.96601e+02  2.00000e+04  0.00000e+00  8.83113e+01  2.15939e+02
221  12  5.26749e+20          nan  1.64968e+04  1.12917e+04  4.90544e+02  2.00000e+04  0.00000e+00  8.82939e+01  2.14391e+02
222  13  5.75821e+20          nan  1.65657e+04  1.11899e+04  4.82676e+02  2.00000e+04  0.00000e+00  8.82713e+01  2.14038e+02
223  11  4.91633e+20          nan  1.66021e+04  1.11359e+04  4.85620e+02  2.00000e+04  0.00000e+00  8.82798e+01  2.13852e+02
224  13  5.86243e+20          nan  1.65656e+04  1.11900e+04  4.82924e+02  2.00000e+04  0.00000e+00  8.82721e+01  2.14039e+02
225  13  5.91489e+20          nan  1.66514e+04  1.10616e+04  4.76681e+02  2.00000e+04  0.00000e+00  8.82542e+01  2.13596e+02
226  12  5.50854e+20          nan  1.65814e+04  1.11665e+04  4.82477e+02  2.00000e+04  0.00000e+00  8.82708e+01  2.13958e+02
227  11  5.09428e+20          nan  1.66130e+04  1.11193e+04  4.78500e+02  2.00000e+04  0.00000e+00  8.82594e+01  2.13795e+02
228  11  5.13926e+20          nan  1.68965e+04  1.06825e+04  4.58449e+02  2.00000e+04  0.00000e+00  8.82019e+01  2.12302e+02
229  13  6.12707e+20          nan  1.65588e+04  1.11997e+04  4.76293e+02  2.00000e+04  0.00000e+00  8.82530e+01  2.14073e+02
230  11  5.22982e+20          nan  1.62831e+04  1.15976e+04  4.88353e+02  2.00000e+04  0.00000e+00  8.82876e+01  2.15460e+02
231  12  5.75498e+20          nan  1.63952e+04  1.14386e+04  4.90124e+02  2.00000e+04  0.00000e+00  8.82927e+01  2.14903e+02
232  11  5.32117e+20          nan  1.63065e+04  1.15652e+04  4.99447e+02  2.00000e+04  0.00000e+00  8.83194e+01  2.15346e+02
233  11  5.36714e+20          nan  1.61944e+04  1.17218e+04  5.02872e+02  2.00000e+04  0.00000e+00  8.83292e+01  2.15898e+02
234  11  5.41331e+20          nan  1.66131e+04  1.11192e+04  4.78500e+02  2.00000e+04  0.00000e+00  8.82594e+01  2.13795e+02
235  10  4.96334e+20          nan  1.69724e+04  1.05623e+04  4.73317e+02  2.00000e+04  0.00000e+00  8.82445e+01  2.11895e+02
236  10  5.00567e+20          nan  1.60693e+04  1.18930e+04  5.07161e+02  2.00000e+04  0.00000e+00  8.83415e+01  2.16505e+02
237  12  6.05782e+20          nan  1.64014e+04  1.14300e+04  4.95781e+02  2.00000e+04  0.00000e+00  8.83089e+01  2.14872e+02
238  13  6.61814e+20          nan  1.65654e+04  1.11903e+04  4.82894e+02  2.00000e+04  0.00000e+00  8.82720e+01  2.14040e+02
239  10  5.13374e+20          nan  1.60693e+04  1.18930e+04  5.07499e+02  2.00000e+04  0.00000e+00  8.83425e+01  2.16506e+02
240  13  6.72983e+20          nan  1.65657e+04  1.11899e+04  4.83003e+02  2.00000e+04  0.00000e+00  8.82723e+01  2.14039e+02
241  10  5.22003e+20          nan  1.64065e+04  1.14221e+04  4.84163e+02  2.00000e+04  0.00000e+00  8.82756e+01  2.14845e+02
242  10  5.26343e+20          nan  1.60889e+04  1.18669e+04  5.16092e+02  2.00000e+04  0.00000e+00  8.83671e+01  2.16412e+02
243  13  6.89913e+20          nan  1.65655e+04  1.11901e+04  4.82852e+02  2.00000e+04  0.00000e+00  8.82718e+01  2.14039e+02
244  11  5.88587e+20          nan  1.67090e+04  1.09750e+04  4.86668e+02  2.00000e+04  0.00000e+00  8.82828e+01  2.13298e+02
245  10  5.39474e+20          nan  1.64064e+04  1.14223e+04  4.84429e+02  2.00000e+04  0.00000e+00  8.82764e+01  2.14846e+02
246  10  5.43887e+20          nan  1.60320e+04  1.19427e+04  4.96797e+02  2.00000e+04  0.00000e+00  8.83118e+01  2.16684e+02
247  10  5.48318e+20          nan  1.60665e+04  1.18968e+04  5.06602e+02  2.00000e+04  0.00000e+00  8.83399e+01  2.16519e+02
248  12  6.63320e+20          nan  1.64013e+04  1.14302e+04  4.96012e+02  2.00000e+04  0.00000e+00  8.83096e+01  2.14873e+02
249  10  5.57234e+20          nan  1.61777e+04  1.17449e+04  5.03828e+02  2.00000e+04  0.00000e+00  8.83320e+01  2.15979e+02
250  11  6.17890e+20          nan  1.63138e+04  1.15552e+04  5.05796e+02  2.00000e+04  0.00000e+00  8.83376e+01  2.15310e+02
251  12  6.79465e+20          nan  1.64013e+04  1.14301e+04  4.96069e+02  2.00000e+04  0.00000e+00  8.83097e+01  2.14873e+02
252  10  5.70742e+20          nan  1.59529e+04  1.20490e+04  5.13340e+02  2.00000e+04  0.00000e+00  8.83592e+01  2.17063e+02
253  11  6.32809e+20          nan  1.66177e+04  1.11127e+04  4.84771e+02  2.00000e+04  0.00000e+00  8.82773e+01  2.13772e+02
254   9  5.21854e+20          nan  1.65047e+04  1.12801e+04  4.90062e+02  2.00000e+04  0.00000e+00  8.82925e+01  2.14351e+02
255  13  7.59736e+20          nan  1.64641e+04  1.13384e+04  4.75186e+02  2.00000e+04  0.00000e+00  8.82499e+01  2.14554e+02
256   8  4.71204e+20          nan  1.61399e+04  1.17972e+04  5.12202e+02  2.00000e+04  0.00000e+00  8.83560e+01  2.16164e+02
257  12  7.12338e+20          nan  1.63900e+04  1.14460e+04  4.88158e+02  2.00000e+04  0.00000e+00  8.82871e+01  2.14929e+02
258  11  6.58068e+20          nan  1.66092e+04  1.11248e+04  4.75999e+02  2.00000e+04  0.00000e+00  8.82522e+01  2.13814e+02
259  10  6.02890e+20          nan  1.60891e+04  1.18666e+04  5.16315e+02  2.00000e+04  0.00000e+00  8.83678e+01  2.16411e+02
260  10  6.07555e+20          nan  1.64066e+04  1.14220e+04  4.84064e+02  2.00000e+04  0.00000e+00  8.82753e+01  2.14845e+02
261  11  6.73461e+20          nan  1.63137e+04  1.15553e+04  5.05497e+02  2.00000e+04  0.00000e+00  8.83367e+01  2.15311e+02
262  12  7.40325e+20          nan  1.71355e+04  1.02940e+04  4.49037e+02  2.00000e+04  0.00000e+00  8.81749e+01  2.10995e+02
263  11  6.83822e+20          nan  1.61857e+04  1.17335e+04  4.96440e+02  2.00000e+04  0.00000e+00  8.83108e+01  2.15939e+02
264  13  8.14310e+20          nan  1.67426e+04  1.09232e+04  4.77680e+02  2.00000e+04  0.00000e+00  8.82570e+01  2.13121e+02
265  11  6.94262e+20          nan  1.64779e+04  1.13190e+04  4.86090e+02  2.00000e+04  0.00000e+00  8.82811e+01  2.14486e+02
266  10  6.35919e+20          nan  1.60692e+04  1.18931e+04  5.07244e+02  2.00000e+04  0.00000e+00  8.83418e+01  2.16506e+02
267  12  7.68852e+20          nan  1.64968e+04  1.12916e+04  4.91166e+02  2.00000e+04  0.00000e+00  8.82957e+01  2.14391e+02
268   9  5.80966e+20          nan  1.59014e+04  1.21167e+04  5.09747e+02  2.00000e+04  0.00000e+00  8.83489e+01  2.17307e+02
269  10  6.50344e+20          nan  1.64197e+04  1.14036e+04  4.93909e+02  2.00000e+04  0.00000e+00  8.83035e+01  2.14780e+02
270  10  6.55189e+20          nan  1.60689e+04  1.18934e+04  5.06929e+02  2.00000e+04  0.00000e+00  8.83409e+01  2.16507e+02
271  12  7.92061e+20          nan  1.69682e+04  1.05686e+04  4.65835e+02  2.00000e+04  0.00000e+00  8.82231e+01  2.11916e+02
272  10  6.64931e+20          nan  1.60532e+04  1.19147e+04  5.05673e+02  2.00000e+04  0.00000e+00  8.83373e+01  2.16583e+02
273   9  6.02846e+20          nan  1.70348e+04  1.04613e+04  4.71790e+02  2.00000e+04  0.00000e+00  8.82401e+01  2.11555e+02
274  12  8.09695e+20          nan  1.64014e+04  1.14301e+04  4.95816e+02  2.00000e+04  0.00000e+00  8.83090e+01  2.14873e+02
275  12  8.15616e+20          nan  1.63898e+04  1.14463e+04  4.88078e+02  2.00000e+04  0.00000e+00  8.82868e+01  2.14930e+02
276  12  8.21558e+20          nan  1.63952e+04  1.14387e+04  4.90061e+02  2.00000e+04  0.00000e+00  8.82925e+01  2.14903e+02
277   9  6.20642e+20          nan  1.60272e+04  1.19498e+04  5.10049e+02  2.00000e+04  0.00000e+00  8.83498e+01  2.16708e+02
278  10  6.94590e+20          nan  1.67543e+04  1.09054e+04  4.80954e+02  2.00000e+04  0.00000e+00  8.82664e+01  2.13060e+02
279  12  8.39515e+20          nan  1.65899e+04  1.11542e+04  4.87986e+02  2.00000e+04  0.00000e+00  8.82866e+01  2.13915e+02
280  11  7.75082e+20          nan  1.62999e+04  1.15744e+04  4.97417e+02  2.00000e+04  0.00000e+00  8.83136e+01  2.15378e+02
281  12  8.51595e+20          nan  1.68751e+04  1.07167e+04  4.67038e+02  2.00000e+04  0.00000e+00  8.82265e+01  2.12418e+02
282  11  7.86194e+20          nan  1.62999e+04  1.15744e+04  4.97276e+02  2.00000e+04  0.00000e+00  8.83132e+01  2.15378e+02
283   7  5.03860e+20          nan  1.62688e+04  1.16182e+04  4.99796e+02  2.00000e+04  0.00000e+00  8.83204e+01  2.15532e+02
284  10  7.24896e+20          nan  1.65013e+04  1.12847e+04  4.84031e+02  2.00000e+04  0.00000e+00  8.82752e+01  2.14367e+02
285  11  8.03011e+20          nan  1.61858e+04  1.17334e+04  4.96579e+02  2.00000e+04  0.00000e+00  8.83112e+01  2.15939e+02
286   9  6.61628e+20          nan  1.65343e+04  1.12362e+04  4.82533e+02  2.00000e+04  0.00000e+00  8.82709e+01  2.14199e+02
287  12  8.88350e+20          nan  1.64968e+04  1.12916e+04  4.90497e+02  2.00000e+04  0.00000e+00  8.82938e+01  2.14390e+02
288  10  7.45459e+20          nan  1.59529e+04  1.20489e+04  5.13485e+02  2.00000e+04  0.00000e+00  8.83596e+01  2.17063e+02
289   9  6.75581e+20          nan  1.62977e+04  1.15774e+04  4.94922e+02  2.00000e+04  0.00000e+00  8.83064e+01  2.15389e+02
290  12  9.07019e+20          nan  1.64967e+04  1.12918e+04  4.90868e+02  2.00000e+04  0.00000e+00  8.82948e+01  2.14391e+02
291   9  6.84964e+20          nan  1.58027e+04  1.22459e+04  5.26476e+02  2.00000e+04  0.00000e+00  8.83969e+01  2.17773e+02
292  10  7.66310e+20          nan  1.60797e+04  1.18792e+04  5.13759e+02  2.00000e+04  0.00000e+00  8.83604e+01  2.16456e+02
293   9  6.94411e+20          nan  1.57532e+04  1.23090e+04  5.15758e+02  2.00000e+04  0.00000e+00  8.83662e+01  2.18003e+02
294   9  6.99159e+20          nan  1.64126e+04  1.14135e+04  4.86320e+02  2.00000e+04  0.00000e+00  8.82818e+01  2.14815e+02
295  10  7.82138e+20          nan  1.66298e+04  1.10946e+04  4.86139e+02  2.00000e+04  0.00000e+00  8.82813e+01  2.13709e+02
296  11  8.66194e+20          nan  1.64719e+04  1.13274e+04  4.79753e+02  2.00000e+04  0.00000e+00  8.82630e+01  2.14515e+02
297  10  7.92779e+20          nan  1.60532e+04  1.19146e+04  5.06015e+02  2.00000e+04  0.00000e+00  8.83382e+01  2.16583e+02
298  10  7.98126e+20          nan  1.64197e+04  1.14037e+04  4.93577e+02  2.00000e+04  0.00000e+00  8.83026e+01  2.14780e+02
299  11  8.83841e+20          nan  1.63065e+04  1.15652e+04  4.99476e+02  2.00000e+04  0.00000e+00  8.83195e+01  2.15346e+02
300  11  8.89763e+20          nan  1.65832e+04  1.11638e+04  4.80590e+02  2.00000e+04  0.00000e+00  8.82654e+01  2.13948e+02
301  12  9.77132e+20          nan  1.63898e+04  1.14463e+04  4.87817e+02  2.00000e+04  0.00000e+00  8.82861e+01  2.14930e+02
302  11  9.01666e+20          nan  1.63000e+04  1.15742e+04  4.97102e+02  2.00000e+04  0.00000e+00  8.83127e+01  2.15377e+02
303  10  8.25134e+20          nan  1.64137e+04  1.14121e+04  4.91033e+02  2.00000e+04  0.00000e+00  8.82953e+01  2.14810e+02
304   7  5.81412e+20          nan  1.57788e+04  1.22763e+04  5.18707e+02  2.00000e+04  0.00000e+00  8.83746e+01  2.17884e+02
305  11  9.19669e+20          nan  1.62726e+04  1.16122e+04  4.86960e+02  2.00000e+04  0.00000e+00  8.82836e+01  2.15512e+02
306  11  9.25709e+20          nan  1.61857e+04  1.17335e+04  4.96551e+02  2.00000e+04  0.00000e+00  8.83111e+01  2.15940e+02
307  10  8.47063e+20          nan  1.61701e+04  1.17552e+04  4.99835e+02  2.00000e+04  0.00000e+00  8.83205e+01  2.16016e+02
308  12  1.02311e+21          nan  1.63951e+04  1.14388e+04  4.90473e+02  2.00000e+04  0.00000e+00  8.82937e+01  2.14903e+02
309  11  9.43950e+20          nan  1.62874e+04  1.15919e+04  4.95655e+02  2.00000e+04  0.00000e+00  8.83085e+01  2.15440e+02
310  13  1.12281e+21          nan  1.65656e+04  1.11900e+04  4.82734e+02  2.00000e+04  0.00000e+00  8.82715e+01  2.14039e+02
311  11  9.56209e+20          nan  1.70149e+04  1.04932e+04  4.65179e+02  2.00000e+04  0.00000e+00  8.82212e+01  2.11662e+02
312  10  8.74880e+20          nan  1.64064e+04  1.14223e+04  4.84214e+02  2.00000e+04  0.00000e+00  8.82757e+01  2.14846e+02
313  11  9.68547e+20          nan  1.69081e+04  1.06643e+04  4.62461e+02  2.00000e+04  0.00000e+00  8.82134e+01  2.12240e+02
314  11  9.74746e+20          nan  1.66131e+04  1.11192e+04  4.78755e+02  2.00000e+04  0.00000e+00  8.82601e+01  2.13794e+02
315  11  9.80964e+20          nan  1.66132e+04  1.11190e+04  4.78693e+02  2.00000e+04  0.00000e+00  8.82599e+01  2.13794e+02
316  10  8.97457e+20          nan  1.67054e+04  1.09781e+04  4.44297e+02  2.00000e+04  0.00000e+00  8.81613e+01  2.13311e+02
317   9  8.12831e+20          nan  1.63149e+04  1.15537e+04  5.05245e+02  2.00000e+04  0.00000e+00  8.83360e+01  2.15305e+02
318  10  9.08853e+20          nan  1.60797e+04  1.18792e+04  5.13904e+02  2.00000e+04  0.00000e+00  8.83608e+01  2.16456e+02
319  11  1.00604e+21          nan  1.63064e+04  1.15654e+04  4.99344e+02  2.00000e+04  0.00000e+00  8.83191e+01  2.15346e+02
320  11  1.01235e+21          nan  1.61946e+04  1.17216e+04  5.02910e+02  2.00000e+04  0.00000e+00  8.83293e+01  2.15897e+02
321  10  9.26082e+20          nan  1.61616e+04  1.17667e+04  4.96902e+02  2.00000e+04  0.00000e+00  8.83121e+01  2.16057e+02
322  11  1.02505e+21          nan  1.62797e+04  1.16024e+04  4.89452e+02  2.00000e+04  0.00000e+00  8.82908e+01  2.15477e+02
323  10  9.37658e+20          nan  1.60799e+04  1.18790e+04  5.13798e+02  2.00000e+04  0.00000e+00  8.83605e+01  2.16455e+02
324   9  8.49125e+20          nan  1.58027e+04  1.22460e+04  5.27039e+02  2.00000e+04  0.00000e+00  8.83985e+01  2.17773e+02
325  10  9.49306e+20          nan  1.65191e+04  1.12592e+04  4.93022e+02  2.00000e+04  0.00000e+00  8.83010e+01  2.14278e+02
326  10  9.55156e+20          nan  1.62934e+04  1.15836e+04  4.98008e+02  2.00000e+04  0.00000e+00  8.83153e+01  2.15411e+02
327  11  1.05713e+21          nan  1.66132e+04  1.11190e+04  4.78330e+02  2.00000e+04  0.00000e+00  8.82589e+01  2.13794e+02
328  10  9.66912e+20          nan  1.64197e+04  1.14036e+04  4.93838e+02  2.00000e+04  0.00000e+00  8.83033e+01  2.14780e+02
329  10  9.72817e+20          nan  1.60891e+04  1.18666e+04  5.15939e+02  2.00000e+04  0.00000e+00  8.83667e+01  2.16411e+02
330  12  1.17449e+21          nan  1.64770e+04  1.13200e+04  4.81147e+02  2.00000e+04  0.00000e+00  8.82670e+01  2.14490e+02
331  10  9.84681e+20          nan  1.63997e+04  1.14323e+04  4.92716e+02  2.00000e+04  0.00000e+00  8.83001e+01  2.14880e+02
332  13  1.28783e+21          nan  1.67428e+04  1.09229e+04  4.77504e+02  2.00000e+04  0.00000e+00  8.82565e+01  2.13120e+02
333   8  7.97293e+20          nan  1.65780e+04  1.11725e+04  4.97614e+02  2.00000e+04  0.00000e+00  8.83142e+01  2.13977e+02
334  10  1.00261e+21          nan  1.63733e+04  1.14698e+04  4.86657e+02  2.00000e+04  0.00000e+00  8.82828e+01  2.15012e+02
335  12  1.21035e+21          nan  1.63950e+04  1.14389e+04  4.90469e+02  2.00000e+04  0.00000e+00  8.82937e+01  2.14904e+02
336  10  1.01465e+21          nan  1.60666e+04  1.18967e+04  5.07059e+02  2.00000e+04  0.00000e+00  8.83412e+01  2.16519e+02
337  10  1.02070e+21          nan  1.64197e+04  1.14036e+04  4.93423e+02  2.00000e+04  0.00000e+00  8.83021e+01  2.14780e+02
338  12  1.23212e+21          nan  1.63900e+04  1.14460e+04  4.88158e+02  2.00000e+04  0.00000e+00  8.82871e+01  2.14929e+02
339  10  1.03285e+21          nan  1.63599e+04  1.14888e+04  4.84964e+02  2.00000e+04  0.00000e+00  8.82779e+01  2.15079e+02
340   9  9.35061e+20          nan  1.61322e+04  1.18074e+04  5.04326e+02  2.00000e+04  0.00000e+00  8.83334e+01  2.16201e+02
341  10  1.04508e+21          nan  1.60889e+04  1.18668e+04  5.16258e+02  2.00000e+04  0.00000e+00  8.83676e+01  2.16412e+02
342  10  1.05122e+21          nan  1.64137e+04  1.14121e+04  4.91104e+02  2.00000e+04  0.00000e+00  8.82955e+01  2.14810e+02
343  12  1.26885e+21          nan  1.65962e+04  1.11451e+04  4.92517e+02  2.00000e+04  0.00000e+00  8.82995e+01  2.13883e+02
344  13  1.38261e+21          nan  1.65657e+04  1.11899e+04  4.82869e+02  2.00000e+04  0.00000e+00  8.82719e+01  2.14038e+02
345  10  1.06974e+21          nan  1.61918e+04  1.17257e+04  5.07218e+02  2.00000e+04  0.00000e+00  8.83417e+01  2.15911e+02
346   9  9.68354e+20          nan  1.61684e+04  1.17576e+04  5.01892e+02  2.00000e+04  0.00000e+00  8.83264e+01  2.16024e+02
347  12  1.29861e+21          nan  1.63950e+04  1.14390e+04  4.90167e+02  2.00000e+04  0.00000e+00  8.82928e+01  2.14904e+02
348  10  1.08842e+21          nan  1.60891e+04  1.18665e+04  5.16089e+02  2.00000e+04  0.00000e+00  8.83671e+01  2.16411e+02
349  12  1.31363e+21          nan  1.63951e+04  1.14388e+04  4.90187e+02  2.00000e+04  0.00000e+00  8.82929e+01  2.14903e+02
350  10  1.10097e+21          nan  1.60692e+04  1.18932e+04  5.07577e+02  2.00000e+04  0.00000e+00  8.83427e+01  2.16506e+02
351  10  1.10727e+21          nan  1.67230e+04  1.09524e+04  4.65339e+02  2.00000e+04  0.00000e+00  8.82217e+01  2.13222e+02
352  11  1.22495e+21          nan  1.62901e+04  1.15879e+04  4.90831e+02  2.00000e+04  0.00000e+00  8.82947e+01  2.15426e+02
353  11  1.23192e+21          nan  1.63001e+04  1.15741e+04  4.97276e+02  2.00000e+04  0.00000e+00  8.83132e+01  2.15377e+02
354  10  1.12628e+21          nan  1.64063e+04  1.14223e+04  4.84002e+02  2.00000e+04  0.00000e+00  8.82751e+01  2.14846e+02
355  10  1.13265e+21          nan  1.61739e+04  1.17499e+04  4.98572e+02  2.00000e+04  0.00000e+00  8.83169e+01  2.15997e+02
356  11  1.25295e+21          nan  1.62018e+04  1.17118e+04  5.04676e+02  2.00000e+04  0.00000e+00  8.83344e+01  2.15862e+02
357  12  1.37454e+21          nan  1.63952e+04  1.14387e+04  4.90444e+02  2.00000e+04  0.00000e+00  8.82936e+01  2.14903e+02
358  11  1.26706e+21          nan  1.67212e+04  1.09560e+04  4.79512e+02  2.00000e+04  0.00000e+00  8.82623e+01  2.13233e+02
359  12  1.38998e+21          nan  1.63954e+04  1.14384e+04  4.90322e+02  2.00000e+04  0.00000e+00  8.82933e+01  2.14902e+02
360  10  1.16478e+21          nan  1.60891e+04  1.18665e+04  5.15974e+02  2.00000e+04  0.00000e+00  8.83668e+01  2.16411e+02
361   9  1.05414e+21          nan  1.66632e+04  1.10439e+04  4.77471e+02  2.00000e+04  0.00000e+00  8.82564e+01  2.13535e+02
362  12  1.41331e+21          nan  1.63954e+04  1.14383e+04  4.90346e+02  2.00000e+04  0.00000e+00  8.82933e+01  2.14902e+02
363  10  1.18428e+21          nan  1.60889e+04  1.18669e+04  5.15927e+02  2.00000e+04  0.00000e+00  8.83666e+01  2.16412e+02
364   9  1.07173e+21          nan  1.61685e+04  1.17575e+04  5.01965e+02  2.00000e+04  0.00000e+00  8.83266e+01  2.16024e+02
365   9  1.07763e+21          nan  1.58027e+04  1.22459e+04  5.26295e+02  2.00000e+04  0.00000e+00  8.83964e+01  2.17773e+02
366  12  1.44472e+21          nan  1.63952e+04  1.14386e+04  4.90338e+02  2.00000e+04  0.00000e+00  8.82933e+01  2.14903e+02
367  10  1.21052e+21          nan  1.60432e+04  1.19280e+04  5.03314e+02  2.00000e+04  0.00000e+00  8.83305e+01  2.16631e+02
368  13  1.58226e+21          nan  1.65656e+04  1.11900e+04  4.82461e+02  2.00000e+04  0.00000e+00  8.82707e+01  2.14039e+02
369  10  1.22375e+21          nan  1.64196e+04  1.14038e+04  4.94146e+02  2.00000e+04  0.00000e+00  8.83042e+01  2.14781e+02
370   9  1.10735e+21          nan  1.61940e+04  1.17233e+04  5.21482e+02  2.00000e+04  0.00000e+00  8.83826e+01  2.15902e+02
371  11  1.36076e+21          nan  1.64993e+04  1.12872e+04  4.75864e+02  2.00000e+04  0.00000e+00  8.82518e+01  2.14376e+02
372  11  1.36810e+21          nan  1.62021e+04  1.17112e+04  5.04498e+02  2.00000e+04  0.00000e+00  8.83339e+01  2.15860e+02
