0  13  7.08027e+01          nan  2.60995e+02          nan  3.97255e+04          nan  1.55000e+00  1.41716e+05 
1  11  7.00696e+01          nan  2.61221e+02          nan  5.03541e+04          nan  3.00000e+00  7.02332e+06 
2  10  7.18115e+01          nan  2.61308e+02          nan  2.32293e+04          nan  3.00000e+00  7.74792e+06 
3  10  7.11041e+01          nan  2.61273e+02          nan  1.40855e+05          nan  1.55000e+00  2.34719e+06 
4  11  6.95527e+01          nan  2.61463e+02          nan  3.43688e+04          nan  2.80045e+00  7.66459e+06 
5  11  7.06654e+01          nan  2.61253e+02          nan  7.20574e+04          nan  7.41558e-01  2.88289e+06 
6  10  6.37459e+01          nan  2.60284e+02          nan  6.37939e+04          nan  4.84814e-01  2.72003e+06 
7  11  6.20641e+01          nan  2.61183e+02          nan  5.76795e+04          nan  3.17286e-01  4.46571e+06 
8  10  7.01233e+01          nan  2.58851e+02          nan  5.98268e+04          nan  1.12641e-01  4.25759e+06 
9  11  7.09003e+01          nan  2.58726e+02          nan  3.16038e+04          nan  1.01328e-01  7.12385e+06 
10  10  7.11553e+01          nan  2.61341e+02          nan  7.72454e+04          nan  2.89909e-01  2.73304e+06 
11  11  6.99678e+01          nan  2.58515e+02          nan  2.46896e+04          nan  1.18467e-01  5.31926e+06 
12  12  7.00469e+01          nan  2.61193e+02          nan  6.16180e+04          nan  3.99587e-01  3.02984e+06 
13   9  7.19612e+01          nan  2.60750e+02          nan  7.02221e+04          nan  2.38809e+00  2.90175e+06 
14  11  7.00004e+01          nan  2.61174e+02          nan  4.31452e+04          nan  1.11467e-01  8.89186e+06 
15   9  7.04519e+01          nan  2.61433e+02          nan  7.62482e+04          nan  1.61357e+00  2.88578e+06 
16  10  7.00011e+01          nan  2.61466e+02          nan  5.30692e+04          nan  2.11348e-01  4.99160e+06 
17   7  5.64299e+01          nan  2.65654e+02          nan  2.69557e+04          nan  1.55000e+00  2.64723e+06 
18  12  6.99820e+01          nan  2.61232e+02          nan  6.30831e+04          nan  3.00000e+00  2.65288e+06 
19  11  6.94071e+01          nan  2.61549e+02          nan  1.01439e+05          nan  1.54981e+00  2.59348e+06 
20  11  7.05837e+01          nan  2.61400e+02          nan  6.72234e+04          nan  1.36126e+00  2.76269e+06 
21   8  6.88795e+01          nan  2.63218e+02          nan  5.10864e+04          nan  1.15600e-01  7.00490e+06 
22  12  6.99919e+01          nan  2.61252e+02          nan  7.67199e+04          nan  1.49437e+00  3.00013e+06 
23   9  5.92540e+01          nan  2.60425e+02          nan  6.61109e+04          nan  1.01301e+00  3.42835e+06 
24  10  7.10583e+01          nan  2.61354e+02          nan  5.52912e+04          nan  1.00000e-01  1.19766e+07 
25  11  7.04452e+01          nan  2.61595e+02          nan  6.78922e+04          nan  2.53117e+00  3.05674e+06 
26  10  6.23022e+01          nan  2.59193e+02          nan  6.60902e+04          nan  1.63027e+00  2.59139e+06 
27  11  7.17632e+01          nan  2.61386e+02          nan  7.01657e+04          nan  2.35342e+00  2.66614e+06 
28  10  7.00281e+01          nan  2.58141e+02          nan  3.56282e+04          nan  1.00003e-01  8.42457e+06 
29  11  6.15892e+01          nan  2.61659e+02          nan  6.89127e+04          nan  7.73139e-01  3.66641e+06 
30  13  7.07397e+01          nan  2.60984e+02          nan  7.49630e+04          nan  1.91673e+00  2.39969e+06 
31  11  7.19131e+01          nan  2.61299e+02          nan  9.37166e+04          nan  1.02215e+00  3.16396e+06 
32   8  6.80681e+01          nan  2.64598e+02          nan  3.90311e+04          nan  2.99888e+00  2.50131e+06 
33  12  6.99715e+01          nan  2.61133e+02          nan  6.67708e+04          nan  2.74727e+00  2.88392e+06 
34  12  7.14636e+01          nan  2.61055e+02          nan  9.49213e+04          nan  1.58581e+00  2.63848e+06 
35   9  6.71858e+01          nan  2.58962e+02          nan  1.73811e+04          nan  1.00710e-01  4.58303e+06 
36  10  7.77469e+01          nan  2.58080e+02          nan  4.36630e+04          nan  1.83391e+00  2.04314e+06 
37  13  7.07103e+01          nan  2.60992e+02          nan  8.24291e+04          nan  7.53578e-01  2.62816e+06 
38  10  7.10096e+01          nan  2.61283e+02          nan  6.52660e+04          nan  8.64114e-01  2.68376e+06 
39   9  7.31920e+01          nan  2.62150e+02          nan  6.09958e+04          nan  1.56894e+00  2.73042e+06 
40  11  7.57865e+01          nan  2.58323e+02          nan  7.66060e+04          nan  9.18348e-01  2.69622e+06 
41  12  7.06411e+01          nan  2.61085e+02          nan  7.43901e+04          nan  2.06964e+00  2.71417e+06 
42  12  7.00193e+01          nan  2.61243e+02          nan  8.40526e+04          nan  2.23890e+00  2.52622e+06 
43  11  7.06594e+01          nan  2.61116e+02          nan  7.33159e+04          nan  1.81635e+00  3.11395e+06 
44  11  7.18450e+01          nan  2.61292e+02          nan  7.39368e+04          nan  1.64339e+00  2.70748e+06 
45  10  7.11124e+01          nan  2.61318e+02          nan  8.35608e+04          nan  1.55000e+00  2.61555e+06 
46  13  7.06821e+01          nan  2.61653e+02          nan  9.78970e+04          nan  1.30514e+00  2.92400e+06 
47  10  7.40780e+01          nan  2.63556e+02          nan  5.17725e+04          nan  1.55000e+00  2.20601e+06 
48  11  7.12703e+01          nan  2.61011e+02          nan  6.10830e+04          nan  4.59943e-01  3.43922e+06 
49   9  6.75847e+01          nan  2.64400e+02          nan  3.19013e+04          nan  1.32394e-01  2.84549e+06 
50  10  7.28931e+01          nan  2.58620e+02          nan  6.42290e+04          nan  1.40893e+00  2.58657e+06 
51  13  7.07034e+01          nan  2.61029e+02          nan  8.26527e+04          nan  2.99145e+00  2.96454e+06 
52  13  7.89657e+01          nan  2.58746e+02          nan  3.53474e+04          nan  5.23707e-01  2.99961e+06 
53   9  7.03540e+01          nan  2.61361e+02          nan  8.57037e+04          nan  1.55000e+00  2.77528e+06 
54  10  6.40244e+01          nan  2.60234e+02          nan  6.57640e+04          nan  1.35667e-01  4.11703e+06 
55  12  7.00199e+01          nan  2.61213e+02          nan  7.44874e+04          nan  1.63218e+00  2.49009e+06 
56  10  6.10106e+01          nan  2.61022e+02          nan  8.02398e+04          nan  1.95100e+00  2.73043e+06 
57  11  7.18210e+01          nan  2.61201e+02          nan  7.29509e+04          nan  1.40429e+00  2.91808e+06 
58  12  7.13307e+01          nan  2.61100e+02          nan  8.33086e+04          nan  1.65722e+00  2.35289e+06 
59   9  6.81842e+01          nan  2.61612e+02          nan  4.81005e+04          nan  4.49107e-01  2.53447e+06 
60  11  6.95284e+01          nan  2.61405e+02          nan  5.86679e+04          nan  2.70946e-01  3.07844e+06 
61  12  7.06485e+01          nan  2.61092e+02          nan  6.99865e+04          nan  1.62083e+00  2.39234e+06 
62  10  8.02051e+01          nan  2.65908e+02          nan  5.11421e+04          nan  9.61387e-01  2.25502e+06 
63   9  5.74991e+01          nan  2.62592e+02          nan  7.51827e+04          nan  1.20610e+00  3.15038e+06 
64  10  7.00851e+01          nan  2.61685e+02          nan  6.21050e+04          nan  3.22713e-01  3.35022e+06 
65   9  6.86799e+01          nan  2.58012e+02          nan  4.38396e+04          nan  1.14844e-01  5.26089e+06 
66  12  7.14149e+01          nan  2.61084e+02          nan  8.02711e+04          nan  1.67720e+00  3.15523e+06 
67  12  7.13462e+01          nan  2.61047e+02          nan  8.38022e+04          nan  1.03983e+00  2.66774e+06 
68  11  6.41415e+01          nan  2.60587e+02          nan  7.53426e+04          nan  2.67613e+00  3.06746e+06 
69  10  7.01501e+01          nan  2.58775e+02          nan  8.11538e+04          nan  5.34292e-01  2.59798e+06 
70  10  7.00767e+01          nan  2.61747e+02          nan  5.40542e+04          nan  1.69167e-01  6.20341e+06 
71  11  6.44761e+01          nan  2.61051e+02          nan  7.09196e+04          nan  8.39438e-01  2.87388e+06 
72  12  7.14001e+01          nan  2.61086e+02          nan  8.50209e+04          nan  1.55000e+00  2.52524e+06 
73  11  7.06493e+01          nan  2.58625e+02          nan  7.41420e+04          nan  1.49085e+00  2.34073e+06 
74  13  7.07716e+01          nan  2.61012e+02          nan  7.28193e+04          nan  1.24660e+00  2.26438e+06 
75   9  6.15664e+01          nan  2.61500e+02          nan  2.47801e+04          nan  1.00003e-01  6.58557e+06 
76  10  6.82531e+01          nan  2.58324e+02          nan  2.00247e+04          nan  1.00014e-01  5.83127e+06 
77  11  7.51600e+01          nan  2.65593e+02          nan  4.97426e+04          nan  2.87279e+00  1.99292e+06 
78  11  7.17381e+01          nan  2.61201e+02          nan  8.15772e+04          nan  2.72959e+00  2.94153e+06 
79   8  7.54905e+01          nan  2.66831e+02          nan  3.07768e+04          nan  1.40820e+00  2.27939e+06 
80  12  6.99942e+01          nan  2.60476e+02          nan  6.95107e+04          nan  2.98104e-01  2.74504e+06 
81   7  6.56763e+01          nan  2.59166e+02          nan  2.85437e+04          nan  1.26693e-01  2.98559e+06 
82  11  7.00488e+01          nan  2.61228e+02          nan  3.46638e+04          nan  1.23796e-01  5.63587e+06 
83  13  7.07827e+01          nan  2.60910e+02          nan  7.86047e+04          nan  1.55000e+00  2.12820e+06 
84  10  7.10603e+01          nan  2.61295e+02          nan  7.54826e+04          nan  4.33486e-01  2.67311e+06 
85  11  7.21551e+01          nan  2.56734e+02          nan  8.93411e+04          nan  4.75541e-01  2.85207e+06 
86  11  7.63651e+01          nan  2.57774e+02          nan  3.49559e+04          nan  2.30022e+00  1.99392e+06 
87   9  8.03563e+01          nan  2.57400e+02          nan  4.40190e+04          nan  1.55000e+00  2.11512e+06 
88   9  5.73789e+01          nan  2.62568e+02          nan  7.23189e+04          nan  1.55331e+00  2.96026e+06 
89  10  6.08997e+01          nan  2.61117e+02          nan  6.16206e+04          nan  6.60761e-01  3.26264e+06 
90   9  6.37703e+01          nan  2.61575e+02          nan  5.65037e+04          nan  1.72116e+00  2.99828e+06 
91  11  7.06003e+01          nan  2.61175e+02          nan  7.64156e+04          nan  1.41690e+00  2.52863e+06 
92  11  7.13402e+01          nan  2.61045e+02          nan  6.99749e+04          nan  8.78339e-01  2.82249e+06 
93   7  8.46905e+01          nan  2.61519e+02          nan  4.03295e+04          nan  7.97159e-01  5.34110e+06 
94  12  7.00303e+01          nan  2.61095e+02          nan  7.23333e+04          nan  1.55000e+00  2.26041e+06 
95  11  7.06499e+01          nan  2.61146e+02          nan  6.64894e+04          nan  2.20525e-01  3.64578e+06 
96  12  6.99437e+01          nan  2.61157e+02          nan  7.29525e+04          nan  1.44333e+00  2.83635e+06 
97  11  6.93874e+01          nan  2.61427e+02          nan  5.56578e+04          nan  1.55000e+00  2.37040e+06 
98  10  7.11146e+01          nan  2.61334e+02          nan  6.97258e+04          nan  3.83748e-01  2.39318e+06 
99  10  8.52513e+01          nan  2.62245e+02          nan  4.88105e+03          nan  1.55000e+00  1.57920e+06 
100  11  7.06377e+01          nan  2.61141e+02          nan  7.71365e+04          nan  9.90208e-01  2.80466e+06 
101  11  7.73389e+01          nan  2.57783e+02          nan  5.22839e+04          nan  1.39553e+00  2.41886e+06 
102  12  7.08873e+01          nan  2.61090e+02          nan  8.18761e+04          nan  9.01375e-01  2.40499e+06 
103  12  7.13869e+01          nan  2.61469e+02          nan  6.16684e+04          nan  3.55057e-01  4.12294e+06 
104  10  7.00632e+01          nan  2.61411e+02          nan  2.08221e+04          nan  1.17897e-01  6.83029e+06 
105  10  6.13465e+01          nan  2.60676e+02          nan  1.04073e+05          nan  1.60618e+00  2.60158e+06 
106  12  6.44129e+01          nan  2.60545e+02          nan  6.66085e+04          nan  2.06618e+00  3.35434e+06 
107  11  6.30208e+01          nan  2.61549e+02          nan  5.64626e+04          nan  8.57558e-01  3.70351e+06 
108  11  8.16000e+01          nan  2.52810e+02          nan  3.57589e+04          nan  1.62103e+00  2.06653e+06 
109  10  7.30200e+01          nan  2.62093e+02          nan  7.47730e+04          nan  1.99411e+00  2.99360e+06 
110  12  7.13780e+01          nan  2.61956e+02          nan  8.32657e+04          nan  6.16704e-01  3.25752e+06 
111  12  7.06887e+01          nan  2.61070e+02          nan  8.36470e+04          nan  1.00583e+00  2.69533e+06 
112  12  7.97189e+01          nan  2.62686e+02          nan  5.42955e+04          nan  1.73649e+00  1.64095e+06 
113  11  6.42449e+01          nan  2.60504e+02          nan  7.18374e+04          nan  1.84838e+00  2.99746e+06 
114   9  8.87246e+01          nan  2.56874e+02          nan  3.47085e+04          nan  1.49245e+00  9.68399e+06 
115  11  7.07923e+01          nan  2.61173e+02          nan  1.00152e+05          nan  1.57661e+00  2.01062e+06 
116  11  7.17999e+01          nan  2.62047e+02          nan  8.34471e+04          nan  8.03120e-01  2.97029e+06 
117  12  7.14522e+01          nan  2.61038e+02          nan  6.90653e+04          nan  4.52596e-01  2.82096e+06 
118  11  6.38217e+01          nan  2.60920e+02          nan  6.82655e+04          nan  5.03387e-01  3.81927e+06 
119  11  7.19149e+01          nan  2.62037e+02          nan  7.70116e+04          nan  7.61008e-01  2.55011e+06 
120  10  7.08533e+01          nan  2.58665e+02          nan  3.62834e+04          nan  1.63783e-01  4.23981e+06 
121  10  6.95143e+01          nan  2.61435e+02          nan  3.08267e+04          nan  1.00004e-01  8.99445e+06 
122  10  7.00706e+01          nan  2.58816e+02          nan  3.47496e+04          nan  1.00000e-01  6.41452e+06 
123  13  6.88414e+01          nan  2.60954e+02          nan  7.60073e+04          nan  7.01072e-01  2.57998e+06 
124  12  7.13943e+01          nan  2.61056e+02          nan  8.09189e+04          nan  1.63789e+00  2.68427e+06 
125  10  7.94165e+01          nan  2.57770e+02          nan  4.52268e+04          nan  2.11140e+00  2.58597e+06 
126  12  7.25913e+01          nan  2.62010e+02          nan  9.41737e+04          nan  1.59628e+00  2.52116e+06 
127   8  7.35902e+01          nan  2.53504e+02          nan  3.26021e+04          nan  1.51164e+00  2.23992e+06 
128  10  8.01679e+01          nan  2.65973e+02          nan  4.05787e+04          nan  1.55603e+00  2.11150e+06 
129   8  5.76888e+01          nan  2.60182e+02          nan  5.64041e+04          nan  1.39249e+00  2.90087e+06 
130  10  7.11545e+01          nan  2.61352e+02          nan  5.55165e+04          nan  1.36769e-01  4.63766e+06 
131  11  7.12479e+01          nan  2.61075e+02          nan  6.21178e+04          nan  5.63099e-01  2.52476e+06 
132  13  7.07655e+01          nan  2.61008e+02          nan  1.08442e+05          nan  9.55783e-01  2.77625e+06 
133  11  6.94502e+01          nan  2.61446e+02          nan  7.15945e+04          nan  1.01323e-01  5.42800e+06 
134  12  6.42840e+01          nan  2.60583e+02          nan  8.24602e+04          nan  2.66194e+00  2.89856e+06 
135  10  7.55976e+01          nan  2.65310e+02          nan  2.07157e+04          nan  1.01083e-01  6.73674e+06 
136  13  7.34309e+01          nan  2.59670e+02          nan  8.27890e+04          nan  1.14524e+00  2.59663e+06 
137  11  6.39518e+01          nan  2.60837e+02          nan  6.45993e+04          nan  3.35927e-01  4.28972e+06 
138  11  7.07420e+01          nan  2.61192e+02          nan  6.40797e+04          nan  8.60817e-01  2.34005e+06 
139   9  5.75177e+01          nan  2.62489e+02          nan  6.79121e+04          nan  2.22496e-01  3.82266e+06 
140   9  7.05903e+01          nan  2.61419e+02          nan  6.86933e+04          nan  1.55000e+00  2.79910e+06 
141  10  7.17981e+01          nan  2.61267e+02          nan  8.05287e+04          nan  8.92787e-01  2.72323e+06 
142  10  7.57014e+01          nan  2.65355e+02          nan  4.90460e+04          nan  1.41617e+00  2.06611e+06 
143  13  7.07686e+01          nan  2.60881e+02          nan  7.04195e+04          nan  2.43624e+00  2.47853e+06 
144   9  6.73781e+01          nan  2.61663e+02          nan  3.90849e+04          nan  7.18975e-01  2.76469e+06 
145  12  7.13338e+01          nan  2.61055e+02          nan  6.39919e+04          nan  1.93180e+00  2.58867e+06 
146  14  7.25412e+01          nan  2.61707e+02          nan  6.77124e+04          nan  1.54328e-01  3.14683e+06 
147  11  7.07394e+01          nan  2.61135e+02          nan  5.63535e+04          nan  1.12121e+00  2.83842e+06 
148  11  7.19557e+01          nan  2.61466e+02          nan  7.66157e+04          nan  1.84961e+00  2.60755e+06 
149  13  7.09000e+01          nan  2.61030e+02          nan  7.78810e+04          nan  1.55000e+00  2.32555e+06 
150  10  8.26307e+01          nan  2.58259e+02          nan  4.51451e+04          nan  1.69737e+00  1.82783e+06 
151  11  6.79868e+01          nan  2.63650e+02          nan  5.72903e+04          nan  2.34998e+00  3.02069e+06 
152   9  8.86980e+01          nan  2.56788e+02          nan  1.86581e+04          nan  1.55376e+00  3.91888e+06 
153   9  6.46984e+01          nan  2.64187e+02          nan  3.77156e+04          nan  1.88958e+00  2.52659e+06 
154  11  7.17561e+01          nan  2.61311e+02          nan  7.03973e+04          nan  1.67595e+00  2.57292e+06 
155  11  6.40967e+01          nan  2.60429e+02          nan  6.78071e+04          nan  3.82314e-01  3.35948e+06 
156  12  7.13583e+01          nan  2.61078e+02          nan  6.75140e+04          nan  1.55000e+00  2.28997e+06 
157   9  8.86947e+01          nan  2.56866e+02          nan  1.74229e+04          nan  1.55000e+00  4.72993e+06 
158   9  7.32449e+01          nan  2.62154e+02          nan  6.03491e+04          nan  1.29431e+00  2.89665e+06 
159  13  7.29033e+01          nan  2.61946e+02          nan  7.98631e+04          nan  8.37753e-01  2.40577e+06 
160  11  6.21554e+01          nan  2.61107e+02          nan  8.13954e+04          nan  1.94788e+00  2.85976e+06 
161  12  7.41782e+01          nan  2.60287e+02          nan  7.74601e+04          nan  1.45627e+00  2.68697e+06 
162  15  7.23054e+01          nan  2.61688e+02          nan  6.86137e+04          nan  1.69896e+00  1.94628e+06 
163  12  7.14990e+01          nan  2.61042e+02          nan  8.36115e+04          nan  8.34140e-01  2.46582e+06 
164  11  7.12984e+01          nan  2.61116e+02          nan  8.30626e+04          nan  1.28521e+00  2.44046e+06 
165  10  8.04213e+01          nan  2.57192e+02          nan  5.03221e+04          nan  1.09506e+00  2.41610e+06 
166  10  6.33709e+01          nan  2.60767e+02          nan  8.20027e+04          nan  1.59417e+00  2.98584e+06 
167  12  7.00737e+01          nan  2.61179e+02          nan  7.88999e+04          nan  5.82053e-01  3.75438e+06 
168  12  7.09413e+01          nan  2.61133e+02          nan  7.82851e+04          nan  8.95786e-01  2.58037e+06 
169   8  7.39076e+01          nan  2.61628e+02          nan  3.09045e+04          nan  1.00473e-01  1.04989e+07 
170  11  7.53593e+01          nan  2.60079e+02          nan  8.46894e+04          nan  1.55023e+00  2.49904e+06 
171   9  6.18210e+01          nan  2.60433e+02          nan  8.08468e+04          nan  7.94272e-01  2.74245e+06 
172  11  7.19167e+01          nan  2.61197e+02          nan  7.52732e+04          nan  1.88765e+00  2.53140e+06 
173  10  6.93193e+01          nan  2.58208e+02          nan  4.03019e+04          nan  1.00000e-01  7.76958e+06 
174  11  7.81167e+01          nan  2.58128e+02          nan  3.59077e+04          nan  1.15375e+00  2.14106e+06 
175  12  7.00212e+01          nan  2.61170e+02          nan  8.02479e+04          nan  1.57608e+00  2.93706e+06 
176   8  5.21502e+01          nan  2.62499e+02          nan  5.27305e+04          nan  6.80836e-01  3.40675e+06 
177  10  7.01490e+01          nan  2.61401e+02          nan  4.10700e+04          nan  1.01823e-01  9.25531e+06 
178  10  7.18155e+01          nan  2.61342e+02          nan  6.70361e+04          nan  2.00041e-01  5.03377e+06 
179  13  7.48857e+01          nan  2.60239e+02          nan  7.88480e+04          nan  9.20517e-01  3.02143e+06 
180  10  7.18364e+01          nan  2.61282e+02          nan  8.18288e+04          nan  2.74294e-01  3.60122e+06 
181  11  7.12799e+01          nan  2.61129e+02          nan  7.75898e+04          nan  1.55000e+00  2.40925e+06 
182   9  8.74083e+01          nan  2.62058e+02          nan  5.09774e+03          nan  3.00000e+00  1.89255e+06 
183  12  7.08921e+01          nan  2.60706e+02          nan  7.08652e+04          nan  1.58851e+00  2.39712e+06 
184  13  7.28466e+01          nan  2.59357e+02          nan  8.41150e+04          nan  1.72287e+00  2.38906e+06 
185  10  7.09719e+01          nan  2.58695e+02          nan  8.74430e+04          nan  2.48675e+00  2.90460e+06 
186  11  7.19003e+01          nan  2.61285e+02          nan  8.33785e+04          nan  1.55000e+00  2.34279e+06 
187  12  6.52995e+01          nan  2.60978e+02          nan  5.39668e+04          nan  6.26131e-01  3.30576e+06 
188  11  7.18674e+01          nan  2.61272e+02          nan  8.24797e+04          nan  1.63421e+00  2.84901e+06 
189  11  7.08515e+01          nan  2.61155e+02          nan  7.68018e+04          nan  3.01246e-01  3.32535e+06 
190  11  6.38079e+01          nan  2.60826e+02          nan  3.48264e+04          nan  1.00000e-01  1.04460e+07 
191  12  7.06469e+01          nan  2.61034e+02          nan  8.50792e+04          nan  1.55000e+00  2.64519e+06 
192  13  7.08125e+01          nan  2.60955e+02          nan  9.53196e+04          nan  2.16325e+00  2.81547e+06 
193  12  7.27224e+01          nan  2.62904e+02          nan  6.96809e+04          nan  4.35499e-01  2.61608e+06 
194   9  6.80570e+01          nan  2.64173e+02          nan  3.42567e+04          nan  2.16301e+00  2.42085e+06 
195  10  6.81520e+01          nan  2.63616e+02          nan  4.95429e+04          nan  2.26907e+00  2.41724e+06 
196  11  7.12366e+01          nan  2.61095e+02          nan  7.49728e+04          nan  2.99342e+00  2.89458e+06 
197  11  7.06713e+01          nan  2.61162e+02          nan  5.81391e+04          nan  1.67033e+00  2.45360e+06 
198  11  7.37568e+01          nan  2.61833e+02          nan  6.63770e+04          nan  1.57896e+00  2.41338e+06 
199  12  7.14225e+01          nan  2.60969e+02          nan  7.74406e+04          nan  1.76073e+00  2.74170e+06 
200  11  6.50744e+01          nan  2.60191e+02          nan  3.22694e+04          nan  1.00031e-01  5.28467e+06 
201   9  6.30695e+01          nan  2.57220e+02          nan  4.13077e+04          nan  1.00000e-01  5.13709e+06 
202   7  7.02670e+01          nan  2.58034e+02          nan  5.26751e+04          nan  5.02006e-01  3.54044e+06 
203  11  7.18600e+01          nan  2.61263e+02          nan  8.63725e+04          nan  1.67730e+00  2.72629e+06 
204  10  7.08348e+01          nan  2.58882e+02          nan  7.09231e+04          nan  5.27628e-01  2.53279e+06 
205  11  6.99499e+01          nan  2.58729e+02          nan  5.08578e+04          nan  1.29348e-01  4.73039e+06 
206  11  7.09419e+01          nan  2.58670e+02          nan  6.19578e+04          nan  1.69855e-01  4.23982e+06 
207   9  5.73962e+01          nan  2.62592e+02          nan  5.98750e+04          nan  4.27519e-01  2.72066e+06 
208  10  6.09536e+01          nan  2.61153e+02          nan  6.93462e+04          nan  1.55000e+00  2.75785e+06 
209  10  7.17821e+01          nan  2.61256e+02          nan  7.85237e+04          nan  1.52540e+00  2.76812e+06 
210   8  7.41796e+01          nan  2.60848e+02          nan  4.54375e+04          nan  1.00003e-01  1.19080e+07 
211  12  7.06027e+01          nan  2.61113e+02          nan  6.65664e+04          nan  1.55000e+00  2.69289e+06 
212  11  7.13122e+01          nan  2.61070e+02          nan  7.08420e+04          nan  6.01267e-01  2.81752e+06 
213  12  8.01955e+01          nan  2.57361e+02          nan  4.49662e+04          nan  1.93439e+00  2.12275e+06 
214  11  7.79609e+01          nan  2.57772e+02          nan  3.67269e+04          nan  1.74854e+00  2.09686e+06 
215  12  7.14801e+01          nan  2.60969e+02          nan  6.92751e+04          nan  1.30678e+00  2.58041e+06 
216  12  7.24940e+01          nan  2.62099e+02          nan  7.60051e+04          nan  1.25945e+00  3.04131e+06 
217   9  7.27529e+01          nan  2.61241e+02          nan  8.53996e+04          nan  1.63909e+00  2.44063e+06 
218  13  7.08506e+01          nan  2.60991e+02          nan  8.40188e+04          nan  1.31002e+00  2.64398e+06 
219   9  6.89452e+01          nan  2.57994e+02          nan  4.46369e+04          nan  1.25178e-01  4.63360e+06 
220  11  7.18116e+01          nan  2.61300e+02          nan  8.23048e+04          nan  7.50165e-01  3.05935e+06 
221  12  7.06393e+01          nan  2.61051e+02          nan  8.61252e+04          nan  8.85930e-01  3.49691e+06 
222  13  7.07977e+01          nan  2.60943e+02          nan  8.62308e+04          nan  1.62786e+00  2.58230e+06 
223  11  7.72747e+01          nan  2.65099e+02          nan  4.40251e+04          nan  1.29314e+00  2.95602e+06 
224  13  6.95206e+01          nan  2.60964e+02          nan  8.11924e+04          nan  1.08194e+00  2.48436e+06 
225  13  7.09588e+01          nan  2.61074e+02          nan  8.01115e+04          nan  7.60130e-01  2.38872e+06 
226  12  7.08848e+01          nan  2.60714e+02          nan  9.64049e+04          nan  9.88923e-01  2.87704e+06 
227  11  6.22906e+01          nan  2.61499e+02          nan  5.48407e+04          nan  8.80082e-01  3.54215e+06 
228  11  6.88644e+01          nan  2.58530e+02          nan  3.19103e+04          nan  1.76250e+00  2.04948e+06 
229  13  7.28013e+01          nan  2.59371e+02          nan  1.00744e+05          nan  8.59599e-01  2.83472e+06 
230  11  7.15824e+01          nan  2.61719e+02          nan  7.54771e+04          nan  1.55000e+00  2.36226e+06 
231  12  7.15103e+01          nan  2.61075e+02          nan  9.32116e+04          nan  1.86155e+00  2.88566e+06 
232  11  7.13074e+01          nan  2.61092e+02          nan  7.68651e+04          nan  1.28682e+00  2.66307e+06 
233  11  7.02043e+01          nan  2.61163e+02          nan  1.05110e+05          nan  1.63144e+00  2.46580e+06 
234  11  6.42724e+01          nan  2.60584e+02          nan  7.50283e+04          nan  6.18061e-01  2.88507e+06 
235  10  6.75386e+01          nan  2.64374e+02          nan  4.76697e+04          nan  1.55000e+00  2.51602e+06 
236  10  7.18073e+01          nan  2.61193e+02          nan  7.41616e+04          nan  1.53086e+00  2.71885e+06 
237  12  7.01423e+01          nan  2.61220e+02          nan  6.53392e+04          nan  5.81613e-01  3.03920e+06 
238  13  7.08187e+01          nan  2.60971e+02          nan  8.18903e+04          nan  9.24468e-01  2.35829e+06 
239  10  7.17814e+01          nan  2.61276e+02          nan  7.70531e+04          nan  1.58183e+00  2.74773e+06 
240  13  7.08307e+01          nan  2.60954e+02          nan  8.52820e+04          nan  1.01610e+00  2.53641e+06 
241  10  6.39693e+01          nan  2.60888e+02          nan  8.21019e+04          nan  1.68101e-01  4.09556e+06 
242  10  7.02260e+01          nan  2.61408e+02          nan  5.80205e+04          nan  3.00000e+00  2.74107e+06 
243  13  7.08851e+01          nan  2.61533e+02          nan  8.30240e+04          nan  2.25856e+00  2.42986e+06 
244  11  7.51823e+01          nan  2.65572e+02          nan  5.38072e+04          nan  2.31429e+00  2.15839e+06 
245  10  6.38212e+01          nan  2.60313e+02          nan  3.91572e+04          nan  1.07601e-01  6.59139e+06 
246  10  7.03501e+01          nan  2.58124e+02          nan  6.73123e+04          nan  1.64443e-01  3.80236e+06 
247  10  7.18310e+01          nan  2.61631e+02          nan  6.80936e+04          nan  2.32165e+00  2.66438e+06 
248  12  7.01025e+01          nan  2.61120e+02          nan  7.74528e+04          nan  3.23098e-01  3.09803e+06 
249  10  7.06513e+01          nan  2.60931e+02          nan  6.46748e+04          nan  3.05017e-01  3.42439e+06 
250  11  6.94187e+01          nan  2.61500e+02          nan  8.09841e+04          nan  7.08904e-01  2.89743e+06 
251  12  7.01895e+01          nan  2.61124e+02          nan  6.50625e+04          nan  3.76137e-01  3.27863e+06 
252  10  7.11882e+01          nan  2.61285e+02          nan  6.93444e+04          nan  1.55000e+00  2.47232e+06 
253  11  6.10144e+01          nan  2.62019e+02          nan  5.12624e+04          nan  1.00193e+00  3.83493e+06 
254   9  8.87340e+01          nan  2.61734e+02          nan  8.43952e+03          nan  1.70705e+00  3.30620e+06 
255  13  7.35756e+01          nan  2.59675e+02          nan  6.76737e+04          nan  1.80007e+00  2.32306e+06 
256   8  8.06701e+01          nan  2.65632e+02          nan  7.16815e+04          nan  1.55000e+00  1.09807e+06 
257  12  7.07693e+01          nan  2.61018e+02          nan  8.14997e+04          nan  8.05718e-01  2.48417e+06 
258  11  6.41298e+01          nan  2.60418e+02          nan  1.09214e+05          nan  1.59812e+00  1.57898e+06 
259  10  7.01651e+01          nan  2.61394e+02          nan  5.49286e+04          nan  1.43553e-01  4.61138e+06 
260  10  6.37639e+01          nan  2.60218e+02          nan  7.50788e+04          nan  1.55000e+00  2.89390e+06 
261  11  6.95153e+01          nan  2.61424e+02          nan  7.56096e+04          nan  2.02436e+00  2.68040e+06 
262  12  6.96925e+01          nan  2.58560e+02          nan  3.60843e+04          nan  1.20763e+00  2.41049e+06 
263  11  7.18634e+01          nan  2.61209e+02          nan  8.55143e+04          nan  3.00000e+00  2.74823e+06 
264  13  7.33871e+01          nan  2.61637e+02          nan  1.09014e+05          nan  1.83209e+00  2.41202e+06 
265  11  7.80303e+01          nan  2.57800e+02          nan  5.10132e+04          nan  1.17626e+00  2.14712e+06 
266  10  7.17667e+01          nan  2.61206e+02          nan  8.20199e+04          nan  4.59290e-01  2.74126e+06 
267  12  7.06064e+01          nan  2.61070e+02          nan  7.35826e+04          nan  2.92396e+00  2.46069e+06 
268   9  7.12813e+01          nan  2.62005e+02          nan  6.09240e+04          nan  1.82335e-01  7.00341e+06 
269  10  6.10317e+01          nan  2.61074e+02          nan  5.68727e+04          nan  1.55000e+00  2.88876e+06 
270  10  7.18074e+01          nan  2.61250e+02          nan  9.30138e+04          nan  1.70292e+00  3.05542e+06 
271  12  6.78425e+01          nan  2.61893e+02          nan  5.96237e+04          nan  6.04532e-01  2.82048e+06 
272  10  7.03265e+01          nan  2.58765e+02          nan  8.36887e+04          nan  8.78505e-01  2.88474e+06 
273   9  6.69352e+01          nan  2.63610e+02          nan  3.19100e+04          nan  2.36081e+00  2.54914e+06 
274  12  7.00843e+01          nan  2.61124e+02          nan  8.20717e+04          nan  3.00000e+00  2.55569e+06 
275  12  7.09470e+01          nan  2.61055e+02          nan  8.72145e+04          nan  1.57710e+00  2.89585e+06 
276  12  7.15070e+01          nan  2.61053e+02          nan  8.51802e+04          nan  2.51046e+00  2.74634e+06 
277   9  7.03331e+01          nan  2.60641e+02          nan  6.42190e+04          nan  3.59485e-01  3.29118e+06 
278  10  6.44951e+01          nan  2.60964e+02          nan  5.95556e+04          nan  5.17183e-01  4.42458e+06 
279  12  7.28159e+01          nan  2.61938e+02          nan  8.26227e+04          nan  1.60020e+00  3.63227e+06 
280  11  7.07856e+01          nan  2.61165e+02          nan  6.27875e+04          nan  3.05347e-01  3.68015e+06 
281  12  6.56797e+01          nan  2.60825e+02          nan  6.40814e+04          nan  7.84481e-01  3.42499e+06 
282  11  7.09026e+01          nan  2.61134e+02          nan  7.53854e+04          nan  1.16670e+00  2.80570e+06 
283   7  6.23487e+01          nan  2.57707e+02          nan  8.79050e+04          nan  1.63913e+00  2.26276e+06 
284  10  7.59074e+01          nan  2.63213e+02          nan  4.40231e+04          nan  2.99990e+00  2.33108e+06 
285  11  7.19528e+01          nan  2.61268e+02          nan  7.54306e+04          nan  2.01452e-01  4.69264e+06 
286   9  6.23984e+01          nan  2.58818e+02          nan  6.04041e+04          nan  1.43857e-01  4.05880e+06 
287  12  7.06362e+01          nan  2.61046e+02          nan  7.26082e+04          nan  1.55000e+00  2.25006e+06 
288  10  7.13654e+01          nan  2.61179e+02          nan  1.56785e+04          nan  1.02706e-01  8.19303e+06 
289   9  6.30420e+01          nan  2.60538e+02          nan  2.93065e+04          nan  1.14683e-01  7.55597e+06 
290  12  7.07034e+01          nan  2.61069e+02          nan  7.00579e+04          nan  9.02926e-01  2.98970e+06 
291   9  7.06923e+01          nan  2.61090e+02          nan  5.89872e+04          nan  1.50498e-01  7.18558e+06 
292  10  6.94837e+01          nan  2.61432e+02          nan  6.22859e+04          nan  1.76990e-01  4.30886e+06 
293   9  6.90176e+01          nan  2.58034e+02          nan  7.30560e+04          nan  1.11475e+00  2.75642e+06 
294   9  6.36879e+01          nan  2.58600e+02          nan  6.01018e+04          nan  1.04360e+00  3.42095e+06 
295  10  7.61510e+01          nan  2.66151e+02          nan  2.82943e+04          nan  1.04840e-01  3.93633e+06 
296  11  7.81068e+01          nan  2.58109e+02          nan  5.91594e+04          nan  1.55000e+00  2.32653e+06 
297  10  7.03700e+01          nan  2.58912e+02          nan  7.22710e+04          nan  1.09265e+00  2.71464e+06 
298  10  6.10015e+01          nan  2.61072e+02          nan  5.61237e+04          nan  3.00000e+00  3.03116e+06 
299  11  7.13789e+01          nan  2.61051e+02          nan  7.62982e+04          nan  1.60624e+00  2.94659e+06 
300  11  7.74227e+01          nan  2.57753e+02          nan  4.55874e+04          nan  7.64729e-01  2.28978e+06 
301  12  7.10790e+01          nan  2.61032e+02          nan  7.53258e+04          nan  1.24591e+00  2.66805e+06 
302  11  7.07597e+01          nan  2.61084e+02          nan  5.07881e+04          nan  1.00000e-01  1.15290e+07 
303  10  6.15985e+01          nan  2.60697e+02          nan  7.33883e+04          nan  1.57804e+00  2.68798e+06 
304   7  4.98183e+01          nan  2.57352e+02          nan  4.04346e+04          nan  8.53842e-01  4.01584e+06 
305  11  7.02399e+01          nan  2.58044e+02          nan  7.22625e+04          nan  2.46641e-01  3.03251e+06 
306  11  7.18520e+01          nan  2.61236e+02          nan  8.46260e+04          nan  4.35814e-01  3.58920e+06 
307  10  7.09706e+01          nan  2.58582e+02          nan  6.55812e+04          nan  1.55000e+00  2.41553e+06 
308  12  7.14506e+01          nan  2.61026e+02          nan  8.19255e+04          nan  1.86340e+00  2.59155e+06 
309  11  7.00648e+01          nan  2.58729e+02          nan  7.37195e+04          nan  1.80852e+00  2.71284e+06 
310  13  7.07938e+01          nan  2.60952e+02          nan  7.45116e+04          nan  1.80949e+00  2.58220e+06 
311  11  6.81227e+01          nan  2.63582e+02          nan  3.34283e+04          nan  2.05535e+00  2.40906e+06 
312  10  6.38125e+01          nan  2.60308e+02          nan  2.78455e+04          nan  1.00359e-01  4.81845e+06 
313  11  6.89339e+01          nan  2.60779e+02          nan  3.90190e+04          nan  1.55000e+00  2.08699e+06 
314  11  6.41016e+01          nan  2.60464e+02          nan  6.62910e+04          nan  1.30271e-01  5.44252e+06 
315  11  6.41596e+01          nan  2.60508e+02          nan  8.21190e+04          nan  1.55000e+00  2.35978e+06 
