0  13  6.83987e-01
1  11  1.78599e-03
2  10  1.62506e-03
3  10  1.69492e-03
4  11  1.65296e-03
5  11  1.48988e-03
6  10  1.35279e-03
7  11  1.64795e-03
8  10  1.65200e-03
9  11  1.49107e-03
10  10  1.43814e-03
11  11  1.89614e-03
12  12  1.95980e-03
13   9  1.70875e-03
14  11  1.86205e-03
15   9  1.46008e-03
16  10  1.54519e-03
17   7  1.22404e-03
18  12  1.77026e-03
19  11  1.84774e-03
20  11  1.73998e-03
21   8  1.31488e-03
22  12  2.11716e-03
23   9  1.32895e-03
24  10  1.46699e-03
25  11  1.50108e-03
26  10  1.83511e-03
27  11  1.65892e-03
28  10  1.64104e-03
29  11  1.60813e-03
30  13  1.86324e-03
31  11  1.79720e-03
32   8  1.27578e-03
33  12  2.01821e-03
34  12  1.53494e-03
35   9  1.38211e-03
36  10  1.85394e-03
37  13  1.74069e-03
38  10  1.62315e-03
39   9  1.28675e-03
40  11  1.78313e-03
41  12  2.00319e-03
42  12  1.60265e-03
43  11  1.79410e-03
44  11  1.25170e-03
45  10  1.62005e-03
46  13  1.50180e-03
47  10  1.54233e-03
48  11  1.94502e-03
49   9  1.93262e-03
50  10  1.33514e-03
51  13  2.08783e-03
52  13  1.80888e-03
53   9  1.70422e-03
54  10  1.70112e-03
55  12  1.86419e-03
56  10  1.42694e-03
57  11  1.86801e-03
58  12  1.87802e-03
59   9  1.57428e-03
60  11  1.88589e-03
61  12  2.08497e-03
62  10  1.34492e-03
63   9  1.39189e-03
64  10  1.78695e-03
65   9  1.39403e-03
66  12  1.83773e-03
67  12  1.78003e-03
68  11  1.71709e-03
69  10  1.56784e-03
70  10  1.23692e-03
71  11  1.59287e-03
72  12  1.60909e-03
73  11  1.88279e-03
74  13  1.88804e-03
75   9  1.56522e-03
76  10  1.70016e-03
77  11  1.66607e-03
78  11  1.74904e-03
79   8  1.73688e-03
80  12  1.94526e-03
81   7  1.45984e-03
82  11  1.50704e-03
83  13  2.23112e-03
84  10  1.70779e-03
85  11  1.78194e-03
86  11  2.00987e-03
87   9  1.52302e-03
88   9  1.67823e-03
89  10  1.72329e-03
90   9  1.59907e-03
91  11  1.86205e-03
92  11  2.27094e-03
93   7  1.46413e-03
94  12  1.78504e-03
95  11  2.29359e-03
96  12  2.15602e-03
97  11  1.68705e-03
98  10  1.64199e-03
99  10  1.46604e-03
100  11  2.28596e-03
101  11  1.97387e-03
102  12  2.04682e-03
103  12  1.83821e-03
104  10  1.31607e-03
105  10  1.55497e-03
106  12  1.70898e-03
107  11  1.70016e-03
108  11  1.70684e-03
109  10  1.85990e-03
110  12  1.85299e-03
111  12  1.87016e-03
112  12  1.54495e-03
113  11  1.90687e-03
114   9  1.45292e-03
115  11  1.88804e-03
116  11  2.01178e-03
117  12  1.46198e-03
118  11  2.38895e-03
119  11  1.85990e-03
120  10  1.69492e-03
121  10  1.63102e-03
122  10  1.76311e-03
123  13  2.33126e-03
124  12  1.80411e-03
125  10  1.82986e-03
126  12  2.11978e-03
127   8  1.42479e-03
128  10  1.75500e-03
129   8  1.36089e-03
130  10  1.71113e-03
131  11  2.05207e-03
132  13  2.09880e-03
133  11  1.67990e-03
134  12  1.81794e-03
135  10  1.71924e-03
136  13  2.47788e-03
137  11  1.77693e-03
138  11  1.66583e-03
139   9  2.08092e-03
140   9  1.86801e-03
141  10  1.92785e-03
142  10  1.78480e-03
143  13  1.88708e-03
144   9  1.81293e-03
145  12  2.30312e-03
146  14  2.49696e-03
147  11  2.12193e-03
148  11  1.91188e-03
149  13  2.02918e-03
150  10  1.62387e-03
151  11  2.03395e-03
152   9  1.82390e-03
153   9  1.70898e-03
154  11  1.43194e-03
155  11  1.72091e-03
156  12  1.75834e-03
157   9  1.59192e-03
158   9  1.62387e-03
159  13  1.71089e-03
160  11  1.51014e-03
161  12  2.31290e-03
162  15  2.59924e-03
163  12  1.88327e-03
164  11  1.71018e-03
165  10  1.60694e-03
166  10  1.85204e-03
167  12  1.92404e-03
168  12  1.90902e-03
169   8  1.65105e-03
170  11  1.74117e-03
171   9  1.73593e-03
172  11  1.45984e-03
173  10  1.65796e-03
174  11  1.78099e-03
175  12  1.74379e-03
176   8  1.71280e-03
177  10  1.83082e-03
178  10  1.63388e-03
179  13  2.31504e-03
180  10  1.67108e-03
181  11  1.67012e-03
182   9  1.22595e-03
183  12  2.13623e-03
184  13  2.00200e-03
185  10  1.80006e-03
186  11  1.91808e-03
187  12  1.90902e-03
188  11  2.10595e-03
189  11  2.04277e-03
190  11  1.78790e-03
191  12  2.17009e-03
192  13  2.14624e-03
193  12  2.03896e-03
194   9  1.96719e-03
195  10  1.55616e-03
196  11  1.96195e-03
197  11  1.98603e-03
198  11  2.04206e-03
199  12  1.74785e-03
200  11  1.46627e-03
201   9  9.59873e-04
202   7  1.40595e-03
203  11  3.12710e-03
204  10  1.71304e-03
205  11  2.07424e-03
206  11  1.46675e-03
207   9  1.52516e-03
208  10  1.48296e-03
209  10  1.86396e-03
210   8  1.78885e-03
211  12  1.82080e-03
212  11  1.93477e-03
213  12  2.22993e-03
214  11  1.89710e-03
215  12  2.02203e-03
216  12  1.96218e-03
217   9  1.51920e-03
218  13  2.15673e-03
219   9  1.76811e-03
220  11  1.77789e-03
221  12  1.79887e-03
222  13  1.54400e-03
223  11  1.63603e-03
224  13  2.16317e-03
225  13  2.14195e-03
226  12  2.39086e-03
227  11  1.90496e-03
228  11  1.81508e-03
229  13  2.06113e-03
230  11  1.91402e-03
231  12  2.38276e-03
232  11  2.03180e-03
233  11  2.06017e-03
234  11  1.81222e-03
235  10  1.80006e-03
236  10  1.73712e-03
237  12  1.95909e-03
238  13  1.84107e-03
239  10  2.00701e-03
240  13  2.71726e-03
241  10  1.85895e-03
242  10  2.08211e-03
243  13  2.22325e-03
244  11  1.52683e-03
245  10  1.59597e-03
246  10  2.12789e-03
247  10  2.35891e-03
248  12  2.11620e-03
249  10  1.69325e-03
250  11  1.79386e-03
251  12  1.98388e-03
252  10  1.72400e-03
253  11  1.88112e-03
254   9  1.56283e-03
255  13  2.41780e-03
256   8  1.62101e-03
257  12  2.11811e-03
258  11  1.94693e-03
259  10  1.67012e-03
260  10  1.63198e-03
261  11  1.95026e-03
262  12  1.96362e-03
263  11  1.85776e-03
264  13  2.16079e-03
265  11  1.94216e-03
266  10  1.67990e-03
267  12  1.62697e-03
268   9  1.67775e-03
269  10  1.45912e-03
270  10  1.71876e-03
271  12  1.97387e-03
272  10  2.07305e-03
273   9  1.51777e-03
274  12  1.61910e-03
275  12  1.96767e-03
276  12  1.59693e-03
277   9  1.74117e-03
278  10  1.81913e-03
279  12  1.82128e-03
280  11  1.82676e-03
281  12  2.15197e-03
282  11  1.83392e-03
283   7  1.63794e-03
284  10  1.74594e-03
285  11  2.22611e-03
286   9  1.56307e-03
287  12  1.88637e-03
288  10  2.01607e-03
289   9  1.63388e-03
290  12  2.02608e-03
291   9  1.55687e-03
292  10  1.91307e-03
293   9  1.96409e-03
294   9  1.87278e-03
295  10  1.78719e-03
296  11  1.59502e-03
297  10  1.72496e-03
298  10  1.90687e-03
299  11  1.84608e-03
300  11  1.71971e-03
301  12  1.93310e-03
302  11  2.47025e-03
303  10  1.73712e-03
304   7  1.42479e-03
305  11  1.92308e-03
306  11  1.91522e-03
307  10  1.79410e-03
308  12  1.55592e-03
309  11  1.74999e-03
310  13  2.37799e-03
311  11  1.72520e-03
312  10  1.81198e-03
313  11  1.61791e-03
314  11  2.19297e-03
315  11  2.28500e-03
316  10  1.90616e-03
317   9  1.45102e-03
318  10  1.92690e-03
319  11  1.95408e-03
320  11  1.86491e-03
321  10  1.83415e-03
322  11  1.57213e-03
323  10  1.85704e-03
324   9  1.61815e-03
325  10  1.96600e-03
326  10  1.86610e-03
327  11  1.69897e-03
328  10  2.04110e-03
329  10  1.63412e-03
330  12  1.98817e-03
331  10  2.02084e-03
332  13  2.04515e-03
333   8  1.66392e-03
334  10  1.52206e-03
335  12  1.96409e-03
336  10  1.89710e-03
337  10  1.71018e-03
338  12  2.00391e-03
339  10  1.68395e-03
340   9  1.85823e-03
341  10  1.55687e-03
342  10  1.87898e-03
343  12  1.75929e-03
344  13  2.31385e-03
345  10  1.87516e-03
346   9  1.70279e-03
347  12  2.09713e-03
348  10  1.48416e-03
349  12  1.57332e-03
350  10  1.98293e-03
351  10  1.98889e-03
352  11  1.97411e-03
353  11  1.81913e-03
354  10  1.86968e-03
355  10  1.96290e-03
356  11  2.17605e-03
357  12  1.88208e-03
358  11  1.88994e-03
359  12  2.38585e-03
360  10  1.50871e-03
361   9  1.79410e-03
362  12  2.50006e-03
363  10  1.99127e-03
364   9  1.86515e-03
365   9  1.52707e-03
366  12  2.15101e-03
367  10  1.53208e-03
368  13  2.05302e-03
369  10  1.66726e-03
370   9  1.89996e-03
371  11  1.99199e-03
372  11  1.62005e-03
0  13  7.45920e-01
1  11  1.62196e-03
2  10  1.38521e-03
3  10  1.51491e-03
4  11  1.72591e-03
5  11  1.63102e-03
6  10  1.40715e-03
7  11  1.58000e-03
8  10  1.79100e-03
9  11  1.70398e-03
10  10  1.60813e-03
11  11  1.96624e-03
12  12  1.87016e-03
13   9  1.55210e-03
14  11  1.77479e-03
15   9  1.47200e-03
16  10  1.60217e-03
17   7  1.36876e-03
18  12  1.64986e-03
19  11  1.70588e-03
20  11  1.91903e-03
21   8  1.45388e-03
22  12  2.20275e-03
23   9  1.45507e-03
24  10  1.62101e-03
25  11  1.56903e-03
26  10  1.98102e-03
27  11  1.78099e-03
28  10  1.69706e-03
29  11  1.66297e-03
30  13  1.88899e-03
31  11  1.67513e-03
32   8  1.15204e-03
33  12  1.95599e-03
34  12  1.49894e-03
35   9  1.35779e-03
36  10  1.87492e-03
37  13  2.02274e-03
38  10  1.68300e-03
39   9  1.35398e-03
40  11  1.62697e-03
41  12  1.98817e-03
42  12  1.71709e-03
43  11  1.90997e-03
44  11  1.48606e-03
45  10  1.69230e-03
46  13  1.63293e-03
47  10  1.70016e-03
48  11  2.03705e-03
49   9  2.31481e-03
50  10  1.53685e-03
51  13  2.04992e-03
52  13  1.82295e-03
53   9  1.83415e-03
54  10  1.94597e-03
55  12  1.98984e-03
56  10  1.32585e-03
57  11  1.71423e-03
58  12  2.00891e-03
59   9  1.58715e-03
60  11  2.01702e-03
61  12  2.25210e-03
62  10  1.34706e-03
63   9  1.35398e-03
64  10  1.69492e-03
65   9  1.54877e-03
66  12  2.06280e-03
67  12  1.65820e-03
68  11  1.88017e-03
69  10  1.63412e-03
70  10  1.40190e-03
71  11  1.88828e-03
72  12  1.70207e-03
73  11  1.66488e-03
74  13  1.81985e-03
75   9  1.60193e-03
76  10  1.87182e-03
77  11  1.86133e-03
78  11  1.90020e-03
79   8  1.68014e-03
80  12  1.94931e-03
81   7  1.44672e-03
82  11  1.42789e-03
83  13  2.19393e-03
84  10  1.76740e-03
85  11  1.82986e-03
86  11  2.01917e-03
87   9  1.50275e-03
88   9  1.75524e-03
89  10  1.77312e-03
90   9  1.48678e-03
91  11  1.67608e-03
92  11  2.13623e-03
93   7  1.39713e-03
94  12  2.12383e-03
95  11  2.22898e-03
96  12  2.10285e-03
97  11  1.74475e-03
98  10  1.87302e-03
99  10  1.64914e-03
100  11  2.25496e-03
101  11  2.13790e-03
102  12  2.13218e-03
103  12  1.81699e-03
104  10  1.27983e-03
105  10  1.48511e-03
106  12  2.00295e-03
107  11  1.87111e-03
108  11  1.57690e-03
109  10  1.84703e-03
110  12  2.01797e-03
111  12  2.01201e-03
112  12  1.66869e-03
113  11  2.06518e-03
114   9  1.49679e-03
115  11  1.85204e-03
116  11  1.87612e-03
117  12  1.43719e-03
118  11  2.35796e-03
119  11  1.77789e-03
120  10  1.66702e-03
121  10  1.70708e-03
122  10  1.90997e-03
123  13  2.24686e-03
124  12  1.81580e-03
125  10  1.68705e-03
126  12  2.35081e-03
127   8  1.59311e-03
128  10  1.71804e-03
129   8  1.43409e-03
130  10  1.81794e-03
131  11  2.03419e-03
132  13  2.12598e-03
133  11  1.64390e-03
134  12  1.72067e-03
135  10  1.91832e-03
136  13  2.58589e-03
137  11  1.85490e-03
138  11  1.87016e-03
139   9  1.95789e-03
140   9  1.91593e-03
141  10  1.98483e-03
142  10  2.00915e-03
143  13  1.95527e-03
144   9  1.81007e-03
145  12  2.08712e-03
146  14  2.60782e-03
147  11  2.02584e-03
148  11  1.83988e-03
149  13  1.95503e-03
150  10  1.72019e-03
151  11  1.98293e-03
152   9  1.76597e-03
153   9  1.71685e-03
154  11  1.61314e-03
155  11  1.87302e-03
156  12  1.66416e-03
157   9  1.60313e-03
158   9  1.64318e-03
159  13  1.74689e-03
160  11  1.48487e-03
161  12  2.24090e-03
162  15  2.58493e-03
163  12  2.24900e-03
164  11  1.88303e-03
165  10  1.79315e-03
166  10  1.81985e-03
167  12  1.93310e-03
168  12  2.04873e-03
169   8  1.80411e-03
170  11  1.91307e-03
171   9  1.98579e-03
172  11  1.46508e-03
173  10  1.58310e-03
174  11  1.98388e-03
175  12  1.88494e-03
176   8  1.63007e-03
177  10  1.59192e-03
178  10  1.45411e-03
179  13  2.19798e-03
180  10  1.72091e-03
181  11  1.84131e-03
182   9  1.27196e-03
183  12  1.94788e-03
184  13  1.97768e-03
185  10  1.69611e-03
186  11  2.20299e-03
187  12  2.08068e-03
188  11  2.09475e-03
189  11  1.91808e-03
190  11  1.74403e-03
191  12  2.14601e-03
192  13  2.17295e-03
193  12  2.25997e-03
194   9  1.91402e-03
195  10  1.60789e-03
196  11  2.27785e-03
197  11  1.95408e-03
198  11  2.01797e-03
199  12  1.92308e-03
200  11  1.65081e-03
201   9  1.06502e-03
202   7  1.43003e-03
203  11  2.99907e-03
204  10  1.90687e-03
205  11  2.00820e-03
206  11  1.57094e-03
207   9  1.62578e-03
208  10  1.41191e-03
209  10  1.79195e-03
210   8  1.76692e-03
211  12  1.80602e-03
212  11  1.86586e-03
213  12  2.07114e-03
214  11  2.03586e-03
215  12  1.89519e-03
216  12  1.84202e-03
217   9  1.49417e-03
218  13  2.21992e-03
219   9  1.84798e-03
220  11  1.75714e-03
221  12  2.10595e-03
222  13  1.77407e-03
223  11  1.78790e-03
224  13  2.18391e-03
225  13  2.21109e-03
226  12  2.33698e-03
227  11  1.74332e-03
228  11  1.93000e-03
229  13  2.42186e-03
230  11  1.82700e-03
231  12  2.09904e-03
232  11  1.94788e-03
233  11  2.07591e-03
234  11  1.90711e-03
235  10  1.79791e-03
236  10  1.76811e-03
237  12  1.97387e-03
238  13  1.91593e-03
239  10  2.09785e-03
240  13  2.67315e-03
241  10  1.75309e-03
242  10  2.03490e-03
243  13  2.18296e-03
244  11  1.65296e-03
245  10  1.44315e-03
246  10  1.89400e-03
247  10  1.92308e-03
248  12  1.87016e-03
249  10  1.69706e-03
250  11  1.92094e-03
251  12  1.85513e-03
252  10  1.70708e-03
253  11  1.94001e-03
254   9  1.77002e-03
255  13  2.44784e-03
256   8  1.55520e-03
257  12  2.22778e-03
258  11  1.76883e-03
259  10  1.85299e-03
260  10  1.77884e-03
261  11  1.90687e-03
262  12  2.07591e-03
263  11  1.82605e-03
264  13  2.29120e-03
265  11  2.04396e-03
266  10  1.51396e-03
267  12  1.58119e-03
268   9  1.59788e-03
269  10  1.52206e-03
270  10  1.92189e-03
271  12  2.05684e-03
272  10  1.81103e-03
273   9  1.49822e-03
274  12  1.79696e-03
275  12  2.16985e-03
276  12  1.72901e-03
277   9  1.74904e-03
278  10  1.82486e-03
279  12  1.91283e-03
280  11  2.03919e-03
281  12  2.39730e-03
282  11  1.94621e-03
283   7  1.60885e-03
284  10  1.76001e-03
285  11  2.38895e-03
286   9  1.73497e-03
287  12  1.95694e-03
288  10  1.85776e-03
289   9  1.62721e-03
290  12  1.97101e-03
291   9  1.74594e-03
292  10  2.02823e-03
293   9  1.81103e-03
294   9  1.95098e-03
295  10  1.81603e-03
296  11  1.73092e-03
297  10  1.79362e-03
298  10  1.91593e-03
299  11  1.72901e-03
300  11  1.71423e-03
301  12  2.07996e-03
302  11  2.49910e-03
303  10  1.67727e-03
304   7  1.34897e-03
305  11  1.83892e-03
306  11  2.03323e-03
307  10  1.83320e-03
308  12  1.62578e-03
309  11  1.84393e-03
310  13  2.26092e-03
311  11  1.69921e-03
312  10  1.83463e-03
313  11  1.63364e-03
314  11  2.29001e-03
315  11  2.04992e-03
316  10  1.95312e-03
317   9  1.50394e-03
318  10  2.00987e-03
319  11  1.94001e-03
320  11  1.84393e-03
321  10  1.93596e-03
322  11  1.72901e-03
323  10  1.95217e-03
324   9  1.50180e-03
325  10  2.19202e-03
326  10  2.09498e-03
327  11  1.90878e-03
328  10  1.87397e-03
329  10  1.61099e-03
330  12  1.97482e-03
331  10  2.03705e-03
332  13  2.11191e-03
333   8  1.62101e-03
334  10  1.55759e-03
335  12  2.01774e-03
336  10  1.88804e-03
337  10  1.70970e-03
338  12  2.01297e-03
339  10  1.85204e-03
340   9  1.85800e-03
341  10  1.58286e-03
342  10  1.88088e-03
343  12  1.81794e-03
344  13  2.45500e-03
345  10  1.94788e-03
346   9  1.83201e-03
347  12  2.22015e-03
348  10  1.55401e-03
349  12  1.58525e-03
350  10  2.06804e-03
351  10  2.32697e-03
352  11  2.06804e-03
353  11  1.70708e-03
354  10  2.02918e-03
355  10  2.16103e-03
356  11  2.19202e-03
357  12  1.86300e-03
358  11  1.90902e-03
359  12  2.79689e-03
360  10  1.70493e-03
361   9  1.94788e-03
362  12  2.42996e-03
363  10  2.17295e-03
364   9  1.84703e-03
365   9  1.49488e-03
366  12  2.21300e-03
367  10  1.65105e-03
368  13  2.25782e-03
369  10  2.66504e-03
370   9  1.86276e-03
371  11  2.16699e-03
372  11  1.87302e-03
