0  14  9.00000e+01  3.24689e-01  2.90006e+02 7.43194696e-02  1.86759e+06          inf 
1  11  7.01663e+01  1.91384e-01  2.61227e+02 1.10253378e-01  1.68174e+05          inf 
2  10  7.19229e+01  2.15473e-01  2.61302e+02 1.11517082e-01  1.52204e+05          inf 
3  10  7.12376e+01  2.42482e-01  2.61271e+02 1.10153755e-01  1.52999e+05          inf 
4  11  6.96459e+01  1.89902e-01  2.61455e+02 1.12947080e-01  1.66714e+05          inf 
5  11  7.07634e+01  2.07835e-01  2.61254e+02 1.05032051e-01  1.67762e+05          inf 
6  10  6.38395e+01  1.66856e-01  2.60324e+02 1.17210565e-01  9.62073e+04          inf 
7  11  6.21239e+01  1.55068e-01  2.61181e+02 1.12212408e-01  9.88870e+04          inf 
8  10  7.01446e+01  2.02001e-01  2.58851e+02 1.21374453e-01  1.36827e+05          inf 
9  11  7.09435e+01  1.74240e-01  2.58727e+02 1.19528976e-01  1.50716e+05          inf 
10  10  7.12815e+01  2.43103e-01  2.61350e+02 1.10097735e-01  1.52289e+05          inf 
11  11  6.99885e+01  1.76070e-01  2.58812e+02 1.21055954e-01  1.50336e+05          inf 
12  12  7.01265e+01  1.77143e-01  2.61194e+02 1.05452911e-01  1.82773e+05          inf 
13   9  7.20519e+01  2.68062e-01  2.60741e+02 1.14359058e-01  1.28250e+05          inf 
14  11  7.00912e+01  1.90664e-01  2.61180e+02 1.10318014e-01  1.70621e+05          inf 
15   9  7.06512e+01  2.95100e-01  2.61430e+02 1.15112722e-01  1.35763e+05          inf 
16  10  7.01295e+01  2.36289e-01  2.61454e+02 1.13589324e-01  1.52349e+05          inf 
17   7  5.67403e+01  2.73047e-01  2.65685e+02 1.55746121e-01  3.47639e+04          inf 
18  12  7.00606e+01  1.76586e-01  2.61232e+02 1.05493119e-01  1.83446e+05          inf 
19  11  6.94912e+01  1.88478e-01  2.61541e+02 1.13063323e-01  1.67664e+05          inf 
20  11  7.06439e+01  1.76590e-01  2.61393e+02 1.12501044e-01  1.67276e+05          inf 
21   8  6.88795e+01  2.77889e-01  2.63218e+02 1.35265396e-01  1.15116e+05          inf 
22  12  7.00714e+01  1.76680e-01  2.61252e+02 1.05483887e-01  1.82804e+05          inf 
23   9  5.93487e+01  1.93372e-01  2.60438e+02 1.22417342e-01  7.58367e+04          inf 
24  10  7.11911e+01  2.41994e-01  2.61363e+02 1.10156099e-01  1.52450e+05          inf 
25  11  7.05097e+01  1.82503e-01  2.61596e+02 1.07655490e-01  1.65631e+05          inf 
26  10  6.23302e+01  1.56350e-01  2.59192e+02 1.28479351e-01  7.93851e+04          inf 
27  11  7.18563e+01  1.99699e-01  2.61267e+02 1.09354814e-01  1.68579e+05          inf 
28  10  7.00424e+01  1.70368e-01  2.58142e+02 1.34825647e-01  1.36643e+05          inf 
29  11  6.21136e+01  1.55015e-01  2.61180e+02 1.12223154e-01  9.81801e+04          inf 
30  13  7.08123e+01  1.61216e-01  2.60990e+02 1.02752712e-01  2.00895e+05          inf 
31  11  7.20075e+01  2.01381e-01  2.61312e+02 1.09235293e-01  1.66315e+05          inf 
32   8  6.83609e+01  2.54663e-01  2.64672e+02 1.38885399e-01  5.64623e+04          inf 
33  12  7.00508e+01  1.76498e-01  2.61137e+02 1.05509178e-01  1.84907e+05          inf 
34  12  7.15430e+01  1.80914e-01  2.61061e+02 1.02562441e-01  1.81533e+05          inf 
35   9  6.74616e+01  2.85202e-01  2.58929e+02 1.19674513e-01  6.45641e+04          inf 
36  10  7.80415e+01  3.12386e-01  2.58084e+02 1.15129273e-01  9.64744e+04          inf 
37  13  7.07799e+01  1.60955e-01  2.60989e+02 1.02773813e-01  2.01833e+05          inf 
38  10  7.11519e+01  2.41452e-01  2.61292e+02 1.10206190e-01  1.53474e+05          inf 
39   9  7.33000e+01  2.90054e-01  2.62160e+02 1.14015522e-01  1.32475e+05          inf 
40  11  7.58003e+01  1.87494e-01  2.58323e+02 9.45136173e-02  1.52873e+05          inf 
41  12  7.07176e+01  1.67204e-01  2.61090e+02 1.06815217e-01  1.83958e+05          inf 
42  12  7.01004e+01  1.76927e-01  2.61243e+02 1.05465445e-01  1.83943e+05          inf 
43  11  7.07428e+01  1.77644e-01  2.61123e+02 1.11837318e-01  1.68853e+05          inf 
44  11  7.19405e+01  2.00653e-01  2.61305e+02 1.09283127e-01  1.68089e+05          inf 
45  10  7.12433e+01  2.42618e-01  2.61330e+02 1.10130695e-01  1.50979e+05          inf 
46  13  7.07570e+01  1.60740e-01  2.60938e+02 1.02798874e-01  1.99927e+05          inf 
47  10  7.42103e+01  2.10711e-01  2.63572e+02 1.36934909e-01  9.62062e+04          inf 
48  11  7.13567e+01  1.90294e-01  2.61012e+02 1.06424954e-01  1.68478e+05          inf 
49   9  6.77963e+01  2.15200e-01  2.64442e+02 1.28986195e-01  6.37184e+04          inf 
50  10  7.29793e+01  1.94566e-01  2.59286e+02 1.04885029e-01  1.48797e+05          inf 
51  13  7.07736e+01  1.60933e-01  2.61031e+02 1.02769031e-01  1.99434e+05          inf 
52  13  7.92471e+01  2.74024e-01  2.58714e+02 1.00659396e-01  1.33480e+05          inf 
53   9  7.05467e+01  2.93611e-01  2.61357e+02 1.15186548e-01  1.37252e+05          inf 
54  10  6.40560e+01  1.54833e-01  2.60239e+02 1.09166906e-01  8.27283e+04          inf 
55  12  7.00962e+01  1.76892e-01  2.61213e+02 1.05471175e-01  1.84110e+05          inf 
56  10  6.11008e+01  1.75082e-01  2.61029e+02 1.13330790e-01  8.80162e+04          inf 
57  11  7.19163e+01  2.00258e-01  2.61214e+02 1.09335595e-01  1.65937e+05          inf 
58  12  7.14060e+01  1.79671e-01  2.61105e+02 1.02637484e-01  1.84260e+05          nan 
59   9  6.82600e+01  1.71894e-01  2.61626e+02 1.40672822e-01  5.43678e+04          inf 
60  11  6.95860e+01  1.89415e-01  2.61398e+02 1.12985715e-01  1.67772e+05          inf 
61  12  7.07261e+01  1.67277e-01  2.61094e+02 1.06809184e-01  1.83810e+05          inf 
62  10  8.11476e+01  4.64931e-01  2.66027e+02 1.19383959e-01  9.99045e+04          inf 
63   9  5.76043e+01  1.92268e-01  2.62535e+02 1.27254274e-01  7.17311e+04          inf 
64  10  7.01628e+01  1.97437e-01  2.61681e+02 1.14277886e-01  1.51160e+05          inf 
65   9  6.86912e+01  2.17730e-01  2.58013e+02 1.38253241e-01  1.21414e+05          inf 
66  12  7.14893e+01  1.80437e-01  2.61090e+02 1.02589085e-01  1.82765e+05          inf 
67  12  7.14188e+01  1.79750e-01  2.61053e+02 1.02642091e-01  1.83421e+05          inf 
68  11  6.42241e+01  1.55959e-01  2.60595e+02 1.08535176e-01  1.06028e+05          inf 
69  10  7.01689e+01  2.02239e-01  2.58773e+02 1.21364354e-01  1.34757e+05          inf 
70  10  7.01499e+01  1.97283e-01  2.61746e+02 1.14288222e-01  1.48628e+05          inf 
71  11  6.45282e+01  1.47799e-01  2.61059e+02 1.18835683e-01  1.04726e+05          inf 
72  12  7.14572e+01  1.80138e-01  2.61092e+02 1.02608659e-01  1.83618e+05          inf 
73  11  7.06654e+01  1.66619e-01  2.58625e+02 1.22844764e-01  1.48695e+05          inf 
74  13  7.08403e+01  1.61462e-01  2.61017e+02 1.02729123e-01  2.00287e+05          inf 
75   9  6.16566e+01  1.81762e-01  2.61503e+02 1.15549783e-01  7.62804e+04          inf 
76  10  6.83700e+01  1.98127e-01  2.58317e+02 1.12725644e-01  6.11931e+04          inf 
77  11  7.54543e+01  2.38918e-01  2.65636e+02 1.20407313e-01  1.13648e+05          inf 
78  11  7.18482e+01  1.99539e-01  2.61214e+02 1.09381541e-01  1.68538e+05          inf 
79   8  7.62992e+01  4.22913e-01  2.66855e+02 1.32003354e-01  7.77518e+04          inf 
80  12  7.00700e+01  1.76671e-01  2.61210e+02 1.05489063e-01  1.83019e+05          nan 
81   7  6.58994e+01  3.03449e-01  2.59157e+02 1.37794159e-01  4.78635e+04          inf 
82  11  7.01338e+01  1.91099e-01  2.61234e+02 1.10274955e-01  1.68948e+05          inf 
83  13  7.08493e+01  1.61471e-01  2.60915e+02 1.02744281e-01  1.97061e+05          inf 
84  10  7.11938e+01  2.41988e-01  2.61304e+02 1.10173400e-01  1.52761e+05          inf 
85  11  7.22288e+01  1.87356e-01  2.56755e+02 1.28315515e-01  1.57097e+05          inf 
86  11  7.65680e+01  2.54426e-01  2.57756e+02 1.14687067e-01  1.06896e+05          inf 
87   9  8.06906e+01  4.16569e-01  2.57381e+02 1.11971010e-01  7.75677e+04          inf 
88   9  5.74953e+01  1.91685e-01  2.62553e+02 1.27412080e-01  7.09810e+04          inf 
89  10  6.09833e+01  1.74445e-01  2.61118e+02 1.13450665e-01  8.77163e+04          inf 
90   9  6.38726e+01  1.65395e-01  2.61476e+02 1.26092035e-01  8.42937e+04          inf 
91  11  7.06763e+01  2.06943e-01  2.61175e+02 1.05096415e-01  1.68152e+05          inf 
92  11  7.14177e+01  1.90905e-01  2.61047e+02 1.06381691e-01  1.65641e+05          inf 
93   7  8.46875e+01  1.26174e+00  2.61519e+02 1.13159360e-01  9.23364e+04          inf 
94  12  7.01059e+01  1.76970e-01  2.61095e+02 1.05476387e-01  1.82212e+05          inf 
95  11  7.07473e+01  2.07674e-01  2.61143e+02 1.05053955e-01  1.68654e+05          inf 
96  12  7.00353e+01  1.76375e-01  2.61158e+02 1.05517496e-01  1.83256e+05          nan 
97  11  6.94852e+01  1.88516e-01  2.61420e+02 1.13059265e-01  1.67534e+05          inf 
98  10  7.12464e+01  2.42681e-01  2.61346e+02 1.10123571e-01  1.51531e+05          inf 
99  10  9.00000e+01  1.59123e+01  2.62284e+02 2.64448397e-01  4.65428e+04          inf 
100  11  7.07342e+01  2.07538e-01  2.61141e+02 1.05062593e-01  1.67359e+05          inf 
101  11  7.76059e+01  2.85328e-01  2.57759e+02 1.12346845e-01  1.06537e+05          inf 
102  12  7.10188e+01  1.72067e-01  2.61101e+02 1.08682012e-01  1.82944e+05          inf 
103  12  7.14624e+01  1.80127e-01  2.61009e+02 1.02625103e-01  1.82799e+05          inf 
104  10  7.01880e+01  2.37035e-01  2.61390e+02 1.13538334e-01  1.51756e+05          inf 
105  10  6.14093e+01  1.64040e-01  2.60696e+02 1.18546151e-01  8.86228e+04          inf 
106  12  6.44771e+01  1.44470e-01  2.60551e+02 1.07885937e-01  1.15279e+05          nan 
107  11  6.22455e+01  1.55684e-01  2.61079e+02 1.12095890e-01  9.81090e+04          inf 
108  11  8.16142e+01  4.19825e-01  2.52809e+02 1.28678576e-01  5.26657e+04          inf 
109  10  7.30851e+01  2.22223e-01  2.62104e+02 1.14185808e-01  1.48300e+05          inf 
110  12  7.14031e+01  1.68291e-01  2.61959e+02 1.11991504e-01  1.78010e+05          nan 
111  12  7.07638e+01  1.67591e-01  2.61072e+02 1.06787230e-01  1.82269e+05          inf 
112  12  8.07007e+01  3.73549e-01  2.62810e+02 1.01277996e-01  1.51981e+05          inf 
113  11  6.43271e+01  1.56488e-01  2.60511e+02 1.08461930e-01  1.06078e+05          inf 
114   9  9.00000e+01  1.66925e+01  2.56848e+02 3.00669248e-01  8.14549e+04          inf 
115  11  7.08922e+01  2.09188e-01  2.61173e+02 1.04958082e-01  1.66118e+05          inf 
116  11  7.18184e+01  1.85461e-01  2.62049e+02 1.11811922e-01  1.62742e+05          inf 
117  12  7.15305e+01  1.80793e-01  2.61044e+02 1.02574348e-01  1.81923e+05          inf 
118  11  6.38916e+01  1.47656e-01  2.60919e+02 1.12384992e-01  1.05253e+05          inf 
119  11  7.19330e+01  1.86579e-01  2.62039e+02 1.11737214e-01  1.61140e+05          inf 
120  10  7.08702e+01  1.85540e-01  2.58662e+02 1.23133145e-01  1.37106e+05          inf 
121  10  6.96177e+01  2.08311e-01  2.61432e+02 1.15780835e-01  1.50613e+05          inf 
122  10  7.00876e+01  2.01459e-01  2.58816e+02 1.21422098e-01  1.35911e+05          inf 
123  13  7.07702e+01  1.60856e-01  2.60946e+02 1.02788897e-01  2.00556e+05          inf 
124  12  7.14683e+01  1.80224e-01  2.61062e+02 1.02608996e-01  1.82033e+05          nan 
125  10  7.98383e+01  3.80576e-01  2.57744e+02 1.11712937e-01  9.57152e+04          inf 
126  12  7.26724e+01  1.70389e-01  2.61999e+02 1.01734679e-01  1.89165e+05          inf 
127   8  7.45680e+01  4.51314e-01  2.53481e+02 1.43001380e-01  2.90145e+04          inf 
128  10  8.10885e+01  4.62363e-01  2.66089e+02 1.19378235e-01  1.00372e+05          inf 
129   8  5.77397e+01  1.94612e-01  2.60172e+02 1.43928648e-01  5.48217e+04          inf 
130  10  7.12904e+01  2.43249e-01  2.61361e+02 1.10088387e-01  1.53037e+05          inf 
131  11  7.13360e+01  1.90116e-01  2.61077e+02 1.06429311e-01  1.69823e+05          inf 
132  13  7.08354e+01  1.61425e-01  2.61013e+02 1.02733233e-01  2.00890e+05          inf 
133  11  6.95335e+01  1.88932e-01  2.61439e+02 1.13025984e-01  1.68883e+05          inf 
134  12  6.43453e+01  1.43799e-01  2.60590e+02 1.07998080e-01  1.16050e+05          inf 
135  10  7.59853e+01  2.98898e-01  2.65336e+02 1.16731160e-01  1.03877e+05          inf 
136  13  7.36114e+01  1.90044e-01  2.59694e+02 9.40912505e-02  2.14880e+05          inf 
137  11  6.40232e+01  1.48333e-01  2.60839e+02 1.12268737e-01  1.03741e+05          inf 
138  11  7.08287e+01  1.78476e-01  2.61199e+02 1.11759075e-01  1.69197e+05          inf 
139   9  5.76331e+01  1.92461e-01  2.62473e+02 1.27192688e-01  7.15177e+04          inf 
140   9  7.07845e+01  2.97106e-01  2.61416e+02 1.15020846e-01  1.36582e+05          inf 
141  10  7.19143e+01  2.15370e-01  2.61276e+02 1.11531269e-01  1.51929e+05          inf 
142  10  7.60888e+01  3.01123e-01  2.65375e+02 1.16656018e-01  1.01958e+05          inf 
143  13  7.08292e+01  1.61295e-01  2.60886e+02 1.02763131e-01  2.00224e+05          inf 
144   9  6.75194e+01  2.05253e-01  2.61717e+02 1.66355573e-01  6.14451e+04          inf 
145  12  7.14097e+01  1.79681e-01  2.61061e+02 1.02645833e-01  1.83983e+05          inf 
146  14  7.26013e+01  1.51690e-01  2.61705e+02 9.51847587e-02  2.18652e+05          inf 
147  11  7.08283e+01  1.78430e-01  2.61142e+02 1.11772848e-01  1.67665e+05          inf 
148  11  7.20106e+01  1.88233e-01  2.61471e+02 1.05475004e-01  1.63758e+05          inf 
149  13  7.09583e+01  1.47856e-01  2.61050e+02 1.06796197e-01  2.00959e+05          inf 
150  10  8.32583e+01  4.90066e-01  2.58203e+02 1.10656696e-01  9.59719e+04          inf 
151  11  6.81579e+01  1.93742e-01  2.63692e+02 1.22390266e-01  8.19554e+04          inf 
152   9  9.00000e+01  1.66845e+01  2.56759e+02 3.00292738e-01  8.09975e+04          inf 
153   9  6.48978e+01  2.22325e-01  2.64216e+02 1.27649209e-01  6.05623e+04          inf 
154  11  7.18471e+01  1.99704e-01  2.61324e+02 1.09339123e-01  1.67272e+05          inf 
155  11  6.41672e+01  1.50465e-01  2.60441e+02 1.14976699e-01  1.07208e+05          inf 
156  12  7.14475e+01  1.80051e-01  2.61083e+02 1.02616821e-01  1.83088e+05          inf 
157   9  9.00000e+01  1.66856e+01  2.56836e+02 3.00501205e-01  8.09672e+04          inf 
158   9  7.33130e+01  2.43513e-01  2.62162e+02 1.15393128e-01  1.32667e+05          inf 
159  13  7.29728e+01  1.57668e-01  2.61943e+02 9.75496937e-02  2.00890e+05          inf 
160  11  6.22442e+01  1.55679e-01  2.61108e+02 1.12094618e-01  9.81336e+04          inf 
161  12  7.43303e+01  2.01883e-01  2.60310e+02 9.72727708e-02  1.93891e+05          nan 
162  15  7.23581e+01  1.38581e-01  2.61685e+02 9.53084036e-02  2.35519e+05          inf 
163  12  7.15747e+01  1.81217e-01  2.61047e+02 1.02546164e-01  1.82776e+05          nan 
164  11  7.13796e+01  1.90556e-01  2.61117e+02 1.06396174e-01  1.68212e+05          inf 
165  10  8.14805e+01  5.34513e-01  2.57080e+02 1.21626998e-01  9.61549e+04          inf 
166  10  6.35634e+01  1.62593e-01  2.60770e+02 1.12762131e-01  9.65592e+04          inf 
167  12  7.01478e+01  1.77341e-01  2.61179e+02 1.05440150e-01  1.83330e+05          inf 
168  12  7.10036e+01  1.67408e-01  2.61132e+02 1.04777165e-01  1.82533e+05          inf 
169   8  7.42323e+01  4.03865e-01  2.61973e+02 1.15773448e-01  1.18882e+05          inf 
170  11  7.56975e+01  2.72206e-01  2.60123e+02 1.01697779e-01  1.79628e+05          inf 
171   9  6.18631e+01  1.66456e-01  2.60436e+02 1.18468832e-01  6.85991e+04          inf 
172  11  7.20144e+01  2.01318e-01  2.61210e+02 1.09271468e-01  1.67958e+05          inf 
173  10  6.93235e+01  1.83225e-01  2.58209e+02 1.33017981e-01  1.36125e+05          inf 
174  11  7.84025e+01  3.06757e-01  2.58119e+02 1.06924862e-01  1.07030e+05          inf 
175  12  7.00954e+01  1.76895e-01  2.61170e+02 1.05476005e-01  1.83264e+05          inf 
176   8  5.22939e+01  2.22322e-01  2.61892e+02 1.37248902e-01  5.37598e+04          inf 
177  10  7.02726e+01  2.38023e-01  2.61390e+02 1.13481607e-01  1.51140e+05          inf 
178  10  7.19198e+01  2.15514e-01  2.61351e+02 1.11504830e-01  1.52090e+05          inf 
179  13  7.50840e+01  1.83154e-01  2.60241e+02 8.77232880e-02  2.19686e+05          inf 
180  10  7.19413e+01  2.15700e-01  2.61291e+02 1.11508756e-01  1.51392e+05          inf 
181  11  7.13646e+01  1.90414e-01  2.61131e+02 1.06403802e-01  1.68419e+05          inf 
182   9  9.00000e+01  1.62019e+01  2.62026e+02 2.75826466e-01  4.07637e+04          inf 
183  12  7.09348e+01  1.62047e-01  2.60709e+02 1.03098886e-01  1.71447e+05          nan 
184  13  7.30036e+01  1.75960e-01  2.59373e+02 9.46434410e-02  2.15708e+05          inf 
185  10  7.09850e+01  1.86628e-01  2.58696e+02 1.23043750e-01  1.37728e+05          inf 
186  11  7.19909e+01  2.01193e-01  2.61292e+02 1.09254916e-01  1.67738e+05          inf 
187  12  6.53479e+01  1.32848e-01  2.60970e+02 1.10762635e-01  1.19101e+05          nan 
188  11  7.19583e+01  2.00833e-01  2.61284e+02 1.09279812e-01  1.67458e+05          inf 
189  11  7.09375e+01  1.79429e-01  2.61160e+02 1.11692576e-01  1.67126e+05          inf 
190  11  6.38785e+01  1.47569e-01  2.60829e+02 1.12409538e-01  1.04849e+05          inf 
191  12  7.07261e+01  1.67276e-01  2.61036e+02 1.06816666e-01  1.83478e+05          inf 
192  13  7.08827e+01  1.61780e-01  2.60960e+02 1.02713920e-01  2.00209e+05          inf 
193  12  7.27375e+01  1.57126e-01  2.62918e+02 1.12120359e-01  1.81429e+05          inf 
194   9  6.95354e+01  2.57487e-01  2.64256e+02 1.34801549e-01  6.63563e+04          inf 
195  10  6.83786e+01  2.13290e-01  2.63664e+02 1.23102573e-01  7.54992e+04          inf 
196  11  7.13206e+01  1.89976e-01  2.61082e+02 1.06438387e-01  1.69815e+05          inf 
197  11  7.07533e+01  2.07753e-01  2.61162e+02 1.05048157e-01  1.70376e+05          inf 
198  11  7.38436e+01  1.82052e-01  2.61829e+02 1.02345285e-01  1.68347e+05          inf 
199  12  7.14983e+01  1.80447e-01  2.60975e+02 1.02611111e-01  1.83535e+05          inf 
200  11  6.41524e+01  1.55462e-01  2.60437e+02 1.08644664e-01  1.06562e+05          inf 
201   9  6.31117e+01  1.60411e-01  2.57229e+02 1.45314309e-01  7.37489e+04          inf 
202   7  7.02670e+01  3.21533e-01  2.58038e+02 1.38176711e-01  8.98615e+04          inf 
203  11  7.19496e+01  2.00728e-01  2.61276e+02 1.09289168e-01  1.68684e+05          inf 
204  10  7.08464e+01  1.69088e-01  2.58882e+02 1.28729150e-01  1.36096e+05          inf 
205  11  6.99623e+01  1.75885e-01  2.58728e+02 1.21080573e-01  1.52244e+05          inf 
206  11  7.09753e+01  1.74503e-01  2.58671e+02 1.19517300e-01  1.51557e+05          inf 
207   9  5.75138e+01  1.91766e-01  2.62577e+02 1.27394578e-01  7.19037e+04          inf 
208  10  6.10433e+01  1.74777e-01  2.61154e+02 1.13380858e-01  8.82919e+04          inf 
209  10  7.18947e+01  2.15146e-01  2.61265e+02 1.11547945e-01  1.53215e+05          inf 
210   8  7.43351e+01  3.82627e-01  2.60837e+02 1.14178949e-01  1.13056e+05          inf 
211  12  7.06898e+01  1.66994e-01  2.61114e+02 1.06830476e-01  1.85603e+05          inf 
212  11  7.13959e+01  1.90711e-01  2.61072e+02 1.06392078e-01  1.68950e+05          inf 
213  12  8.06916e+01  3.45856e-01  2.57373e+02 9.60621082e-02  1.20081e+05          nan 
214  11  7.83949e+01  3.38225e-01  2.57736e+02 1.10934200e-01  1.09264e+05          inf 
215  12  7.15530e+01  1.80963e-01  2.60974e+02 1.02577185e-01  1.83375e+05          nan 
216  12  7.25438e+01  1.65280e-01  2.62094e+02 1.01319055e-01  1.84595e+05          inf 
217   9  7.27549e+01  2.09394e-01  2.61241e+02 1.08640140e-01  1.24858e+05          inf 
218  13  7.09200e+01  1.62109e-01  2.60996e+02 1.02682674e-01  1.99263e+05          inf 
219   9  6.89754e+01  2.20539e-01  2.57995e+02 1.37985750e-01  1.20660e+05          inf 
220  11  7.19543e+01  2.00837e-01  2.61313e+02 1.09271463e-01  1.68892e+05          inf 
221  12  7.07132e+01  1.67176e-01  2.61052e+02 1.06823072e-01  1.85501e+05          inf 
222  13  7.08681e+01  1.61657e-01  2.60949e+02 1.02725583e-01  2.00385e+05          inf 
223  11  7.76538e+01  2.96299e-01  2.65151e+02 1.12871194e-01  1.14827e+05          inf 
224  13  7.09137e+01  1.62036e-01  2.60963e+02 1.02693498e-01  2.00513e+05          inf 
225  13  7.10183e+01  1.48335e-01  2.61079e+02 1.06750231e-01  2.01562e+05          inf 
226  12  7.09307e+01  1.62022e-01  2.60717e+02 1.03099963e-01  1.71688e+05          nan 
227  11  6.43326e+01  1.56518e-01  2.60508e+02 1.08457619e-01  1.05574e+05          inf 
228  11  6.90328e+01  2.03018e-01  2.58519e+02 1.12121118e-01  7.97661e+04          inf 
229  13  7.29694e+01  1.75639e-01  2.59388e+02 9.46580903e-02  2.20067e+05          inf 
230  11  7.16454e+01  1.81437e-01  2.61729e+02 1.12923592e-01  1.65915e+05          inf 
231  12  7.15828e+01  1.81327e-01  2.61080e+02 1.02533294e-01  1.83952e+05          inf 
232  11  7.13898e+01  1.90659e-01  2.61093e+02 1.06392995e-01  1.69968e+05          inf 
233  11  7.02939e+01  1.92564e-01  2.61168e+02 1.10176319e-01  1.68110e+05          inf 
234  11  6.43552e+01  1.56697e-01  2.60592e+02 1.08413949e-01  1.06750e+05          inf 
235  10  6.77116e+01  1.93818e-01  2.64413e+02 1.28946349e-01  7.20446e+04          inf 
236  10  7.19045e+01  2.15201e-01  2.61201e+02 1.11560418e-01  1.51779e+05          inf 
237  12  7.02177e+01  1.77952e-01  2.61211e+02 1.05390471e-01  1.82964e+05          inf 
238  13  7.08882e+01  1.61844e-01  2.60983e+02 1.02705697e-01  2.00363e+05          inf 
239  10  7.18900e+01  2.15117e-01  2.61285e+02 1.11545013e-01  1.52528e+05          inf 
240  13  7.09020e+01  1.61940e-01  2.60959e+02 1.02701840e-01  2.00089e+05          inf 
241  10  6.40642e+01  1.68208e-01  2.60335e+02 1.16973103e-01  9.53861e+04          inf 
242  10  7.03495e+01  2.38919e-01  2.61397e+02 1.13431495e-01  1.52453e+05          inf 
243  13  7.09321e+01  1.62191e-01  2.60968e+02 1.02680654e-01  1.99932e+05          inf 
244  11  7.54901e+01  2.39476e-01  2.65615e+02 1.20395670e-01  1.16070e+05          inf 
245  10  6.39389e+01  1.67453e-01  2.60331e+02 1.17104196e-01  9.67724e+04          inf 
246  10  7.03611e+01  1.83910e-01  2.58126e+02 1.36549243e-01  1.35602e+05          inf 
247  10  7.18971e+01  2.25810e-01  2.61633e+02 1.06854843e-01  1.48779e+05          inf 
248  12  7.01792e+01  1.77616e-01  2.61123e+02 1.05424781e-01  1.84555e+05          nan 
249  10  7.07149e+01  1.97163e-01  2.60935e+02 1.10261933e-01  1.44037e+05          inf 
250  11  6.94763e+01  1.88407e-01  2.61493e+02 1.13070844e-01  1.70151e+05          inf 
251  12  7.00945e+01  1.76892e-01  2.61124e+02 1.05481089e-01  1.85866e+05          inf 
252  10  7.13149e+01  2.43536e-01  2.61308e+02 1.10089034e-01  1.52734e+05          inf 
253  11  6.23012e+01  1.55975e-01  2.61119e+02 1.12034807e-01  9.79462e+04          inf 
254   9  9.00000e+01  1.70337e+01  2.61714e+02 2.98603267e-01  3.98524e+04          inf 
255  13  7.37498e+01  1.91623e-01  2.59694e+02 9.40182012e-02  2.15464e+05          inf 
256   8  8.18760e+01  6.03736e-01  2.65709e+02 1.21107340e-01  7.47781e+04          inf 
257  12  7.10078e+01  1.71889e-01  2.61019e+02 1.08715589e-01  1.84277e+05          inf 
258  11  6.41836e+01  1.50544e-01  2.60430e+02 1.14964121e-01  1.06629e+05          inf 
259  10  7.02835e+01  2.38172e-01  2.61384e+02 1.13473330e-01  1.53018e+05          inf 
260  10  6.38560e+01  1.66852e-01  2.60235e+02 1.17234266e-01  9.69832e+04          inf 
261  11  6.96027e+01  1.89575e-01  2.61417e+02 1.12975205e-01  1.68509e+05          inf 
262  12  6.98059e+01  1.82412e-01  2.58547e+02 1.11313207e-01  8.70644e+04          inf 
263  11  7.19310e+01  2.00452e-01  2.61221e+02 1.09323843e-01  1.69098e+05          inf 
264  13  7.34260e+01  1.65767e-01  2.61635e+02 9.48161727e-02  2.01971e+05          inf 
265  11  7.84694e+01  3.40376e-01  2.57753e+02 1.10916646e-01  1.07879e+05          inf 
266  10  7.18682e+01  2.14802e-01  2.61212e+02 1.11581839e-01  1.52267e+05          inf 
267  12  7.06680e+01  1.66810e-01  2.61071e+02 1.06850434e-01  1.85318e+05          inf 
268   9  7.33325e+01  2.43566e-01  2.62013e+02 1.15443836e-01  1.33510e+05          inf 
269  10  6.11230e+01  1.75209e-01  2.61075e+02 1.13301753e-01  8.85342e+04          inf 
270  10  7.19123e+01  2.15351e-01  2.61258e+02 1.11538150e-01  1.52154e+05          inf 
271  12  6.79001e+01  1.44355e-01  2.61890e+02 9.81132419e-02  1.31166e+05          nan 
272  10  7.03371e+01  2.03926e-01  2.58765e+02 1.21236977e-01  1.36077e+05          inf 
273   9  6.70743e+01  1.88839e-01  2.63642e+02 1.33021912e-01  5.70312e+04          inf 
274  12  7.01600e+01  1.77453e-01  2.61124e+02 1.05437462e-01  1.83682e+05          inf 
275  12  7.10233e+01  1.72081e-01  2.61065e+02 1.08690573e-01  1.85611e+05          inf 
276  12  7.15774e+01  1.81264e-01  2.61058e+02 1.02541993e-01  1.83589e+05          inf 
277   9  7.03680e+01  2.33345e-01  2.60644e+02 1.12384848e-01  1.27443e+05          inf 
278  10  6.45779e+01  1.60605e-01  2.60974e+02 1.19131545e-01  9.55837e+04          inf 
279  12  7.28931e+01  1.72572e-01  2.61932e+02 1.01616972e-01  1.88005e+05          inf 
280  11  7.08683e+01  1.78824e-01  2.61171e+02 1.11738198e-01  1.69727e+05          inf 
281  12  6.57298e+01  1.38106e-01  2.60828e+02 1.05933736e-01  1.19325e+05          nan 
282  11  7.09871e+01  1.79873e-01  2.61141e+02 1.11662643e-01  1.68543e+05          inf 
283   7  6.23896e+01  1.72369e-01  2.57715e+02 1.66120935e-01  5.55892e+04          inf 
284  10  7.61234e+01  2.64901e-01  2.63252e+02 1.35328582e-01  9.63640e+04          inf 
285  11  7.20408e+01  2.01727e-01  2.61280e+02 1.09226518e-01  1.67702e+05          inf 
286   9  6.24044e+01  1.56796e-01  2.58818e+02 1.28698166e-01  6.10997e+04          inf 
287  12  7.07040e+01  1.67104e-01  2.61048e+02 1.06829680e-01  1.84773e+05          inf 
288  10  7.14957e+01  2.45744e-01  2.61214e+02 1.09995958e-01  1.51759e+05          inf 
289   9  6.31488e+01  1.76892e-01  2.60558e+02 1.19699372e-01  8.52741e+04          inf 
290  12  7.07759e+01  1.67709e-01  2.61070e+02 1.06779530e-01  1.83708e+05          inf 
291   9  7.08797e+01  2.98589e-01  2.61381e+02 1.14956064e-01  1.35533e+05          inf 
292  10  6.95792e+01  2.07962e-01  2.61430e+02 1.15809664e-01  1.52742e+05          inf 
293   9  6.90224e+01  2.21080e-01  2.58034e+02 1.37923725e-01  1.21490e+05          inf 
294   9  6.37403e+01  1.63244e-01  2.58603e+02 1.29745403e-01  7.42740e+04          inf 
295  10  7.64473e+01  2.60821e-01  2.66195e+02 1.22198463e-01  9.78949e+04          inf 
296  11  7.83814e+01  3.06270e-01  2.58101e+02 1.06933314e-01  1.06272e+05          inf 
297  10  7.03734e+01  2.04288e-01  2.58715e+02 1.21214843e-01  1.34760e+05          inf 
298  10  6.10914e+01  1.75034e-01  2.61072e+02 1.13336697e-01  8.80015e+04          inf 
299  11  7.14613e+01  1.91363e-01  2.61052e+02 1.06353474e-01  1.68159e+05          inf 
300  11  7.77130e+01  2.87903e-01  2.57727e+02 1.12307861e-01  1.06760e+05          inf 
301  12  7.11564e+01  1.73219e-01  2.61039e+02 1.08607668e-01  1.82042e+05          inf 
302  11  7.08420e+01  1.78528e-01  2.61090e+02 1.11775826e-01  1.70027e+05          inf 
303  10  6.16686e+01  1.65418e-01  2.60702e+02 1.18250153e-01  8.72292e+04          inf 
304   7  4.98688e+01  2.16137e-01  2.57356e+02 1.70980202e-01  3.08316e+04          inf 
305  11  7.02476e+01  1.63159e-01  2.58045e+02 1.31867204e-01  1.48736e+05          inf 
306  11  7.19411e+01  2.00609e-01  2.61248e+02 1.09306291e-01  1.66971e+05          inf 
307  10  7.09864e+01  1.86643e-01  2.58585e+02 1.23055151e-01  1.36076e+05          inf 
308  12  7.15198e+01  1.80704e-01  2.61032e+02 1.02584259e-01  1.82142e+05          nan 
309  11  7.00768e+01  1.76864e-01  2.58729e+02 1.20993090e-01  1.49327e+05          inf 
310  13  7.08657e+01  1.61649e-01  2.60957e+02 1.02725539e-01  2.00520e+05          inf 
311  11  6.83020e+01  1.94821e-01  2.63624e+02 1.22299983e-01  8.05307e+04          inf 
312  10  6.39052e+01  1.67246e-01  2.60325e+02 1.17141943e-01  9.55095e+04          inf 
313  11  6.93157e+01  2.13627e-01  2.60863e+02 1.11334679e-01  1.12068e+05          inf 
314  11  6.41825e+01  1.55651e-01  2.60472e+02 1.08607044e-01  1.05548e+05          inf 
315  11  6.42392e+01  1.55998e-01  2.60520e+02 1.08541383e-01  1.04860e+05          inf 
316  10  7.24818e+01  2.33369e-01  2.57612e+02 1.04792400e-01  7.75606e+04          inf 
317   9  5.76739e+01  1.92744e-01  2.62372e+02 1.27100846e-01  7.15045e+04          inf 
318  10  6.95526e+01  2.07710e-01  2.61403e+02 1.15831186e-01  1.52981e+05          inf 
319  11  7.14949e+01  1.91695e-01  2.61035e+02 1.06334760e-01  1.67511e+05          inf 
320  11  7.02493e+01  1.92154e-01  2.61162e+02 1.10209633e-01  1.68786e+05          inf 
321  10  7.02078e+01  1.71622e-01  2.57918e+02 1.34726437e-01  1.34305e+05          inf 
322  11  7.09521e+01  1.74291e-01  2.58645e+02 1.19539888e-01  1.50665e+05          inf 
323  10  6.96002e+01  2.08163e-01  2.61492e+02 1.15790379e-01  1.52438e+05          inf 
324   9  7.09351e+01  2.99445e-01  2.61318e+02 1.14919271e-01  1.36386e+05          inf 
325  10  7.71642e+01  2.96361e-01  2.66204e+02 1.25841069e-01  1.01760e+05          inf 
326  10  7.11642e+01  1.81524e-01  2.60810e+02 1.12033226e-01  1.42777e+05          inf 
327  11  6.41948e+01  1.55722e-01  2.60475e+02 1.08594781e-01  1.06014e+05          inf 
328  10  6.12146e+01  1.75708e-01  2.60990e+02 1.13210692e-01  8.66418e+04          inf 
329  10  7.02332e+01  2.37589e-01  2.61402e+02 1.13510479e-01  1.52113e+05          inf 
330  12  7.07893e+01  1.59819e-01  2.58509e+02 1.18496786e-01  1.62471e+05          inf 
331  10  6.99254e+01  1.72540e-01  2.60519e+02 1.14274775e-01  1.41711e+05          inf 
332  13  7.33242e+01  1.64792e-01  2.61642e+02 9.48651766e-02  2.01126e+05          inf 
333   8  6.32674e+01  2.19240e-01  2.65746e+02 1.45549613e-01  4.64252e+04          inf 
334  10  7.73803e+01  2.89135e-01  2.57606e+02 1.18416370e-01  9.71832e+04          inf 
335  12  7.15401e+01  1.80873e-01  2.60999e+02 1.02579305e-01  1.83886e+05          inf 
336  10  7.18134e+01  2.24813e-01  2.61600e+02 1.06913201e-01  1.48808e+05          inf 
337  10  6.11268e+01  1.75235e-01  2.61133e+02 1.13291648e-01  8.76898e+04          inf 
338  12  7.11320e+01  1.72906e-01  2.60955e+02 1.08650622e-01  1.83210e+05          inf 
339  10  9.00000e+01  1.57643e+01  2.52101e+02 2.48064286e-01  4.52764e+04          inf 
340   9  8.11872e+01  5.48094e-01  2.56985e+02 1.24206275e-01  8.67152e+04          inf 
341  10  7.02265e+01  2.37508e-01  2.61408e+02 1.13516116e-01  1.51846e+05          inf 
342  10  6.15510e+01  1.64805e-01  2.60730e+02 1.18375760e-01  8.77722e+04          inf 
343  12  7.02629e+01  1.58467e-01  2.61338e+02 1.12294944e-01  1.81131e+05          inf 
344  13  7.09393e+01  1.62243e-01  2.60944e+02 1.02680985e-01  1.97249e+05          inf 
345  10  7.01121e+01  1.96949e-01  2.61768e+02 1.14315324e-01  1.49388e+05          inf 
346   9  5.95253e+01  1.94324e-01  2.60356e+02 1.22226288e-01  7.62662e+04          inf 
347  12  7.16222e+01  1.81650e-01  2.60999e+02 1.02528352e-01  1.81434e+05          inf 
348  10  7.02687e+01  2.38105e-01  2.61297e+02 1.13467883e-01  1.52206e+05          inf 
349  12  7.15912e+01  1.81331e-01  2.60968e+02 1.02555168e-01  1.81644e+05          inf 
350  10  7.19905e+01  2.16244e-01  2.61242e+02 1.11490771e-01  1.50702e+05          inf 
351  10  6.94095e+01  2.24676e-01  2.58503e+02 1.11980728e-01  7.11028e+04          inf 
352  11  7.22117e+01  1.90337e-01  2.61505e+02 1.05338934e-01  1.62348e+05          inf 
353  11  7.08686e+01  1.78810e-01  2.61142e+02 1.11745093e-01  1.69188e+05          inf 
354  10  6.39519e+01  1.67484e-01  2.60290e+02 1.17109602e-01  9.55238e+04          inf 
355  10  7.15106e+01  1.88788e-01  2.61745e+02 1.15397584e-01  1.50344e+05          inf 
356  11  7.09466e+01  2.09797e-01  2.61163e+02 1.04924578e-01  1.67487e+05          inf 
357  12  7.16487e+01  1.81925e-01  2.61029e+02 1.02504874e-01  1.81737e+05          inf 
358  11  6.38992e+01  1.47690e-01  2.60894e+02 1.12381000e-01  1.04021e+05          inf 
359  12  7.16693e+01  1.82113e-01  2.61017e+02 1.02495113e-01  1.82519e+05          inf 
360  10  7.04352e+01  2.39996e-01  2.61346e+02 1.13365460e-01  1.50611e+05          inf 
361   9  6.95994e+01  2.58073e-01  2.64201e+02 1.34792483e-01  6.63896e+04          inf 
362  12  7.16130e+01  1.81614e-01  2.61066e+02 1.02518280e-01  1.83403e+05          inf 
363  10  7.03230e+01  2.38748e-01  2.61283e+02 1.13429100e-01  1.52412e+05          inf 
364   9  5.94289e+01  1.93865e-01  2.60490e+02 1.22290885e-01  7.71394e+04          inf 
365   9  7.07467e+01  2.96629e-01  2.61417e+02 1.15046832e-01  1.37075e+05          inf 
366  12  7.16086e+01  1.81535e-01  2.61014e+02 1.02533198e-01  1.80982e+05          inf 
367  10  6.93129e+01  1.83049e-01  2.58047e+02 1.33062932e-01  1.36184e+05          inf 
368  13  7.08689e+01  1.61697e-01  2.60983e+02 1.02717997e-01  1.99097e+05          inf 
369  10  6.11150e+01  1.75165e-01  2.61078e+02 1.13310300e-01  8.67677e+04          inf 
370   9  6.90161e+01  2.26687e-01  2.63168e+02 1.34732511e-01  1.31576e+05          inf 
371  11  6.61672e+01  1.78733e-01  2.58778e+02 1.00199358e-01  1.26003e+05          inf 
372  11  7.09700e+01  2.10045e-01  2.61161e+02 1.04909864e-01  1.67045e+05          inf 
