0  13  8.10317e+01          nan -4.38347e+03 -4.39910e+03  1.23412e+03  6.21199e+03 -2.50749e+03  9.13663e+01  4.51020e+01
1  11  9.86913e+15          nan  1.61945e+04  1.17216e+04  5.02843e+02  2.00000e+04 -3.10862e-11  8.83291e+01  2.15897e+02
2  10  3.59188e+16          nan  1.60692e+04  1.18932e+04  5.07439e+02  2.00000e+04 -2.46470e-10  8.83423e+01  2.16506e+02
3  10  8.08407e+16          nan  1.59529e+04  1.20489e+04  5.13486e+02  2.00000e+04 -7.54952e-11  8.83596e+01  2.17063e+02
4  11  1.58112e+17          nan  1.63139e+04  1.15551e+04  5.05620e+02  2.00000e+04 -4.75175e-10  8.83371e+01  2.15310e+02
5  11  2.47072e+17          nan  1.62020e+04  1.17114e+04  5.05002e+02  2.00000e+04  0.00000e+00  8.83353e+01  2.15861e+02
6  10  3.23460e+17          nan  1.64063e+04  1.14223e+04  4.84163e+02  2.00000e+04 -6.66134e-12  8.82756e+01  2.14846e+02
7  11  4.84311e+17          nan  1.66176e+04  1.11128e+04  4.84826e+02  2.00000e+04 -1.40310e-08  8.82775e+01  2.13772e+02
8  10  5.75078e+17          nan  1.60532e+04  1.19146e+04  5.06035e+02  2.00000e+04 -3.67706e-09  8.83383e+01  2.16583e+02
9  11  8.00638e+17          nan  1.62796e+04  1.16026e+04  4.89602e+02  2.00000e+04  0.00000e+00  8.82912e+01  2.15478e+02
10  10  8.98598e+17          nan  1.59529e+04  1.20489e+04  5.13489e+02  2.00000e+04 -6.30784e-08  8.83597e+01  2.17063e+02
11  11  1.19606e+18          nan  1.62874e+04  1.15919e+04  4.95910e+02  2.00000e+04 -3.37508e-08  8.83093e+01  2.15440e+02
12  12  1.55283e+18          nan  1.64012e+04  1.14303e+04  4.96002e+02  2.00000e+04 -2.59348e-09  8.83095e+01  2.14873e+02
13   9  1.36682e+18          nan  1.60597e+04  1.19064e+04  5.19050e+02  2.00000e+04 -3.28438e-05  8.83756e+01  2.16553e+02
14  11  1.93748e+18          nan  1.61945e+04  1.17217e+04  5.02807e+02  2.00000e+04 -1.20881e-08  8.83290e+01  2.15897e+02
15   9  1.81977e+18          nan  1.58028e+04  1.22458e+04  5.26695e+02  2.00000e+04  0.00000e+00  8.83975e+01  2.17773e+02
16  10  2.30056e+18          nan  1.60890e+04  1.18667e+04  5.16181e+02  2.00000e+04 -3.41949e-10  8.83674e+01  2.16411e+02
17   7  1.81799e+18          nan  1.62972e+04  1.15789e+04  5.11504e+02  2.00000e+04 -1.77636e-11  8.83540e+01  2.15393e+02
18  12  3.49403e+18          nan  1.64012e+04  1.14303e+04  4.95964e+02  2.00000e+04 -6.01097e-08  8.83094e+01  2.14873e+02
19  11  3.56863e+18          nan  1.63139e+04  1.15551e+04  5.05611e+02  2.00000e+04 -1.64979e-09  8.83371e+01  2.15310e+02
20  11  3.95418e+18          nan  1.64170e+04  1.14079e+04  5.01252e+02  2.00000e+04 -6.26166e-10  8.83246e+01  2.14795e+02
21   8  3.17054e+18          nan  1.58918e+04  1.21303e+04  5.34240e+02  2.00000e+04  0.00000e+00  8.84191e+01  2.17355e+02
22  12  5.21956e+18          nan  1.64012e+04  1.14303e+04  4.95980e+02  2.00000e+04 -2.69940e-08  8.83095e+01  2.14873e+02
23   9  4.27865e+18          nan  1.61685e+04  1.17575e+04  5.01845e+02  2.00000e+04 -7.32747e-11  8.83263e+01  2.16024e+02
24  10  5.17645e+18          nan  1.59529e+04  1.20489e+04  5.13425e+02  2.00000e+04 -1.54543e-09  8.83595e+01  2.17063e+02
25  11  6.17852e+18          nan  1.62976e+04  1.15777e+04  4.96941e+02  2.00000e+04 -5.41789e-10  8.83122e+01  2.15390e+02
26  10  6.07519e+18          nan  1.65178e+04  1.12605e+04  4.83302e+02  2.00000e+04 -2.15383e-10  8.82731e+01  2.14283e+02
27  11  7.20666e+18          nan  1.61858e+04  1.17334e+04  4.96672e+02  2.00000e+04 -1.50502e-08  8.83115e+01  2.15939e+02
28  10  7.04581e+18          nan  1.61615e+04  1.17669e+04  4.97384e+02  2.00000e+04 -1.45035e-07  8.83135e+01  2.16058e+02
29  11  8.31390e+18          nan  1.66176e+04  1.11128e+04  4.84820e+02  2.00000e+04  0.00000e+00  8.82775e+01  2.13772e+02
30  13  1.05148e+19          nan  1.65657e+04  1.11899e+04  4.82909e+02  2.00000e+04 -5.50271e-08  8.82720e+01  2.14039e+02
31  11  9.50021e+18          nan  1.61858e+04  1.17334e+04  4.96674e+02  2.00000e+04 -1.85185e-09  8.83115e+01  2.15939e+02
32   8  7.36221e+18          nan  1.65712e+04  1.11820e+04  4.89120e+02  2.00000e+04 -4.95570e-04  8.82898e+01  2.14011e+02
33  12  1.17443e+19          nan  1.64012e+04  1.14303e+04  4.95968e+02  2.00000e+04 -6.76703e-08  8.83094e+01  2.14873e+02
34  12  1.24669e+19          nan  1.63952e+04  1.14387e+04  4.90310e+02  2.00000e+04 -2.79110e-09  8.82932e+01  2.14903e+02
35   9  9.90830e+18          nan  1.65161e+04  1.12628e+04  4.81202e+02  2.00000e+04 -8.48210e-10  8.82671e+01  2.14291e+02
36  10  1.16473e+19          nan  1.62467e+04  1.16484e+04  4.85722e+02  2.00000e+04 -1.95977e-08  8.82801e+01  2.15640e+02
37  13  1.59944e+19          nan  1.65657e+04  1.11899e+04  4.82878e+02  2.00000e+04 -1.17266e-07  8.82719e+01  2.14039e+02
38  10  1.29774e+19          nan  1.59529e+04  1.20489e+04  5.13463e+02  2.00000e+04 -2.75128e-05  8.83596e+01  2.17063e+02
39   9  1.23025e+19          nan  1.57712e+04  1.22860e+04  5.16836e+02  2.00000e+04 -2.98872e-09  8.83692e+01  2.17919e+02
40  11  1.58174e+19          nan  1.66924e+04  1.09991e+04  4.66459e+02  2.00000e+04 -4.41425e-09  8.82249e+01  2.13382e+02
41  12  1.81289e+19          nan  1.64968e+04  1.12917e+04  4.90965e+02  2.00000e+04  0.00000e+00  8.82951e+01  2.14391e+02
42  12  1.90241e+19          nan  1.64012e+04  1.14303e+04  4.95993e+02  2.00000e+04 -8.88623e-09  8.83095e+01  2.14873e+02
43  11  1.82791e+19          nan  1.62999e+04  1.15744e+04  4.97297e+02  2.00000e+04 -2.57572e-09  8.83132e+01  2.15378e+02
44  11  1.91391e+19          nan  1.61858e+04  1.17333e+04  4.96834e+02  2.00000e+04 -1.35847e-08  8.83119e+01  2.15939e+02
45  10  1.81991e+19          nan  1.59529e+04  1.20489e+04  5.13417e+02  2.00000e+04 -2.51972e-07  8.83594e+01  2.17063e+02
46  13  2.47220e+19          nan  1.65657e+04  1.11899e+04  4.82960e+02  2.00000e+04 -4.46754e-09  8.82722e+01  2.14039e+02
47  10  1.98528e+19          nan  1.66218e+04  1.11065e+04  4.86164e+02  2.00000e+04 -1.55431e-11  8.82813e+01  2.13750e+02
48  11  2.27772e+19          nan  1.63065e+04  1.15652e+04  4.99513e+02  2.00000e+04 -1.77636e-11  8.83196e+01  2.15346e+02
49   9  1.94205e+19          nan  1.67965e+04  1.08404e+04  4.81847e+02  2.00000e+04 -2.41911e-07  8.82690e+01  2.12838e+02
50  10  2.24681e+19          nan  1.66169e+04  1.11136e+04  4.79893e+02  2.00000e+04 -1.81677e-08  8.82634e+01  2.13775e+02
51  13  3.03886e+19          nan  1.65657e+04  1.11899e+04  4.82945e+02  2.00000e+04 -3.55271e-11  8.82721e+01  2.14039e+02
52  13  3.15920e+19          nan  1.69795e+04  1.05501e+04  4.61007e+02  2.00000e+04 -5.03819e-09  8.82092e+01  2.11854e+02
53   9  2.27207e+19          nan  1.58028e+04  1.22458e+04  5.26712e+02  2.00000e+04 -1.92291e-07  8.83975e+01  2.17773e+02
54  10  2.62069e+19          nan  1.66366e+04  1.10839e+04  4.77293e+02  2.00000e+04 -8.88178e-12  8.82559e+01  2.13673e+02
55  12  3.26238e+19          nan  1.64012e+04  1.14303e+04  4.95977e+02  2.00000e+04 -7.07037e-07  8.83095e+01  2.14873e+02
56  10  2.81841e+19          nan  1.64197e+04  1.14037e+04  4.93421e+02  2.00000e+04 -7.54952e-11  8.83021e+01  2.14781e+02
57  11  3.21197e+19          nan  1.61858e+04  1.17334e+04  4.96661e+02  2.00000e+04 -7.63535e-04  8.83114e+01  2.15939e+02
58  12  3.62799e+19          nan  1.63952e+04  1.14387e+04  4.90395e+02  2.00000e+04 -2.77112e-09  8.82935e+01  2.14903e+02
59   9  2.81563e+19          nan  1.71524e+04  1.02662e+04  4.52618e+02  2.00000e+04  0.00000e+00  8.81852e+01  2.10902e+02
60  11  3.55897e+19          nan  1.63139e+04  1.15551e+04  5.05547e+02  2.00000e+04 -2.35811e-09  8.83369e+01  2.15310e+02
61  12  4.01301e+19          nan  1.64968e+04  1.12917e+04  4.90961e+02  2.00000e+04 -2.22045e-12  8.82951e+01  2.14391e+02
62  10  3.45472e+19          nan  1.63981e+04  1.14346e+04  4.91990e+02  2.00000e+04 -1.86517e-10  8.82980e+01  2.14889e+02
63   9  3.21036e+19          nan  1.63148e+04  1.15537e+04  5.05241e+02  2.00000e+04 -4.08562e-10  8.83360e+01  2.15305e+02
64  10  3.68120e+19          nan  1.61919e+04  1.17255e+04  5.07592e+02  2.00000e+04 -1.88738e-09  8.83428e+01  2.15911e+02
65   9  3.41743e+19          nan  1.57530e+04  1.23093e+04  5.15854e+02  2.00000e+04 -7.06990e-09  8.83664e+01  2.18004e+02
66  12  4.69785e+19          nan  1.63952e+04  1.14387e+04  4.90236e+02  2.00000e+04 -4.44089e-12  8.82930e+01  2.14903e+02
67  12  4.84129e+19          nan  1.63952e+04  1.14387e+04  4.90262e+02  2.00000e+04 -9.92539e-10  8.82931e+01  2.14903e+02
68  11  4.57132e+19          nan  1.66130e+04  1.11193e+04  4.78389e+02  2.00000e+04 -8.88178e-12  8.82591e+01  2.13795e+02
69  10  4.27887e+19          nan  1.60532e+04  1.19146e+04  5.06391e+02  2.00000e+04  0.00000e+00  8.83393e+01  2.16583e+02
70  10  4.40379e+19          nan  1.61919e+04  1.17255e+04  5.07668e+02  2.00000e+04 -3.55271e-10  8.83430e+01  2.15910e+02
71  11  4.98357e+19          nan  1.69205e+04  1.06452e+04  4.73069e+02  2.00000e+04 -4.44089e-12  8.82438e+01  2.12175e+02
72  12  5.59084e+19          nan  1.63952e+04  1.14387e+04  4.90290e+02  2.00000e+04 -1.22125e-10  8.82932e+01  2.14903e+02
73  11  5.26829e+19          nan  1.63934e+04  1.14412e+04  4.90298e+02  2.00000e+04 -1.68584e-06  8.82932e+01  2.14912e+02
74  13  6.39791e+19          nan  1.65657e+04  1.11899e+04  4.82947e+02  2.00000e+04  0.00000e+00  8.82721e+01  2.14039e+02
75   9  4.54985e+19          nan  1.62949e+04  1.15814e+04  4.94687e+02  2.00000e+04 -6.79456e-10  8.83058e+01  2.15403e+02
76  10  5.19110e+19          nan  1.69481e+04  1.06002e+04  4.55370e+02  2.00000e+04 -1.43225e-06  8.81931e+01  2.12024e+02
77  11  5.86146e+19          nan  1.67090e+04  1.09750e+04  4.86507e+02  2.00000e+04 -1.57652e-10  8.82823e+01  2.13298e+02
78  11  6.01470e+19          nan  1.61858e+04  1.17334e+04  4.96675e+02  2.00000e+04 -1.77258e-07  8.83115e+01  2.15939e+02
79   8  4.48721e+19          nan  1.60205e+04  1.19594e+04  5.24185e+02  2.00000e+04  0.00000e+00  8.83903e+01  2.16741e+02
80  12  6.90229e+19          nan  1.64011e+04  1.14305e+04  4.96159e+02  2.00000e+04 -2.76223e-09  8.83100e+01  2.14874e+02
81   7  4.12763e+19          nan  1.64017e+04  1.14295e+04  4.93468e+02  2.00000e+04 -1.15365e-07  8.83023e+01  2.14871e+02
82  11  6.64742e+19          nan  1.61945e+04  1.17217e+04  5.02811e+02  2.00000e+04 -1.90735e-02  8.83290e+01  2.15897e+02
83  13  8.04882e+19          nan  1.65657e+04  1.11899e+04  4.82930e+02  2.00000e+04 -2.44249e-10  8.82721e+01  2.14039e+02
84  10  6.34149e+19          nan  1.59529e+04  1.20489e+04  5.13469e+02  2.00000e+04 -5.15143e-10  8.83596e+01  2.17063e+02
85  11  7.14272e+19          nan  1.61424e+04  1.17922e+04  4.78490e+02  2.00000e+04 -7.32747e-11  8.82593e+01  2.16149e+02
86  11  7.31177e+19          nan  1.64667e+04  1.13348e+04  4.77138e+02  2.00000e+04 -2.37588e-10  8.82555e+01  2.14541e+02
87   9  6.12229e+19          nan  1.63809e+04  1.14590e+04  4.89057e+02  2.00000e+04 -3.28846e-07  8.82896e+01  2.14974e+02
88   9  6.26384e+19          nan  1.63148e+04  1.15537e+04  5.05167e+02  2.00000e+04 -4.72016e-07  8.83358e+01  2.15305e+02
89  10  7.11891e+19          nan  1.64197e+04  1.14036e+04  4.93682e+02  2.00000e+04 -3.12479e-07  8.83029e+01  2.14780e+02
90   9  6.55180e+19          nan  1.66820e+04  1.10161e+04  4.91046e+02  2.00000e+04  0.00000e+00  8.82953e+01  2.13439e+02
91  11  8.18670e+19          nan  1.62020e+04  1.17114e+04  5.04652e+02  2.00000e+04 -4.44089e-12  8.83343e+01  2.15861e+02
92  11  8.36762e+19          nan  1.63065e+04  1.15652e+04  4.99508e+02  2.00000e+04 -6.66134e-11  8.83196e+01  2.15346e+02
93   7  5.44123e+19          nan  1.54748e+04  1.26582e+04  5.38140e+02  2.00000e+04 -4.79217e-08  8.84303e+01  2.19283e+02
94  12  9.52951e+19          nan  1.64012e+04  1.14303e+04  4.96046e+02  2.00000e+04 -3.55516e-07  8.83097e+01  2.14873e+02
95  11  8.92223e+19          nan  1.62020e+04  1.17114e+04  5.04994e+02  2.00000e+04 -3.70148e-09  8.83353e+01  2.15861e+02
96  12  9.93934e+19          nan  1.64012e+04  1.14303e+04  4.95852e+02  2.00000e+04 -6.66134e-11  8.83091e+01  2.14873e+02
97  11  9.30186e+19          nan  1.63139e+04  1.15551e+04  5.05517e+02  2.00000e+04 -7.59372e-04  8.83368e+01  2.15310e+02
98  10  8.63149e+19          nan  1.59530e+04  1.20489e+04  5.13434e+02  2.00000e+04 -2.34739e-07  8.83595e+01  2.17063e+02
99  10  8.80855e+19          nan  1.67057e+04  1.09792e+04  4.70628e+02  2.00000e+04 -1.33227e-11  8.82368e+01  2.13313e+02
100  11  9.88614e+19          nan  1.62020e+04  1.17114e+04  5.05019e+02  2.00000e+04 -1.39990e-07  8.83354e+01  2.15861e+02
101  11  1.00849e+20          nan  1.65832e+04  1.11639e+04  4.80497e+02  2.00000e+04 -3.28626e-10  8.82651e+01  2.13949e+02
102  12  1.12206e+20          nan  1.63898e+04  1.14462e+04  4.88074e+02  2.00000e+04 -9.32587e-11  8.82868e+01  2.14929e+02
103  12  1.14417e+20          nan  1.63952e+04  1.14387e+04  4.89888e+02  2.00000e+04 -8.14904e-10  8.82920e+01  2.14903e+02
104  10  9.72078e+19          nan  1.60891e+04  1.18667e+04  5.16362e+02  2.00000e+04 -6.21725e-11  8.83679e+01  2.16411e+02
105  10  9.90862e+19          nan  1.64136e+04  1.14123e+04  4.91149e+02  2.00000e+04 -5.46230e-10  8.82956e+01  2.14811e+02
106  12  1.21179e+20          nan  1.67796e+04  1.08659e+04  4.71393e+02  2.00000e+04 -3.99680e-10  8.82390e+01  2.12926e+02
107  11  1.13187e+20          nan  1.66176e+04  1.11128e+04  4.84785e+02  2.00000e+04 -4.04121e-10  8.82774e+01  2.13772e+02
108  11  1.15312e+20          nan  1.65635e+04  1.11924e+04  4.69706e+02  2.00000e+04 -3.82583e-09  8.82342e+01  2.14048e+02
109  10  1.06779e+20          nan  1.60458e+04  1.19242e+04  4.97898e+02  2.00000e+04  0.00000e+00  8.83150e+01  2.16617e+02
110  12  1.30497e+20          nan  1.66801e+04  1.10187e+04  4.85202e+02  2.00000e+04 -6.31939e-09  8.82786e+01  2.13448e+02
111  12  1.32881e+20          nan  1.64968e+04  1.12917e+04  4.90967e+02  2.00000e+04 -3.55271e-11  8.82951e+01  2.14391e+02
112  12  1.35286e+20          nan  1.66626e+04  1.10444e+04  4.69830e+02  2.00000e+04 -5.57909e-08  8.82345e+01  2.13538e+02
113  11  1.26236e+20          nan  1.66130e+04  1.11193e+04  4.78377e+02  2.00000e+04 -3.50830e-10  8.82590e+01  2.13795e+02
114   9  1.05120e+20          nan  1.61421e+04  1.17939e+04  5.06890e+02  2.00000e+04 -1.65246e-07  8.83407e+01  2.16153e+02
115  11  1.30744e+20          nan  1.62020e+04  1.17114e+04  5.04936e+02  2.00000e+04 -1.33227e-11  8.83351e+01  2.15861e+02
116  11  1.33028e+20          nan  1.65070e+04  1.12769e+04  4.93309e+02  2.00000e+04 -1.33227e-11  8.83018e+01  2.14339e+02
117  12  1.47635e+20          nan  1.63951e+04  1.14388e+04  4.90197e+02  2.00000e+04 -3.03457e-03  8.82929e+01  2.14903e+02
118  11  1.37655e+20          nan  1.67214e+04  1.09556e+04  4.79333e+02  2.00000e+04 -2.66454e-11  8.82618e+01  2.13232e+02
119  11  1.39998e+20          nan  1.65070e+04  1.12769e+04  4.93291e+02  2.00000e+04  0.00000e+00  8.83018e+01  2.14339e+02
120  10  1.29419e+20          nan  1.61702e+04  1.17550e+04  4.99884e+02  2.00000e+04  0.00000e+00  8.83207e+01  2.16015e+02
121  10  1.31585e+20          nan  1.60798e+04  1.18791e+04  5.13949e+02  2.00000e+04 -2.37990e-07  8.83610e+01  2.16456e+02
122  10  1.33769e+20          nan  1.60532e+04  1.19146e+04  5.05882e+02  2.00000e+04 -3.99680e-11  8.83379e+01  2.16583e+02
123  13  1.76762e+20          nan  1.65657e+04  1.11899e+04  4.82862e+02  2.00000e+04 -1.95399e-10  8.82719e+01  2.14039e+02
124  12  1.65829e+20          nan  1.63952e+04  1.14387e+04  4.90244e+02  2.00000e+04 -2.12030e-08  8.82930e+01  2.14903e+02
125  10  1.40429e+20          nan  1.63798e+04  1.14606e+04  4.89050e+02  2.00000e+04 -1.74083e-09  8.82896e+01  2.14980e+02
126  12  1.71221e+20          nan  1.65898e+04  1.11544e+04  4.87949e+02  2.00000e+04 -8.39329e-10  8.82865e+01  2.13916e+02
127   8  1.15967e+20          nan  1.63732e+04  1.14696e+04  4.78981e+02  2.00000e+04 -1.56559e-07  8.82608e+01  2.15012e+02
128  10  1.47250e+20          nan  1.63980e+04  1.14347e+04  4.91679e+02  2.00000e+04 -9.49045e-07  8.82971e+01  2.14889e+02
129   8  1.19648e+20          nan  1.61471e+04  1.17871e+04  5.06398e+02  2.00000e+04 -1.90286e-07  8.83393e+01  2.16129e+02
130  10  1.51888e+20          nan  1.59530e+04  1.20488e+04  5.13532e+02  2.00000e+04 -8.59313e-09  8.83598e+01  2.17063e+02
131  11  1.69657e+20          nan  1.63067e+04  1.15650e+04  4.99781e+02  2.00000e+04 -1.91624e-09  8.83204e+01  2.15345e+02
132  13  2.03576e+20          nan  1.65657e+04  1.11899e+04  4.82839e+02  2.00000e+04 -3.17524e-10  8.82718e+01  2.14039e+02
133  11  1.74877e+20          nan  1.63139e+04  1.15551e+04  5.05614e+02  2.00000e+04 -7.66054e-10  8.83371e+01  2.15310e+02
134  12  1.93654e+20          nan  1.67796e+04  1.08659e+04  4.71366e+02  2.00000e+04 -1.14797e-09  8.82389e+01  2.12926e+02
135  10  1.63796e+20          nan  1.64113e+04  1.14161e+04  5.01262e+02  2.00000e+04 -3.68594e-10  8.83246e+01  2.14823e+02
136  13  2.16101e+20          nan  1.64641e+04  1.13385e+04  4.75401e+02  2.00000e+04 -9.28146e-09  8.82505e+01  2.14554e+02
137  11  1.85554e+20          nan  1.67214e+04  1.09556e+04  4.79340e+02  2.00000e+04 -1.44214e-07  8.82618e+01  2.13232e+02
138  11  1.88273e+20          nan  1.62999e+04  1.15743e+04  4.97327e+02  2.00000e+04  0.00000e+00  8.83133e+01  2.15378e+02
139   9  1.56282e+20          nan  1.63148e+04  1.15537e+04  5.05222e+02  2.00000e+04 -4.41869e-10  8.83360e+01  2.15305e+02
140   9  1.58538e+20          nan  1.58028e+04  1.22458e+04  5.26640e+02  2.00000e+04 -3.10862e-10  8.83973e+01  2.17773e+02
141  10  1.78679e+20          nan  1.60691e+04  1.18932e+04  5.07394e+02  2.00000e+04 -3.64153e-10  8.83422e+01  2.16506e+02
142  10  1.81223e+20          nan  1.64113e+04  1.14160e+04  5.01094e+02  2.00000e+04  0.00000e+00  8.83241e+01  2.14823e+02
143  13  2.38920e+20          nan  1.65657e+04  1.11899e+04  4.82871e+02  2.00000e+04 -6.66134e-12  8.82719e+01  2.14039e+02
144   9  1.67727e+20          nan  1.67775e+04  1.08688e+04  4.65647e+02  2.00000e+04 -1.06581e-10  8.82225e+01  2.12936e+02
145  12  2.26753e+20          nan  1.63952e+04  1.14387e+04  4.90174e+02  2.00000e+04 -6.75016e-10  8.82928e+01  2.14903e+02
146  14  2.68207e+20          nan  1.68741e+04  1.07186e+04  4.71716e+02  2.00000e+04 -2.93099e-10  8.82399e+01  2.12424e+02
147  11  2.13631e+20          nan  1.62999e+04  1.15744e+04  4.97220e+02  2.00000e+04 -1.34190e-07  8.83130e+01  2.15378e+02
148  11  2.16547e+20          nan  1.62899e+04  1.15881e+04  4.90703e+02  2.00000e+04 -1.61143e-05  8.82943e+01  2.15427e+02
149  13  2.59390e+20          nan  1.66513e+04  1.10618e+04  4.76830e+02  2.00000e+04 -4.18554e-09  8.82546e+01  2.13597e+02
150  10  2.02218e+20          nan  1.66086e+04  1.11260e+04  4.79268e+02  2.00000e+04 -1.01932e-07  8.82616e+01  2.13818e+02
151  11  2.25415e+20          nan  1.70150e+04  1.04931e+04  4.65326e+02  2.00000e+04 -6.66134e-11  8.82216e+01  2.11662e+02
152   9  1.86882e+20          nan  1.61422e+04  1.17939e+04  5.07005e+02  2.00000e+04 -2.66454e-11  8.83411e+01  2.16153e+02
153   9  1.89349e+20          nan  1.66721e+04  1.10310e+04  4.88316e+02  2.00000e+04 -2.13163e-10  8.82875e+01  2.13490e+02
154  11  2.34461e+20          nan  1.61858e+04  1.17334e+04  4.96559e+02  2.00000e+04 -1.37668e-10  8.83111e+01  2.15939e+02
155  11  2.37516e+20          nan  1.66092e+04  1.11248e+04  4.75955e+02  2.00000e+04 -4.44089e-12  8.82521e+01  2.13814e+02
156  12  2.62462e+20          nan  1.63950e+04  1.14389e+04  4.90733e+02  2.00000e+04 -1.72387e-07  8.82944e+01  2.14904e+02
157   9  1.99379e+20          nan  1.61422e+04  1.17939e+04  5.06948e+02  2.00000e+04  0.00000e+00  8.83409e+01  2.16153e+02
158   9  2.01927e+20          nan  1.59015e+04  1.21165e+04  5.10030e+02  2.00000e+04  0.00000e+00  8.83497e+01  2.17307e+02
159  13  2.95376e+20          nan  1.67404e+04  1.09264e+04  4.75653e+02  2.00000e+04 -2.82618e-07  8.82512e+01  2.13132e+02
160  11  2.53087e+20          nan  1.66176e+04  1.11128e+04  4.85283e+02  2.00000e+04 -7.10543e-11  8.82788e+01  2.13772e+02
161  12  2.79557e+20          nan  1.63721e+04  1.14708e+04  4.74556e+02  2.00000e+04 -1.95399e-10  8.82481e+01  2.15016e+02
162  15  3.53800e+20          nan  1.70625e+04  1.04155e+04  4.63271e+02  2.00000e+04 -1.84075e-07  8.82157e+01  2.11401e+02
163  12  2.86545e+20          nan  1.63952e+04  1.14387e+04  4.90255e+02  2.00000e+04 -1.97842e-09  8.82931e+01  2.14903e+02
164  11  2.65899e+20          nan  1.63065e+04  1.15652e+04  4.99499e+02  2.00000e+04 -8.88178e-12  8.83196e+01  2.15346e+02
165  10  2.44684e+20          nan  1.63873e+04  1.14503e+04  4.95937e+02  2.00000e+04 -6.33960e-07  8.83093e+01  2.14943e+02
166  10  2.47659e+20          nan  1.65344e+04  1.12363e+04  4.87449e+02  2.00000e+04 -1.11022e-11  8.82850e+01  2.14199e+02
167  12  3.00782e+20          nan  1.64013e+04  1.14303e+04  4.96005e+02  2.00000e+04 -2.66454e-11  8.83095e+01  2.14873e+02
168  12  3.04395e+20          nan  1.64967e+04  1.12918e+04  4.91803e+02  2.00000e+04 -2.74412e-06  8.82975e+01  2.14391e+02
169   8  2.05353e+20          nan  1.55818e+04  1.25260e+04  5.32018e+02  2.00000e+04 -2.41140e-09  8.84128e+01  2.18796e+02
170  11  2.85712e+20          nan  1.60661e+04  1.18967e+04  4.94652e+02  2.00000e+04 -5.32907e-11  8.83057e+01  2.16520e+02
171   9  2.36522e+20          nan  1.64183e+04  1.14054e+04  4.91350e+02  2.00000e+04 -4.15223e-10  8.82962e+01  2.14787e+02
172  11  2.92474e+20          nan  1.61857e+04  1.17335e+04  4.96564e+02  2.00000e+04 -2.90434e-09  8.83111e+01  2.15939e+02
173  10  2.68986e+20          nan  1.60433e+04  1.19278e+04  5.03662e+02  2.00000e+04 -3.99680e-11  8.83315e+01  2.16630e+02
174  11  2.99315e+20          nan  1.64719e+04  1.13274e+04  4.79570e+02  2.00000e+04 -4.52971e-10  8.82624e+01  2.14515e+02
175  12  3.30289e+20          nan  1.64012e+04  1.14303e+04  4.95975e+02  2.00000e+04 -5.54423e-08  8.83095e+01  2.14873e+02
176   8  2.22717e+20          nan  1.60222e+04  1.19567e+04  5.15615e+02  2.00000e+04 -1.33227e-11  8.83657e+01  2.16732e+02
177  10  2.81568e+20          nan  1.60890e+04  1.18667e+04  5.16151e+02  2.00000e+04 -3.10862e-11  8.83673e+01  2.16411e+02
178  10  2.84759e+20          nan  1.60691e+04  1.18932e+04  5.07354e+02  2.00000e+04 -5.09948e-08  8.83421e+01  2.16506e+02
179  13  3.74358e+20          nan  1.66462e+04  1.10693e+04  4.72794e+02  2.00000e+04 -3.24185e-10  8.82430e+01  2.13623e+02
180  10  2.91194e+20          nan  1.60692e+04  1.18932e+04  5.07267e+02  2.00000e+04 -6.04583e-08  8.83418e+01  2.16506e+02
181  11  3.23882e+20          nan  1.63068e+04  1.15648e+04  4.99072e+02  2.00000e+04 -8.10019e-09  8.83183e+01  2.15344e+02
182   9  2.67931e+20          nan  1.66313e+04  1.10922e+04  4.83216e+02  2.00000e+04 -5.15721e-08  8.82729e+01  2.13701e+02
183  12  3.61178e+20          nan  1.65815e+04  1.11665e+04  4.82298e+02  2.00000e+04 -4.44089e-12  8.82703e+01  2.13958e+02
184  13  3.95564e+20          nan  1.65589e+04  1.11995e+04  4.75939e+02  2.00000e+04 -3.25850e-08  8.82520e+01  2.14072e+02
185  10  3.07596e+20          nan  1.61702e+04  1.17550e+04  5.00302e+02  2.00000e+04  0.00000e+00  8.83219e+01  2.16015e+02
186  11  3.42024e+20          nan  1.61858e+04  1.17334e+04  4.96596e+02  2.00000e+04 -3.55271e-11  8.83112e+01  2.15939e+02
187  12  3.77140e+20          nan  1.69711e+04  1.05642e+04  4.68222e+02  2.00000e+04 -5.48450e-09  8.82299e+01  2.11901e+02
188  11  3.49419e+20          nan  1.61858e+04  1.17334e+04  4.96620e+02  2.00000e+04  0.00000e+00  8.83113e+01  2.15939e+02
189  11  3.53146e+20          nan  1.62999e+04  1.15743e+04  4.97017e+02  2.00000e+04 -3.29847e-07  8.83124e+01  2.15378e+02
190  11  3.56893e+20          nan  1.67214e+04  1.09556e+04  4.79240e+02  2.00000e+04 -8.37108e-09  8.82615e+01  2.13232e+02
191  12  3.93446e+20          nan  1.64968e+04  1.12917e+04  4.90948e+02  2.00000e+04 -5.63993e-09  8.82950e+01  2.14391e+02
192  13  4.30709e+20          nan  1.65657e+04  1.11899e+04  4.82964e+02  2.00000e+04 -2.66454e-11  8.82722e+01  2.14039e+02
193  12  4.01729e+20          nan  1.69614e+04  1.05804e+04  4.80538e+02  2.00000e+04 -2.35687e-07  8.82652e+01  2.11956e+02
194   9  3.04427e+20          nan  1.66632e+04  1.10438e+04  4.77724e+02  2.00000e+04 -3.10862e-11  8.82571e+01  2.13535e+02
195  10  3.41749e+20          nan  1.68587e+04  1.07428e+04  4.71742e+02  2.00000e+04  0.00000e+00  8.82400e+01  2.12507e+02
196  11  3.79789e+20          nan  1.63065e+04  1.15652e+04  4.99456e+02  2.00000e+04 -2.57572e-09  8.83194e+01  2.15346e+02
197  11  3.83674e+20          nan  1.62020e+04  1.17114e+04  5.04903e+02  2.00000e+04 -1.33227e-10  8.83350e+01  2.15861e+02
198  11  3.87580e+20          nan  1.65122e+04  1.12692e+04  4.90650e+02  2.00000e+04 -2.66454e-11  8.82942e+01  2.14313e+02
199  12  4.27096e+20          nan  1.63952e+04  1.14387e+04  4.90332e+02  2.00000e+04 -1.16080e-07  8.82933e+01  2.14903e+02
200  11  3.95449e+20          nan  1.66130e+04  1.11192e+04  4.78285e+02  2.00000e+04 -6.83897e-10  8.82588e+01  2.13795e+02
201   9  3.26793e+20          nan  1.42533e+04 -1.39195e+04  6.31149e+01  1.99489e+04 -4.62674e+00  8.70608e+01  1.35679e+02
202   7  2.56708e+20          nan  1.54479e+04  1.26910e+04  5.36685e+02  2.00000e+04 -2.88658e-11  8.84261e+01  2.19404e+02
203  11  4.07402e+20          nan  1.61858e+04  1.17334e+04  4.96620e+02  2.00000e+04  0.00000e+00  8.83113e+01  2.15939e+02
204  10  3.74023e+20          nan  1.62767e+04  1.16066e+04  4.90700e+02  2.00000e+04 -3.99680e-11  8.82943e+01  2.15492e+02
205  11  4.15469e+20          nan  1.62874e+04  1.15919e+04  4.95622e+02  2.00000e+04 -2.63789e-09  8.83084e+01  2.15440e+02
206  11  4.19532e+20          nan  1.62796e+04  1.16026e+04  4.89500e+02  2.00000e+04 -1.36779e-09  8.82909e+01  2.15478e+02
207   9  3.46594e+20          nan  1.63148e+04  1.15537e+04  5.05103e+02  2.00000e+04 -4.57412e-10  8.83356e+01  2.15305e+02
208  10  3.88834e+20          nan  1.64197e+04  1.14036e+04  4.93752e+02  2.00000e+04 -2.22045e-11  8.83031e+01  2.14780e+02
209  10  3.92582e+20          nan  1.60691e+04  1.18932e+04  5.07350e+02  2.00000e+04 -1.54869e-06  8.83421e+01  2.16506e+02
210   8  3.17078e+20          nan  1.57358e+04  1.23319e+04  5.30920e+02  2.00000e+04 -6.16840e-09  8.84096e+01  2.18085e+02
211  12  4.80158e+20          nan  1.64968e+04  1.12917e+04  4.90989e+02  2.00000e+04 -8.48210e-09  8.82952e+01  2.14391e+02
212  11  4.44327e+20          nan  1.63065e+04  1.15652e+04  4.99425e+02  2.00000e+04 -5.24025e-10  8.83193e+01  2.15346e+02
213  12  4.89304e+20          nan  1.65425e+04  1.12232e+04  4.63860e+02  2.00000e+04 -7.77156e-11  8.82174e+01  2.14155e+02
214  11  4.52750e+20          nan  1.64779e+04  1.13190e+04  4.86069e+02  2.00000e+04 -2.66454e-11  8.82811e+01  2.14486e+02
215  12  4.98536e+20          nan  1.63952e+04  1.14387e+04  4.90266e+02  2.00000e+04 -2.12275e-09  8.82931e+01  2.14903e+02
216  12  5.03184e+20          nan  1.66823e+04  1.10154e+04  4.82578e+02  2.00000e+04  0.00000e+00  8.82711e+01  2.13437e+02
217   9  3.80890e+20          nan  1.61625e+04  1.17657e+04  5.02217e+02  2.00000e+04 -4.44089e-12  8.83273e+01  2.16053e+02
218  13  5.55258e+20          nan  1.65657e+04  1.11899e+04  4.82788e+02  2.00000e+04 -1.12620e-06  8.82717e+01  2.14038e+02
219   9  3.87944e+20          nan  1.57530e+04  1.23093e+04  5.15722e+02  2.00000e+04 -1.68576e-08  8.83661e+01  2.18004e+02
220  11  4.78494e+20          nan  1.61858e+04  1.17334e+04  4.96716e+02  2.00000e+04 -1.57208e-09  8.83116e+01  2.15939e+02
221  12  5.26749e+20          nan  1.64968e+04  1.12917e+04  4.90917e+02  2.00000e+04 -9.56124e-09  8.82950e+01  2.14391e+02
222  13  5.75821e+20          nan  1.65657e+04  1.11899e+04  4.82885e+02  2.00000e+04 -7.54952e-11  8.82719e+01  2.14039e+02
223  11  4.91633e+20          nan  1.66022e+04  1.11358e+04  4.85443e+02  2.00000e+04 -1.90735e-02  8.82793e+01  2.13851e+02
224  13  5.86243e+20          nan  1.65657e+04  1.11899e+04  4.82854e+02  2.00000e+04  0.00000e+00  8.82719e+01  2.14039e+02
225  13  5.91489e+20          nan  1.66513e+04  1.10618e+04  4.77032e+02  2.00000e+04  0.00000e+00  8.82552e+01  2.13597e+02
226  12  5.50854e+20          nan  1.65815e+04  1.11665e+04  4.82152e+02  2.00000e+04 -4.97380e-10  8.82698e+01  2.13958e+02
227  11  5.09428e+20          nan  1.66130e+04  1.11192e+04  4.78352e+02  2.00000e+04 -1.90735e-02  8.82589e+01  2.13795e+02
228  11  5.13926e+20          nan  1.68966e+04  1.06823e+04  4.58433e+02  2.00000e+04 -9.76996e-11  8.82019e+01  2.12302e+02
229  13  6.12707e+20          nan  1.65589e+04  1.11996e+04  4.75960e+02  2.00000e+04 -4.32987e-10  8.82521e+01  2.14072e+02
230  11  5.22982e+20          nan  1.62831e+04  1.15976e+04  4.88308e+02  2.00000e+04 -6.40821e-09  8.82875e+01  2.15460e+02
231  12  5.75498e+20          nan  1.63952e+04  1.14387e+04  4.90148e+02  2.00000e+04 -1.25233e-09  8.82928e+01  2.14903e+02
232  11  5.32117e+20          nan  1.63065e+04  1.15652e+04  4.99410e+02  2.00000e+04 -4.44089e-12  8.83193e+01  2.15346e+02
233  11  5.36714e+20          nan  1.61945e+04  1.17217e+04  5.03247e+02  2.00000e+04 -6.63469e-08  8.83303e+01  2.15897e+02
234  11  5.41331e+20          nan  1.66132e+04  1.11190e+04  4.78362e+02  2.00000e+04 -7.16782e-07  8.82590e+01  2.13794e+02
235  10  4.96334e+20          nan  1.69725e+04  1.05622e+04  4.73390e+02  2.00000e+04 -4.40981e-09  8.82447e+01  2.11894e+02
236  10  5.00567e+20          nan  1.60692e+04  1.18932e+04  5.07864e+02  2.00000e+04 -2.22045e-11  8.83435e+01  2.16506e+02
237  12  6.05782e+20          nan  1.64012e+04  1.14303e+04  4.96014e+02  2.00000e+04 -4.14335e-09  8.83096e+01  2.14873e+02
238  13  6.61814e+20          nan  1.65657e+04  1.11899e+04  4.82769e+02  2.00000e+04 -3.85514e-08  8.82716e+01  2.14039e+02
239  10  5.13374e+20          nan  1.60691e+04  1.18932e+04  5.07317e+02  2.00000e+04 -3.55271e-11  8.83420e+01  2.16506e+02
240  13  6.72983e+20          nan  1.65657e+04  1.11899e+04  4.82788e+02  2.00000e+04 -2.22045e-09  8.82717e+01  2.14039e+02
241  10  5.22003e+20          nan  1.64063e+04  1.14224e+04  4.83920e+02  2.00000e+04 -1.29518e-06  8.82749e+01  2.14846e+02
242  10  5.26343e+20          nan  1.60890e+04  1.18667e+04  5.16133e+02  2.00000e+04 -1.42997e-09  8.83672e+01  2.16411e+02
243  13  6.89913e+20          nan  1.65657e+04  1.11899e+04  4.82981e+02  2.00000e+04 -1.96065e-09  8.82722e+01  2.14039e+02
244  11  5.88587e+20          nan  1.67090e+04  1.09750e+04  4.86355e+02  2.00000e+04 -5.30729e-07  8.82819e+01  2.13298e+02
245  10  5.39474e+20          nan  1.64063e+04  1.14223e+04  4.84197e+02  2.00000e+04  0.00000e+00  8.82757e+01  2.14846e+02
246  10  5.43887e+20          nan  1.60319e+04  1.19428e+04  4.96642e+02  2.00000e+04 -8.22009e-09  8.83114e+01  2.16684e+02
247  10  5.48318e+20          nan  1.60666e+04  1.18966e+04  5.06414e+02  2.00000e+04 -5.41789e-10  8.83394e+01  2.16518e+02
248  12  6.63320e+20          nan  1.64012e+04  1.14303e+04  4.95984e+02  2.00000e+04  0.00000e+00  8.83095e+01  2.14873e+02
249  10  5.57234e+20          nan  1.61774e+04  1.17450e+04  4.96585e+02  2.00000e+04 -2.74167e-06  8.83112e+01  2.15980e+02
250  11  6.17890e+20          nan  1.63139e+04  1.15551e+04  5.05688e+02  2.00000e+04 -4.21885e-11  8.83373e+01  2.15310e+02
251  12  6.79465e+20          nan  1.64012e+04  1.14303e+04  4.95751e+02  2.00000e+04 -3.10862e-11  8.83088e+01  2.14873e+02
252  10  5.70742e+20          nan  1.59529e+04  1.20489e+04  5.13324e+02  2.00000e+04 -3.75255e-10  8.83592e+01  2.17063e+02
253  11  6.32809e+20          nan  1.66176e+04  1.11128e+04  4.84845e+02  2.00000e+04 -4.04787e-09  8.82776e+01  2.13772e+02
254   9  5.21854e+20          nan  1.65047e+04  1.12800e+04  4.89999e+02  2.00000e+04 -1.28551e-06  8.82923e+01  2.14350e+02
255  13  7.59736e+20          nan  1.64641e+04  1.13385e+04  4.75412e+02  2.00000e+04 -4.75620e-09  8.82505e+01  2.14554e+02
256   8  4.71204e+20          nan  1.61398e+04  1.17973e+04  5.12368e+02  2.00000e+04 -1.58985e-05  8.83564e+01  2.16165e+02
257  12  7.12338e+20          nan  1.63898e+04  1.14462e+04  4.88046e+02  2.00000e+04 -1.55431e-11  8.82867e+01  2.14929e+02
258  11  6.58068e+20          nan  1.66095e+04  1.11245e+04  4.76095e+02  2.00000e+04 -1.27740e-06  8.82525e+01  2.13813e+02
259  10  6.02890e+20          nan  1.60884e+04  1.18661e+04  4.86629e+02  2.00000e+04 -4.13635e-03  8.82827e+01  2.16411e+02
260  10  6.07555e+20          nan  1.64063e+04  1.14223e+04  4.83769e+02  2.00000e+04 -1.32186e-06  8.82745e+01  2.14846e+02
261  11  6.73461e+20          nan  1.63139e+04  1.15551e+04  5.05557e+02  2.00000e+04 -1.77636e-11  8.83369e+01  2.15310e+02
262  12  7.40325e+20          nan  1.71356e+04  1.02939e+04  4.48741e+02  2.00000e+04  0.00000e+00  8.81741e+01  2.10995e+02
263  11  6.83822e+20          nan  1.61858e+04  1.17334e+04  4.96578e+02  2.00000e+04  0.00000e+00  8.83112e+01  2.15939e+02
264  13  8.14310e+20          nan  1.67426e+04  1.09232e+04  4.77215e+02  2.00000e+04 -4.21663e-09  8.82557e+01  2.13121e+02
265  11  6.94262e+20          nan  1.64779e+04  1.13190e+04  4.86000e+02  2.00000e+04 -7.32747e-10  8.82809e+01  2.14486e+02
266  10  6.35919e+20          nan  1.60691e+04  1.18932e+04  5.07506e+02  2.00000e+04 -2.52198e-08  8.83425e+01  2.16506e+02
267  12  7.68852e+20          nan  1.64968e+04  1.12917e+04  4.90795e+02  2.00000e+04 -1.73215e-07  8.82946e+01  2.14391e+02
268   9  5.80966e+20          nan  1.59015e+04  1.21166e+04  5.09907e+02  2.00000e+04 -9.99201e-11  8.83494e+01  2.17307e+02
269  10  6.50344e+20          nan  1.64197e+04  1.14036e+04  4.93582e+02  2.00000e+04 -1.90735e-02  8.83026e+01  2.14780e+02
270  10  6.55189e+20          nan  1.60691e+04  1.18932e+04  5.07327e+02  2.00000e+04 -2.22045e-12  8.83420e+01  2.16506e+02
271  12  7.92061e+20          nan  1.69681e+04  1.05687e+04  4.65629e+02  2.00000e+04 -1.12266e-08  8.82225e+01  2.11917e+02
272  10  6.64931e+20          nan  1.60532e+04  1.19146e+04  5.05813e+02  2.00000e+04 -1.50990e-09  8.83377e+01  2.16583e+02
273   9  6.02846e+20          nan  1.70350e+04  1.04610e+04  4.71833e+02  2.00000e+04 -2.73226e-08  8.82403e+01  2.11554e+02
274  12  8.09695e+20          nan  1.64011e+04  1.14304e+04  4.95686e+02  2.00000e+04 -2.77778e-09  8.83086e+01  2.14874e+02
275  12  8.15616e+20          nan  1.63898e+04  1.14462e+04  4.88039e+02  2.00000e+04  0.00000e+00  8.82867e+01  2.14929e+02
276  12  8.21558e+20          nan  1.63951e+04  1.14387e+04  4.90090e+02  2.00000e+04 -1.73118e-06  8.82926e+01  2.14903e+02
277   9  6.20642e+20          nan  1.60271e+04  1.19499e+04  5.10222e+02  2.00000e+04 -1.34557e-07  8.83503e+01  2.16708e+02
278  10  6.94590e+20          nan  1.67543e+04  1.09053e+04  4.80484e+02  2.00000e+04 -2.22045e-11  8.82651e+01  2.13060e+02
279  12  8.39515e+20          nan  1.65898e+04  1.11544e+04  4.87889e+02  2.00000e+04 -3.73035e-10  8.82863e+01  2.13916e+02
280  11  7.75082e+20          nan  1.62999e+04  1.15743e+04  4.97208e+02  2.00000e+04 -3.10862e-11  8.83130e+01  2.15378e+02
281  12  8.51595e+20          nan  1.68750e+04  1.07169e+04  4.67051e+02  2.00000e+04 -2.22968e-07  8.82266e+01  2.12419e+02
282  11  7.86194e+20          nan  1.62992e+04  1.15753e+04  4.97215e+02  2.00000e+04 -2.40696e-08  8.83130e+01  2.15381e+02
283   7  5.03860e+20          nan  1.62687e+04  1.16183e+04  4.99988e+02  2.00000e+04 -2.24265e-10  8.83210e+01  2.15532e+02
284  10  7.24896e+20          nan  1.65013e+04  1.12847e+04  4.84012e+02  2.00000e+04 -2.22045e-12  8.82752e+01  2.14367e+02
285  11  8.03011e+20          nan  1.61858e+04  1.17334e+04  4.96633e+02  2.00000e+04 -2.03797e-07  8.83113e+01  2.15939e+02
286   9  6.61628e+20          nan  1.65339e+04  1.12368e+04  4.82665e+02  2.00000e+04 -4.52793e-08  8.82713e+01  2.14201e+02
287  12  8.88350e+20          nan  1.64968e+04  1.12917e+04  4.90919e+02  2.00000e+04 -5.02487e-09  8.82950e+01  2.14391e+02
288  10  7.45459e+20          nan  1.59529e+04  1.20489e+04  5.13361e+02  2.00000e+04 -2.89131e-07  8.83593e+01  2.17063e+02
289   9  6.75581e+20          nan  1.62978e+04  1.15773e+04  4.95063e+02  2.00000e+04 -4.97824e-09  8.83068e+01  2.15388e+02
290  12  9.07019e+20          nan  1.64968e+04  1.12917e+04  4.90904e+02  2.00000e+04 -4.44089e-11  8.82949e+01  2.14391e+02
291   9  6.84964e+20          nan  1.58028e+04  1.22458e+04  5.26635e+02  2.00000e+04 -3.16236e-08  8.83973e+01  2.17772e+02
292  10  7.66310e+20          nan  1.60798e+04  1.18791e+04  5.13824e+02  2.00000e+04 -3.50830e-10  8.83606e+01  2.16456e+02
293   9  6.94411e+20          nan  1.57531e+04  1.23092e+04  5.15608e+02  2.00000e+04 -9.23706e-10  8.83657e+01  2.18003e+02
294   9  6.99159e+20          nan  1.64126e+04  1.14135e+04  4.86747e+02  2.00000e+04 -2.71174e-07  8.82830e+01  2.14815e+02
295  10  7.82138e+20          nan  1.66297e+04  1.10947e+04  4.86229e+02  2.00000e+04 -8.88178e-12  8.82815e+01  2.13710e+02
296  11  8.66194e+20          nan  1.64719e+04  1.13273e+04  4.79495e+02  2.00000e+04 -6.33271e-09  8.82622e+01  2.14515e+02
297  10  7.92779e+20          nan  1.60532e+04  1.19146e+04  5.05923e+02  2.00000e+04 -3.77920e-09  8.83380e+01  2.16583e+02
298  10  7.98126e+20          nan  1.64197e+04  1.14036e+04  4.93674e+02  2.00000e+04 -1.02206e-06  8.83029e+01  2.14780e+02
299  11  8.83841e+20          nan  1.63065e+04  1.15652e+04  4.99567e+02  2.00000e+04 -2.22045e-11  8.83198e+01  2.15346e+02
300  11  8.89763e+20          nan  1.65832e+04  1.11639e+04  4.80351e+02  2.00000e+04 -7.54952e-11  8.82647e+01  2.13949e+02
301  12  9.77132e+20          nan  1.63898e+04  1.14462e+04  4.88149e+02  2.00000e+04 -1.03473e-09  8.82870e+01  2.14929e+02
302  11  9.01666e+20          nan  1.62999e+04  1.15743e+04  4.97102e+02  2.00000e+04 -4.69846e-09  8.83127e+01  2.15378e+02
303  10  8.25134e+20          nan  1.64136e+04  1.14123e+04  4.91199e+02  2.00000e+04 -7.54952e-10  8.82958e+01  2.14811e+02
304   7  5.81412e+20          nan  1.57788e+04  1.22764e+04  5.19151e+02  2.00000e+04 -4.52971e-09  8.83759e+01  2.17884e+02
305  11  9.19669e+20          nan  1.62726e+04  1.16122e+04  4.87109e+02  2.00000e+04 -3.01537e-08  8.82840e+01  2.15512e+02
306  11  9.25709e+20          nan  1.61858e+04  1.17334e+04  4.96556e+02  2.00000e+04 -6.78600e-03  8.83111e+01  2.15939e+02
307  10  8.47063e+20          nan  1.61702e+04  1.17550e+04  4.99646e+02  2.00000e+04 -6.21725e-10  8.83200e+01  2.16015e+02
308  12  1.02311e+21          nan  1.63952e+04  1.14387e+04  4.90280e+02  2.00000e+04 -3.92146e-07  8.82931e+01  2.14903e+02
309  11  9.43950e+20          nan  1.62874e+04  1.15919e+04  4.95223e+02  2.00000e+04 -9.65894e-09  8.83073e+01  2.15440e+02
310  13  1.12281e+21          nan  1.65659e+04  1.11895e+04  4.82695e+02  2.00000e+04 -1.48451e-06  8.82714e+01  2.14037e+02
311  11  9.56209e+20          nan  1.70150e+04  1.04931e+04  4.65287e+02  2.00000e+04 -6.59406e-08  8.82215e+01  2.11662e+02
312  10  8.74880e+20          nan  1.64064e+04  1.14223e+04  4.84266e+02  2.00000e+04 -4.26992e-09  8.82759e+01  2.14846e+02
313  11  9.68547e+20          nan  1.69078e+04  1.06648e+04  4.62511e+02  2.00000e+04 -1.38352e-07  8.82135e+01  2.12242e+02
314  11  9.74746e+20          nan  1.66130e+04  1.11192e+04  4.78323e+02  2.00000e+04 -1.89626e-09  8.82589e+01  2.13795e+02
315  11  9.80964e+20          nan  1.66130e+04  1.11192e+04  4.78183e+02  2.00000e+04 -1.10134e-09  8.82585e+01  2.13795e+02
316  10  8.97457e+20          nan  1.67054e+04  1.09781e+04  4.44506e+02  2.00000e+04 -1.33227e-09  8.81619e+01  2.13311e+02
317   9  8.12831e+20          nan  1.63148e+04  1.15537e+04  5.05071e+02  2.00000e+04  0.00000e+00  8.83355e+01  2.15305e+02
318  10  9.08853e+20          nan  1.60798e+04  1.18791e+04  5.13751e+02  2.00000e+04 -8.17124e-10  8.83604e+01  2.16456e+02
319  11  1.00604e+21          nan  1.63065e+04  1.15652e+04  5.00009e+02  2.00000e+04 -1.64313e-10  8.83210e+01  2.15346e+02
320  11  1.01235e+21          nan  1.61945e+04  1.17217e+04  5.01552e+02  2.00000e+04 -2.02727e-09  8.83254e+01  2.15897e+02
321  10  9.26082e+20          nan  1.61615e+04  1.17668e+04  4.97160e+02  2.00000e+04 -6.81677e-09  8.83129e+01  2.16058e+02
322  11  1.02505e+21          nan  1.62796e+04  1.16026e+04  4.89614e+02  2.00000e+04 -2.09610e-09  8.82912e+01  2.15478e+02
323  10  9.37658e+20          nan  1.60798e+04  1.18791e+04  5.13848e+02  2.00000e+04 -4.44089e-12  8.83607e+01  2.16456e+02
324   9  8.49125e+20          nan  1.58024e+04  1.22462e+04  5.26464e+02  2.00000e+04 -7.92033e-08  8.83968e+01  2.17774e+02
325  10  9.49306e+20          nan  1.65191e+04  1.12591e+04  4.92710e+02  2.00000e+04 -1.18572e-09  8.83001e+01  2.14278e+02
326  10  9.55156e+20          nan  1.62933e+04  1.15838e+04  4.97958e+02  2.00000e+04 -3.95461e-09  8.83151e+01  2.15411e+02
327  11  1.05713e+21          nan  1.66130e+04  1.11193e+04  4.78704e+02  2.00000e+04  0.00000e+00  8.82600e+01  2.13795e+02
328  10  9.66912e+20          nan  1.64197e+04  1.14036e+04  4.93662e+02  2.00000e+04 -9.30367e-10  8.83028e+01  2.14780e+02
329  10  9.72817e+20          nan  1.60890e+04  1.18667e+04  5.16106e+02  2.00000e+04 -7.09210e-09  8.83672e+01  2.16411e+02
330  12  1.17449e+21          nan  1.64769e+04  1.13201e+04  4.81418e+02  2.00000e+04 -7.46070e-10  8.82677e+01  2.14490e+02
331  10  9.84681e+20          nan  1.63998e+04  1.14322e+04  4.92785e+02  2.00000e+04  0.00000e+00  8.83003e+01  2.14880e+02
332  13  1.28783e+21          nan  1.67426e+04  1.09232e+04  4.77353e+02  2.00000e+04 -6.50591e-09  8.82561e+01  2.13121e+02
333   8  7.97293e+20          nan  1.65779e+04  1.11725e+04  4.97604e+02  2.00000e+04 -6.27942e-09  8.83141e+01  2.13978e+02
334  10  1.00261e+21          nan  1.63733e+04  1.14698e+04  4.86409e+02  2.00000e+04 -6.43139e-07  8.82820e+01  2.15012e+02
335  12  1.21035e+21          nan  1.63952e+04  1.14387e+04  4.90161e+02  2.00000e+04 -2.04281e-10  8.82928e+01  2.14903e+02
336  10  1.01465e+21          nan  1.60666e+04  1.18966e+04  5.06892e+02  2.00000e+04 -2.66009e-09  8.83407e+01  2.16518e+02
337  10  1.02070e+21          nan  1.64197e+04  1.14036e+04  4.93846e+02  2.00000e+04 -2.35998e-06  8.83034e+01  2.14780e+02
338  12  1.23212e+21          nan  1.63898e+04  1.14462e+04  4.88007e+02  2.00000e+04 -5.77316e-11  8.82866e+01  2.14929e+02
339  10  1.03285e+21          nan  1.63600e+04  1.14887e+04  4.84086e+02  2.00000e+04 -1.33227e-10  8.82754e+01  2.15078e+02
340   9  9.35061e+20          nan  1.61323e+04  1.18072e+04  5.04140e+02  2.00000e+04 -1.92074e-06  8.83329e+01  2.16200e+02
341  10  1.04508e+21          nan  1.60893e+04  1.18663e+04  5.15987e+02  2.00000e+04 -3.07177e-07  8.83668e+01  2.16410e+02
342  10  1.05122e+21          nan  1.64136e+04  1.14123e+04  4.91162e+02  2.00000e+04 -2.95574e-06  8.82957e+01  2.14811e+02
343  12  1.26885e+21          nan  1.65962e+04  1.11452e+04  4.92731e+02  2.00000e+04 -1.08993e-07  8.83002e+01  2.13883e+02
344  13  1.38261e+21          nan  1.65657e+04  1.11899e+04  4.82812e+02  2.00000e+04 -5.69100e-09  8.82717e+01  2.14039e+02
345  10  1.06974e+21          nan  1.61919e+04  1.17255e+04  5.07504e+02  2.00000e+04 -7.54952e-11  8.83425e+01  2.15910e+02
346   9  9.68354e+20          nan  1.61685e+04  1.17575e+04  5.00906e+02  2.00000e+04 -4.39648e-10  8.83236e+01  2.16024e+02
347  12  1.29861e+21          nan  1.63952e+04  1.14387e+04  4.90169e+02  2.00000e+04  0.00000e+00  8.82928e+01  2.14903e+02
348  10  1.08842e+21          nan  1.60890e+04  1.18667e+04  5.15988e+02  2.00000e+04 -6.57252e-10  8.83668e+01  2.16411e+02
349  12  1.31363e+21          nan  1.63952e+04  1.14387e+04  4.90033e+02  2.00000e+04 -3.18412e-09  8.82924e+01  2.14903e+02
350  10  1.10097e+21          nan  1.60691e+04  1.18932e+04  5.07362e+02  2.00000e+04 -1.40776e-09  8.83421e+01  2.16506e+02
351  10  1.10727e+21          nan  1.67230e+04  1.09525e+04  4.65002e+02  2.00000e+04 -1.57208e-09  8.82207e+01  2.13222e+02
352  11  1.22495e+21          nan  1.62898e+04  1.15883e+04  4.90562e+02  2.00000e+04 -5.88862e-09  8.82939e+01  2.15427e+02
353  11  1.23192e+21          nan  1.63000e+04  1.15743e+04  4.96811e+02  2.00000e+04 -8.36486e-08  8.83119e+01  2.15378e+02
354  10  1.12628e+21          nan  1.64063e+04  1.14223e+04  4.84114e+02  2.00000e+04 -7.06102e-10  8.82755e+01  2.14846e+02
355  10  1.13265e+21          nan  1.61740e+04  1.17498e+04  4.97725e+02  2.00000e+04 -2.21620e-06  8.83145e+01  2.15997e+02
356  11  1.25295e+21          nan  1.62020e+04  1.17114e+04  5.04995e+02  2.00000e+04 -2.66009e-08  8.83353e+01  2.15861e+02
357  12  1.37454e+21          nan  1.63952e+04  1.14386e+04  4.90773e+02  2.00000e+04 -1.52456e-08  8.82945e+01  2.14903e+02
358  11  1.26706e+21          nan  1.67214e+04  1.09556e+04  4.79152e+02  2.00000e+04 -5.77316e-10  8.82612e+01  2.13232e+02
359  12  1.38998e+21          nan  1.63952e+04  1.14387e+04  4.90180e+02  2.00000e+04  0.00000e+00  8.82928e+01  2.14903e+02
360  10  1.16478e+21          nan  1.60891e+04  1.18666e+04  5.16122e+02  2.00000e+04 -3.09151e-05  8.83672e+01  2.16411e+02
361   9  1.05414e+21          nan  1.66632e+04  1.10438e+04  4.77545e+02  2.00000e+04 -7.77156e-11  8.82566e+01  2.13535e+02
362  12  1.41331e+21          nan  1.63952e+04  1.14387e+04  4.90155e+02  2.00000e+04 -2.34803e-07  8.82928e+01  2.14903e+02
363  10  1.18428e+21          nan  1.60890e+04  1.18667e+04  5.16213e+02  2.00000e+04 -2.12586e-08  8.83675e+01  2.16411e+02
364   9  1.07173e+21          nan  1.61685e+04  1.17575e+04  5.01656e+02  2.00000e+04 -7.01661e-10  8.83257e+01  2.16024e+02
365   9  1.07763e+21          nan  1.58022e+04  1.22465e+04  5.26563e+02  2.00000e+04 -4.55831e-07  8.83971e+01  2.17775e+02
366  12  1.44472e+21          nan  1.63951e+04  1.14387e+04  4.90224e+02  2.00000e+04 -4.18887e-08  8.82930e+01  2.14903e+02
367  10  1.21052e+21          nan  1.60435e+04  1.19276e+04  5.03924e+02  2.00000e+04 -1.20198e-06  8.83322e+01  2.16629e+02
368  13  1.58226e+21          nan  1.65657e+04  1.11899e+04  4.82853e+02  2.00000e+04  0.00000e+00  8.82718e+01  2.14039e+02
369  10  1.22375e+21          nan  1.64197e+04  1.14036e+04  4.93626e+02  2.00000e+04 -8.54872e-10  8.83027e+01  2.14780e+02
370   9  1.10735e+21          nan  1.61941e+04  1.17232e+04  5.21891e+02  2.00000e+04  0.00000e+00  8.83837e+01  2.15901e+02
371  11  1.36076e+21          nan  1.64991e+04  1.12874e+04  4.75867e+02  2.00000e+04 -1.06581e-10  8.82518e+01  2.14377e+02
372  11  1.36810e+21          nan  1.62020e+04  1.17114e+04  5.04955e+02  2.00000e+04 -8.77476e-08  8.83352e+01  2.15861e+02
