0   4  6.01235e+01          nan  4.10261e+01          nan  3.37218e+04          nan  1.55000e+00  1.87499e+05 
1   4  6.42775e+01          nan  3.61123e+01          nan  1.05498e+04          nan  1.55000e+00  1.59440e+05 
2   4  6.00981e+01          nan  4.11267e+01          nan  2.72698e+04          nan  1.55000e+00  1.79168e+05 
3   5  6.36811e+01          nan  4.06502e+01          nan  3.53624e+04          nan  3.00000e+00  2.07153e+05 
4   4  5.85403e+01          nan  4.10305e+01          nan  3.15949e+03          nan  3.59906e-01  2.79821e+05 
5   5  7.74339e+01          nan  3.69841e+01          nan  4.78337e+03          nan  2.64825e+00  1.94995e+05 
6   5  5.64537e+01          nan  3.46943e+01          nan  1.83984e+04          nan  1.27034e+00  2.67347e+05 
7   5  7.97305e+01          nan  3.71743e+01          nan  6.59148e+03          nan  6.29136e-01  2.63024e+05 
8   5  6.28991e+01          nan  4.08615e+01          nan  6.66011e+03          nan  1.10383e+00  2.83071e+05 
9   5  5.73084e+01          nan  4.17819e+01          nan  2.20691e+04          nan  1.48986e-01  1.83630e+05 
10   5  6.32586e+01          nan  4.09919e+01          nan  2.48149e+04          nan  1.55000e+00  1.39945e+05 
11   4  6.00508e+01          nan  4.10418e+01          nan  8.27548e+03          nan  3.00000e+00  2.54077e+05 
12   5  6.36626e+01          nan  4.07558e+01          nan  2.60463e+03          nan  8.14728e-01  2.99600e+05 
13   5  5.14804e+01          nan  4.28072e+01          nan  7.05765e+03          nan  1.00027e-01  2.66020e+05 
