0	13	16.0	285.8249378135416	34.16325694724135	81.49082279517553	-952737.0231133442	1.3545905488588794	1.3534838961795366	-4388.658969777737	-4396.927204513253	1234.127649961285
0	13	315.0	221.41604367268025	43.59520777804112	59.94650328286506	-108260.11930668846	1.3545905488588794	1.3534838961795366	-4936.21244296368	-3912.5533635083116	1243.167538777881
0	13	116.0	140.04312482609652	157.8607625269936	23.021411894869768	-189683.49301538712	1.3545905488588794	1.3534838961795366	-3943.7916032931407	-3339.8146122646413	1226.4105255794732
0	13	249.0	9.915877527740182	-168.21872976990417	44.88212127460174	-107604.27694992616	1.3545905488588794	1.3534838961795366	-3441.8053143561187	-3629.801308046076	1218.8589630604351
0	13	60.0	120.01751465521819	89.8648014569676	22.518544957363005	-180118.2457010917	1.3545905488588794	1.3534838961795366	-4440.981616585438	-3049.740250088342	1241.646625173694
0	13	113.0	97.74488769970503	177.3274622658996	31.83948728854776	-39029.76310404264	1.3545905488588794	1.3534838961795366	-3440.9308184860524	-3053.634904889454	1230.1940055611462
0	13	55.0	94.9385581962996	139.31656860803034	19.96948308122263	-181819.15796216147	1.3545905488588794	1.3534838961795366	-3940.7708758853582	-2762.5953978298667	1229.630927694554
0	13	58.0	94.06927984828224	63.885198925896404	33.70365201017671	-120612.40139707863	1.3545905488588794	1.3534838961795366	-4940.240550130599	-2762.9152428632706	1251.9178730022488
0	13	57.0	84.45359800275307	91.8406546183301	21.876415746833374	-175299.10424442953	1.3545905488588794	1.3534838961795366	-4433.12267774766	-2478.6234535334543	1237.7964783614464
0	13	57.0	64.69694543356906	92.45970189963995	21.889798136296022	-182459.16348515832	1.3545905488588794	1.3534838961795366	-4439.609966989224	-1892.7121469242106	1244.0521661650816
0	13	44.0	60.05957645507897	153.42113585685715	22.215868189817424	-167028.70668246056	1.3545905488588794	1.3534838961795366	-3438.845292842321	-1895.2488370948238	1227.071659019418
0	13	79.0	57.10182940425066	120.91412385884188	19.16851911056479	-225628.290806919	1.3545905488588794	1.3534838961795366	-3943.8543146560837	-1606.9981792992792	1232.837023410638
0	13	52.0	49.976868801750676	144.26187357763908	20.689319891428376	-159999.8296132506	1.3545905488588794	1.3534838961795366	-3442.595464253174	-1320.7360510101307	1231.4814772386771
1	11	12.0	0.01704102793374623	33.53404914221158	83.91143477233925	-968398.9692891059	1.354590575563854	1.3534839095283968	-4388.658969777737	-4396.927204513253	1234.127649961285
1	11	272.0	233.74615683771992	44.242807223454065	59.92388825300401	-286956.56166829244	1.354590575563854	1.3534839095283968	-4936.21244296368	-3912.5533635083116	1243.167538777881
1	11	136.0	153.6280444160768	157.45208082454144	23.73206779207521	-224882.39429520452	1.354590575563854	1.3534839095283968	-3943.7916032931407	-3339.8146122646413	1226.4105255794732
1	11	321.0	144.62483619958584	-168.61578106614138	45.32800879612079	-129168.02174469153	1.354590575563854	1.3534839095283968	-3441.8053143561187	-3629.801308046076	1218.8589630604351
1	11	39.0	77.95845708656874	91.38038373305362	23.046304870694495	-153536.17791346155	1.354590575563854	1.3534839095283968	-4440.981616585438	-3049.740250088342	1241.646625173694
1	11	81.0	107.20884795747313	176.76779396789382	32.42391557808562	-135950.41016371385	1.354590575563854	1.3534839095283968	-3440.9308184860524	-3053.634904889454	1230.1940055611462
1	11	45.0	104.14692010484978	139.44572790030244	20.729444444406713	-188145.29625157602	1.354590575563854	1.3534839095283968	-3940.7708758853582	-2762.5953978298667	1229.630927694554
1	11	65.0	41.24166930709631	65.17999093697667	33.936603295636196	-138053.28298045177	1.354590575563854	1.3534839095283968	-4940.240550130599	-2762.9152428632706	1251.9178730022488
1	11	74.0	92.59834901797777	93.36028981463987	22.42111104866134	-152157.35240040475	1.354590575563854	1.3534839095283968	-4433.12267774766	-2478.6234535334543	1237.7964783614464
1	11	53.0	65.87523891412481	153.1299938929812	22.94732843609368	-163045.43052276684	1.354590575563854	1.3534839095283968	-3438.845292842321	-1895.2488370948238	1227.071659019418
1	11	47.0	62.61893750253012	121.71434688742605	19.901103757908636	-180703.07125805758	1.354590575563854	1.3534839095283968	-3943.8543146560837	-1606.9981792992792	1232.837023410638
2	10	14.0	0.009066622179439985	32.63923050848663	85.9690362302399	-855896.7938321513	1.3545930515847324	1.353485147201847	-4388.658969777737	-4396.927204513253	1234.127649961285
2	10	271.0	233.22155029239272	42.950445681564595	59.48695098683039	-116410.52394958201	1.3545930515847324	1.353485147201847	-4936.21244296368	-3912.5533635083116	1243.167538777881
2	10	118.0	147.5047619070102	159.768762779979	22.414310950264834	-161884.16167676347	1.3545930515847324	1.353485147201847	-3943.7916032931407	-3339.8146122646413	1226.4105255794732
2	10	243.0	138.86525669821017	-167.27160889513524	44.84636961757317	-118147.87520719066	1.3545930515847324	1.353485147201847	-3441.8053143561187	-3629.801308046076	1218.8589630604351
2	10	53.0	0.34410838903392815	89.0702328539286	21.523651333866265	-198900.7939257123	1.3545930515847324	1.353485147201847	-4440.981616585438	-3049.740250088342	1241.646625173694
2	10	89.0	102.95272256985193	178.83865484053928	31.543846945357927	-118886.0038465773	1.3545930515847324	1.353485147201847	-3440.9308184860524	-3053.634904889454	1230.1940055611462
2	10	51.0	100.00236899692968	140.89648184224154	19.123043787136968	-174175.27452941815	1.3545930515847324	1.353485147201847	-3940.7708758853582	-2762.5953978298667	1229.630927694554
2	10	56.0	98.01281737738125	62.72859174268858	32.937663874322695	-137141.42775388015	1.3545930515847324	1.353485147201847	-4940.240550130599	-2762.9152428632706	1251.9178730022488
2	10	59.0	88.96377718282046	91.11315986830502	20.871653800884268	-170192.90031417226	1.3545930515847324	1.353485147201847	-4433.12267774766	-2478.6234535334543	1237.7964783614464
2	10	57.0	52.630924945749236	145.96405674106782	19.89704200661568	-195330.44740887734	1.3545930515847324	1.353485147201847	-3442.595464253174	-1320.7360510101307	1231.4814772386771
3	10	15.0	6.753478970062282	27.15310419436329	101.47800027103888	-82077.30523247321	1.3545906070916207	1.353483925287797	-4388.658969777737	-4396.927204513253	1234.127649961285
3	10	277.0	232.86660325210642	43.46111209146753	59.70013430985734	-153984.27079764943	1.3545906070916207	1.353483925287797	-4936.21244296368	-3912.5533635083116	1243.167538777881
3	10	125.0	146.48461222855906	158.94723628917598	22.992648166844415	-136066.79097452547	1.3545906070916207	1.353483925287797	-3943.7916032931407	-3339.8146122646413	1226.4105255794732
3	10	252.0	138.2752259240595	-167.77261873171122	45.11768720971247	-110943.83852569413	1.3545906070916207	1.353483925287797	-3441.8053143561187	-3629.801308046076	1218.8589630604351
3	10	42.0	126.12222750186842	90.1423591935656	22.123059858507027	-181645.76037664348	1.3545906070916207	1.353483925287797	-4440.981616585438	-3049.740250088342	1241.646625173694
3	10	83.0	102.49331281531909	178.0427177586399	31.94517782014452	-168173.52932883505	1.3545906070916207	1.353483925287797	-3440.9308184860524	-3053.634904889454	1230.1940055611462
3	10	40.0	99.59813292840823	140.39928235934292	19.792615232109554	-178355.72146642217	1.3545906070916207	1.353483925287797	-3940.7708758853582	-2762.5953978298667	1229.630927694554
3	10	65.0	98.87798419898579	63.76208265609833	33.32826652912465	-118497.7898961605	1.3545906070916207	1.353483925287797	-4940.240550130599	-2762.9152428632706	1251.9178730022488
3	10	49.0	88.58765769410067	92.13514712281201	21.488964876901875	-220646.59025668583	1.3545906070916207	1.353483925287797	-4433.12267774766	-2478.6234535334543	1237.7964783614464
3	10	45.0	62.9678425595574	154.43039757675834	22.1282029932613	-173057.0986457587	1.3545906070916207	1.353483925287797	-3438.845292842321	-1895.2488370948238	1227.071659019418
4	11	15.0	3.464274601202732	36.22875271242418	75.85196865968949	-1122847.8949682354	1.3545863779314355	1.3534818112824252	-4388.658969777737	-4396.927204513253	1234.127649961285
4	11	312.0	256.8857801062141	44.77916951063763	59.75464386172844	-140525.29618841215	1.3545863779314355	1.3534818112824252	-4936.21244296368	-3912.5533635083116	1243.167538777881
4	11	139.0	163.1996100089807	157.4091295208161	24.29320282473715	-202521.78699191552	1.3545863779314355	1.3534818112824252	-3943.7916032931407	-3339.8146122646413	1226.4105255794732
4	11	272.0	151.83067578870975	-168.83066036841987	45.716554033646965	-151258.24719211794	1.3545863779314355	1.3534818112824252	-3441.8053143561187	-3629.801308046076	1218.8589630604351
4	11	40.0	68.97267768996223	92.68282858649206	23.370302229034497	-180546.91669698656	1.3545863779314355	1.3534818112824252	-4440.981616585438	-3049.740250088342	1241.646625173694
4	11	109.0	113.94223265170513	176.50193350923075	32.90981776887502	-140971.54673375568	1.3545863779314355	1.3534818112824252	-3440.9308184860524	-3053.634904889454	1230.1940055611462
4	11	41.0	110.51866030039113	139.81567792308616	21.29530203359146	-169263.47705700994	1.3545863779314355	1.3534818112824252	-3940.7708758853582	-2762.5953978298667	1229.630927694554
4	11	53.0	2.6008367075022223	66.21732849702346	34.01834040392092	-135533.97409613887	1.3545863779314355	1.3534818112824252	-4940.240550130599	-2762.9152428632706	1251.9178730022488
4	11	53.0	97.6660532006491	94.64759969121496	22.76598175304455	-201048.09599281056	1.3545863779314355	1.3534818112824252	-4433.12267774766	-2478.6234535334543	1237.7964783614464
4	11	51.0	75.13336877600211	95.23429854992733	22.791351123349493	-178990.5777515441	1.3545863779314355	1.3534818112824252	-4439.609966989224	-1892.7121469242106	1244.0521661650816
4	11	54.0	66.55869961571555	122.53179901931915	20.42055490187424	-172748.79436865993	1.3545863779314355	1.3534818112824252	-3943.8543146560837	-1606.9981792992792	1232.837023410638
5	11	13.0	8.32066782250852	30.941182704454604	91.26654658807121	-891861.3341907399	1.3545914929113227	1.3534843680770727	-4388.6614450893385	-4396.925593889746	1234.1393100765658
5	11	261.0	226.5720389378171	43.762599106171514	59.84458221665892	-148384.75144934325	1.3545914929113227	1.3534843680770727	-4936.21244296368	-3912.5533635083116	1243.167538777881
5	11	117.0	143.21524261215419	158.14480505630777	23.25739493007907	-179256.61072102076	1.3545914929113227	1.3534843680770727	-3943.7916032931407	-3339.8146122646413	1226.4105255794732
5	11	294.0	134.92848813440554	-168.16461245123656	45.15433154244066	-123714.71019757833	1.3545914929113227	1.3534843680770727	-3441.8053143561187	-3629.801308046076	1218.8589630604351
5	11	47.0	122.7088405088484	90.52921237106825	22.54010587787513	-178328.14202022713	1.3545914929113227	1.3534843680770727	-4440.981616585438	-3049.740250088342	1241.646625173694
5	11	80.0	99.86798921648526	177.44485920741687	32.10646473943781	-159600.1812304584	1.3545914929113227	1.3534843680770727	-3440.9308184860524	-3053.634904889454	1230.1940055611462
5	11	60.0	97.0062855925759	139.84598265148728	20.170230415108662	-148840.80947175954	1.3545914929113227	1.3534843680770727	-3940.7708758853582	-2762.5953978298667	1229.630927694554
5	11	69.0	96.24587893785294	64.31711631690533	33.61377509763332	-153153.30736303242	1.3545914929113227	1.3534843680770727	-4940.240550130599	-2762.9152428632706	1251.9178730022488
5	11	47.0	86.23719249132122	92.56000609496773	21.89861523327918	-177285.12384823797	1.3545914929113227	1.3534843680770727	-4433.12267774766	-2478.6234535334543	1237.7964783614464
5	11	56.0	60.848198933723154	93.19891063653321	21.91080176360765	-161825.1461185255	1.3545914929113227	1.3534843680770727	-4439.609966989224	-1892.7121469242106	1244.0521661650816
5	11	49.0	61.33956829621077	153.80524613056073	22.456048160056127	-142293.18628780276	1.3545914929113227	1.3534843680770727	-3438.845292842321	-1895.2488370948238	1227.071659019418
6	10	258.0	249.02226517793693	43.80035408676666	60.65067763251668	198239.60677504633	1.3497692285919742	1.3510731771070792	-4936.21244296368	-3912.5533635083116	1243.167538777881
6	10	95.0	111.53510273458342	153.46289832990564	26.075077858877627	193153.77541602458	1.3497692285919742	1.3510731771070792	-3943.7916032931407	-3339.8146122646413	1226.4105255794732
6	10	273.0	147.51364737342064	-169.92757813782274	45.69467031975017	55307.96762166483	1.3497692285919742	1.3510731771070792	-3441.8053143561187	-3629.801308046076	1218.8589630604351
6	10	45.0	128.09218519496142	94.79500389416428	26.78303902054155	197158.74265368373	1.3497692285919742	1.3510731771070792	-4440.981616585438	-3049.740250088342	1241.646625173694
6	10	85.0	108.44814747820348	172.493193279206	34.31903678006582	176898.4877328734	1.3497692285919742	1.3510731771070792	-3440.9308184860524	-3053.634904889454	1230.1940055611462
6	10	46.0	61.939970975619914	136.02023854111718	24.678006381652327	177852.38853598514	1.3497692285919742	1.3510731771070792	-3940.7708758853582	-2762.5953978298667	1229.630927694554
6	10	59.0	0.5206446090674574	70.2211454415871	37.12726846594702	166394.5431027431	1.3497692285919742	1.3510731771070792	-4940.240550130599	-2762.9152428632706	1251.9178730022488
6	10	61.0	92.90395228675877	97.28318065695467	26.872622902739096	186703.3519610587	1.3497692285919742	1.3510731771070792	-4433.12267774766	-2478.6234535334543	1237.7964783614464
6	10	55.0	65.51157772473006	147.69030875217618	27.01052497279617	174508.17075562125	1.3497692285919742	1.3510731771070792	-3438.845292842321	-1895.2488370948238	1227.071659019418
6	10	52.0	55.97794457101081	139.63273585527955	26.12951888775263	176606.6274568557	1.3497692285919742	1.3510731771070792	-3442.595464253174	-1320.7360510101307	1231.4814772386771
7	11	260.0	231.79091597846488	47.85944759230936	61.29706660375644	11958542.382737095	1.3520870458021068	1.3522322925399812	-4936.21244296368	-3912.5533635083116	1243.167538777881
7	11	128.0	113.34456129100718	152.4543928957098	29.14391013668685	12844990.911637912	1.3520870458021068	1.3522322925399812	-3943.7916032931407	-3339.8146122646413	1226.4105255794732
7	11	309.0	137.79983497442808	-171.81875604362662	47.770812043203435	11500507.550589424	1.3520870458021068	1.3522322925399812	-3441.8053143561187	-3629.801308046076	1218.8589630604351
7	11	44.0	25.545096097710466	99.24857916985752	29.069125216630262	12904735.666276615	1.3520870458021068	1.3522322925399812	-4440.981616585438	-3049.740250088342	1241.646625173694
7	11	88.0	101.71727682125561	171.04908845804238	36.69261567464117	9495693.128576811	1.3520870458021068	1.3522322925399812	-3440.9308184860524	-3053.634904889454	1230.1940055611462
7	11	52.0	97.74334536390474	137.02780328646608	27.410193568835872	12852015.211817963	1.3520870458021068	1.3522322925399812	-3940.7708758853582	-2762.5953978298667	1229.630927694554
7	11	53.0	98.27642841975158	74.40355126951246	38.27121329761901	12079935.033164246	1.3520870458021068	1.3522322925399812	-4940.240550130599	-2762.9152428632706	1251.9178730022488
7	11	48.0	87.92201442224244	101.31555447827331	28.888847454504717	10976533.759960478	1.3520870458021068	1.3522322925399812	-4433.12267774766	-2478.6234535334543	1237.7964783614464
7	11	52.0	67.31189389140812	101.964124261709	29.130814404001175	14089060.133981584	1.3520870458021068	1.3522322925399812	-4439.609966989224	-1892.7121469242106	1244.0521661650816
7	11	51.0	62.557840620181096	147.97702375702235	29.401128397715116	10637708.032833295	1.3520870458021068	1.3522322925399812	-3438.845292842321	-1895.2488370948238	1227.071659019418
7	11	52.0	57.12738625003816	123.44844736953483	27.27832604865948	12483369.649086794	1.3520870458021068	1.3522322925399812	-3943.8543146560837	-1606.9981792992792	1232.837023410638
8	10	14.0	35.57756143007064	30.54291598410117	92.77002742982945	-937035.7852168422	1.3545914526407732	1.353484347947414	-4388.6614450893385	-4396.925593889746	1234.1393100765658
8	10	309.0	252.1527084553227	43.069224043524066	62.11702609129769	-145342.9121512453	1.3545914526407732	1.353484347947414	-4936.21244296368	-3912.5533635083116	1243.167538777881
8	10	119.0	162.18977194745406	152.4886495127628	22.369867395025675	-186345.48049645688	1.3545914526407732	1.353484347947414	-3943.7916032931407	-3339.8146122646413	1226.4105255794732
8	10	257.0	153.05591613388424	-170.06871275044932	43.20401125985738	-203089.80464595585	1.3545914526407732	1.353484347947414	-3441.8053143561187	-3629.801308046076	1218.8589630604351
8	10	51.0	25.284534206672628	86.06041325383038	24.12558116712328	-158044.73030459363	1.3545914526407732	1.353484347947414	-4440.981616585438	-3049.740250088342	1241.646625173694
8	10	90.0	113.69434912566662	174.0375927686646	30.53404358218165	-148464.20905212112	1.3545914526407732	1.353484347947414	-3440.9308184860524	-3053.634904889454	1230.1940055611462
8	10	43.0	0.014267980125905471	132.93604386054807	20.008433729061313	-196740.41966032592	1.3545914526407732	1.353484347947414	-3940.7708758853582	-2762.5953978298667	1229.630927694554
8	10	61.0	98.31014445917549	87.8222685864807	23.433548194648445	-169356.0625051123	1.3545914526407732	1.353484347947414	-4433.12267774766	-2478.6234535334543	1237.7964783614464
8	10	48.0	74.9447649797896	88.41141576884066	23.42988260180054	-175304.0960445659	1.3545914526407732	1.353484347947414	-4439.609966989224	-1892.7121469242106	1244.0521661650816
8	10	54.0	69.80622335880159	147.76674931455287	21.72797793874262	-161930.58653392817	1.3545914526407732	1.353484347947414	-3438.845292842321	-1895.2488370948238	1227.071659019418
9	11	21.0	18.58455307767072	31.688315534679965	88.86070996851683	-1040078.7691159083	1.3545905869711325	1.353483915230101	-4388.6614450893385	-4396.925593889746	1234.1393100765658
9	11	289.0	238.62974112348923	42.5117397287725	62.05232687666837	-132406.53127906882	1.3545905869711325	1.353483915230101	-4936.21244296368	-3912.5533635083116	1243.167538777881
9	11	104.0	150.63971032661732	152.98914609547916	21.706727918938324	-188893.03608915527	1.3545905869711325	1.353483915230101	-3943.7916032931407	-3339.8146122646413	1226.4105255794732
9	11	258.0	141.88162423951974	-169.59710723872035	42.83646481364432	-115617.13064404122	1.3545905869711325	1.353483915230101	-3441.8053143561187	-3629.801308046076	1218.8589630604351
9	11	44.0	0.0024277211340562183	84.7442475751505	23.60865034539036	-210420.21502865473	1.3545905869711325	1.353483915230101	-4440.981616585438	-3049.740250088342	1241.646625173694
9	11	104.0	105.06003179379508	174.70323546323397	30.01565695567512	-142284.86874326871	1.3545905869711325	1.353483915230101	-3440.9308184860524	-3053.634904889454	1230.1940055611462
9	11	44.0	102.1579978177862	132.84912234014334	19.289758405936528	-158736.18064764232	1.3545905869711325	1.353483915230101	-3940.7708758853582	-2762.5953978298667	1229.630927694554
9	11	55.0	90.86635856327092	86.49534678693395	22.904239337910116	-189259.4969147423	1.3545905869711325	1.353483915230101	-4433.12267774766	-2478.6234535334543	1237.7964783614464
9	11	49.0	69.6165245691624	87.0916138479992	22.896931356617284	-159818.53840352106	1.3545905869711325	1.353483915230101	-4439.609966989224	-1892.7121469242106	1244.0521661650816
9	11	54.0	64.5846674112581	148.13443696555677	21.04192244023732	-172415.5212685022	1.3545905869711325	1.353483915230101	-3438.845292842321	-1895.2488370948238	1227.071659019418
9	11	53.0	53.751087206964385	138.17553559110846	19.829995536323615	-178077.49097919962	1.3545905869711325	1.353483915230101	-3442.595464253174	-1320.7360510101307	1231.4814772386771
10	10	13.0	0.019254604007535276	32.416073083404335	87.1071521395415	-670496.2341309448	1.3545922512318742	1.3534847471346472	-4388.6614450893385	-4396.925593889746	1234.1393100765658
10	10	289.0	239.2558116503851	43.46106284676914	59.60181862444977	-177178.61144222695	1.3545922512318742	1.3534847471346472	-4936.21244296368	-3912.5533635083116	1243.167538777881
10	10	136.0	150.99831271537275	158.98366700297532	22.94542919056316	-173931.36576745906	1.3545922512318742	1.3534847471346472	-3943.7916032931407	-3339.8146122646413	1226.4105255794732
10	10	261.0	142.30940501014118	-167.7456441660414	45.08768851555035	-124800.87031364143	1.3545922512318742	1.3534847471346472	-3441.8053143561187	-3629.801308046076	1218.8589630604351
10	10	49.0	129.48518224961532	90.12013235724591	22.067364134928717	-374649.62430427707	1.3545922512318742	1.3534847471346472	-4440.981616585438	-3049.740250088342	1241.646625173694
10	10	97.0	105.33148765513793	178.1123636384484	31.92568975827491	-139021.70094172415	1.3545922512318742	1.3534847471346472	-3440.9308184860524	-3053.634904889454	1230.1940055611462
10	10	45.0	102.31204311567775	140.49511661848004	19.75092913252381	-166090.80289005482	1.3545922512318742	1.3534847471346472	-3940.7708758853582	-2762.5953978298667	1229.630927694554
10	10	45.0	101.60216429697914	63.74070838090174	33.259062874054315	-120158.42070987367	1.3545922512318742	1.3534847471346472	-4940.240550130599	-2762.9152428632706	1251.9178730022488
10	10	56.0	90.98914090063279	92.15561982406498	21.425865489813635	-210667.6867295019	1.3545922512318742	1.3534847471346472	-4433.12267774766	-2478.6234535334543	1237.7964783614464
10	10	53.0	64.70819951890955	154.5806324759498	22.106291143372637	-167296.16068067987	1.3545922512318742	1.3534847471346472	-3438.845292842321	-1895.2488370948238	1227.071659019418
11	11	13.0	11.929794457472413	34.372916249498616	83.21283689234583	-866715.5947684031	1.3545938625799032	1.353485552589292	-4388.6614450893385	-4396.925593889746	1234.1393100765658
11	11	268.0	208.8030136466136	43.271128378524494	62.144668405197194	-132049.48810096786	1.3545938625799032	1.353485552589292	-4936.21244296368	-3912.5533635083116	1243.167538777881
11	11	134.0	131.954338533753	152.09001274853364	22.562126766837586	-198395.17841745797	1.3545938625799032	1.353485552589292	-3943.7916032931407	-3339.8146122646413	1226.4105255794732
11	11	279.0	118.95898289861135	-170.32352144434248	43.230157911543365	-139835.49007041898	1.3545938625799032	1.353485552589292	-3441.8053143561187	-3629.801308046076	1218.8589630604351
11	11	53.0	113.24457515366717	86.37120350776522	24.35452927692695	-154597.76631398732	1.3545938625799032	1.353485552589292	-4440.981616585438	-3049.740250088342	1241.646625173694
11	11	98.0	92.05092427073805	173.67038932142555	30.64543838665631	-114429.2831530593	1.3545938625799032	1.353485552589292	-3440.9308184860524	-3053.634904889454	1230.1940055611462
11	11	43.0	89.49209116522023	132.71687338679973	20.250916235715774	-198761.0912542416	1.3545938625799032	1.353485552589292	-3940.7708758853582	-2762.5953978298667	1229.630927694554
11	11	51.0	79.58362460221593	88.12238654435473	23.66664886032267	-143683.70586978245	1.3545938625799032	1.353485552589292	-4433.12267774766	-2478.6234535334543	1237.7964783614464
11	11	52.0	60.95950679497801	88.70484508057481	23.664122535142116	-167888.29590513196	1.3545938625799032	1.353485552589292	-4439.609966989224	-1892.7121469242106	1244.0521661650816
11	11	61.0	10.753481222407656	147.42638962355073	21.93838868492852	-179461.8766912715	1.3545938625799032	1.353485552589292	-3438.845292842321	-1895.2488370948238	1227.071659019418
11	11	67.0	53.830546231418175	114.73810573166168	20.128099068415377	-203986.40671981007	1.3545938625799032	1.353485552589292	-3943.8543146560837	-1606.9981792992792	1232.837023410638
12	12	13.0	11.586204066888651	34.521570013245764	80.72378480252304	-1099804.6910726829	1.354588064389286	1.3534826542819827	-4388.6614450893385	-4396.925593889746	1234.1393100765658
12	12	253.0	208.3327327361689	44.264827118641996	59.92275992944139	-164430.11991461916	1.354588064389286	1.3534826542819827	-4936.21244296368	-3912.5533635083116	1243.167538777881
12	12	105.0	131.81924159908309	157.40004894856116	23.745877475829605	-153925.66196719775	1.354588064389286	1.3534826542819827	-3943.7916032931407	-3339.8146122646413	1226.4105255794732
12	12	257.0	124.00674908999262	-168.64786374139473	45.316547779018464	-145863.98738047126	1.354588064389286	1.3534826542819827	-3441.8053143561187	-3629.801308046076	1218.8589630604351
12	12	55.0	112.96896040772297	91.3957065686844	23.072443595723097	-174895.56427272325	1.354588064389286	1.3534826542819827	-4440.981616585438	-3049.740250088342	1241.646625173694
12	12	101.0	91.92615824442204	176.71761785733864	32.42310345615801	-120082.25878676272	1.354588064389286	1.3534826542819827	-3440.9308184860524	-3053.634904889454	1230.1940055611462
12	12	42.0	89.32022845418628	139.38875714198096	20.749233543314315	-210475.4426308633	1.354588064389286	1.3534826542819827	-3940.7708758853582	-2762.5953978298667	1229.630927694554
12	12	80.0	88.63046333610723	65.20403822004288	33.96018745286117	-152586.03177905545	1.354588064389286	1.3534826542819827	-4940.240550130599	-2762.9152428632706	1251.9178730022488
12	12	62.0	79.42401128118196	93.36074966880875	22.450316578333545	-150401.82348753093	1.354588064389286	1.3534826542819827	-4433.12267774766	-2478.6234535334543	1237.7964783614464
12	12	60.0	60.85635515644223	93.96093247930392	22.470054109142765	-167737.87152399655	1.354588064389286	1.3534826542819827	-4439.609966989224	-1892.7121469242106	1244.0521661650816
12	12	45.0	56.50525313875163	153.05736739140013	22.95906758822522	-161617.40583792294	1.354588064389286	1.3534826542819827	-3438.845292842321	-1895.2488370948238	1227.071659019418
12	12	52.0	53.71194502048198	121.66147239273607	19.92696938892554	-223519.43826315185	1.354588064389286	1.3534826542819827	-3943.8543146560837	-1606.9981792992792	1232.837023410638
13	9	16.0	0.12923468428700308	34.269656307727246	80.60047718378642	-1011777.6997850968	1.3545913758385912	1.3534843095570646	-4388.6614450893385	-4396.925593889746	1234.1393100765658
13	9	290.0	224.65457470183935	42.621343596583436	59.93335503445452	-124476.70899068129	1.3545913758385912	1.3534843095570646	-4936.21244296368	-3912.5533635083116	1243.167538777881
13	9	111.0	142.09783358305273	158.76344150783038	21.960127444587457	-187891.0821790857	1.3545913758385912	1.3534843095570646	-3943.7916032931407	-3339.8146122646413	1226.4105255794732
13	9	249.0	133.6426358900143	-167.5004542918339	44.278560661312866	-117639.41513058836	1.3545913758385912	1.3534843095570646	-3441.8053143561187	-3629.801308046076	1218.8589630604351
13	9	51.0	55.044157590784735	87.55301197354346	21.678259785014664	-173883.2693449779	1.3545913758385912	1.3534843095570646	-4440.981616585438	-3049.740250088342	1241.646625173694
13	9	88.0	51.79590627024674	178.38095568954105	31.009402471469706	-123123.48745180595	1.3545913758385912	1.3534843095570646	-3440.9308184860524	-3053.634904889454	1230.1940055611462
13	9	67.0	95.28174935178575	61.926420392638775	33.29893372498608	-135697.6655097302	1.3545913758385912	1.3534843095570646	-4940.240550130599	-2762.9152428632706	1251.9178730022488
13	9	51.0	85.68463279397065	89.5429771116029	21.00689827599084	-167880.19758910514	1.3545913758385912	1.3534843095570646	-4433.12267774766	-2478.6234535334543	1237.7964783614464
13	9	46.0	24.08897587976718	90.19148833877895	21.01079656609757	-170822.45087442166	1.3545913758385912	1.3534843095570646	-4439.609966989224	-1892.7121469242106	1244.0521661650816
14	11	16.0	0.001964709984395014	30.00130732692966	94.91035809840585	-531717.0012833925	1.3545922298383757	1.3534847364405922	-4388.6614450893385	-4396.925593889746	1234.1393100765658
14	11	268.0	224.70222485981824	44.27842929913835	59.99739218823305	-144242.02960297215	1.3545922298383757	1.3534847364405922	-4936.21244296368	-3912.5533635083116	1243.167538777881
14	11	117.0	141.63241804092073	157.42756153662555	23.81145863194538	-170257.09554628545	1.3545922298383757	1.3534847364405922	-3943.7916032931407	-3339.8146122646413	1226.4105255794732
14	11	287.0	131.3779834977717	-168.6498887845017	45.38358485360564	-137615.20246510155	1.3545922298383757	1.3534847364405922	-3441.8053143561187	-3629.801308046076	1218.8589630604351
14	11	46.0	121.45220507065945	91.4879766300165	23.113941834910705	-189025.73288688716	1.3545922298383757	1.3534847364405922	-4440.981616585438	-3049.740250088342	1241.646625173694
14	11	104.0	98.62870298099419	176.69714138546368	32.476292051755024	-143617.95757059444	1.3545922298383757	1.3534847364405922	-3440.9308184860524	-3053.634904889454	1230.1940055611462
14	11	49.0	61.67804333666343	139.40375786711814	20.803443637300767	-240295.98472185072	1.3545922298383757	1.3534847364405922	-3940.7708758853582	-2762.5953978298667	1229.630927694554
14	11	44.0	94.34654277579637	65.26619887660668	33.99884528370523	-130230.37617188573	1.3545922298383757	1.3534847364405922	-4940.240550130599	-2762.9152428632706	1251.9178730022488
14	11	51.0	85.31546334745393	93.43313375235249	22.49544285005506	-147024.45711799146	1.3545922298383757	1.3534847364405922	-4433.12267774766	-2478.6234535334543	1237.7964783614464
14	11	51.0	60.6685227502715	153.0188222911186	23.00571259949858	-151952.59865798772	1.3545922298383757	1.3534847364405922	-3438.845292842321	-1895.2488370948238	1227.071659019418
14	11	45.0	57.68484222350409	121.67120505923988	19.978088229492013	-203202.51702666158	1.3545922298383757	1.3534847364405922	-3943.8543146560837	-1606.9981792992792	1232.837023410638
15	9	15.0	3.6928775744248626e-05	30.573208452959555	91.3173039570086	-1061281.3048426297	1.35458729771777	1.3534822710504137	-4388.663894526189	-4396.923999511792	1234.1503345200347
15	9	270.0	225.15933399358318	44.030227992107534	59.66719436038924	-137661.93265771295	1.35458729771777	1.3534822710504137	-4936.21244296368	-3912.5533635083116	1243.167538777881
15	9	123.0	147.71727523870643	158.4131119714534	23.569822753802935	-185351.15242835323	1.35458729771777	1.3534822710504137	-3943.7916032931407	-3339.8146122646413	1226.4105255794732
15	9	296.0	138.8705207998068	-168.173821207477	45.4313358529338	-125919.44094298132	1.35458729771777	1.3534822710504137	-3441.8053143561187	-3629.801308046076	1218.8589630604351
15	9	50.0	8.950640057885831	91.38043324379086	22.60775261071066	-173338.05151644774	1.35458729771777	1.3534822710504137	-4440.981616585438	-3049.740250088342	1241.646625173694
15	9	100.0	103.06904261838851	177.468388942033	32.40210283009445	-126675.98777555049	1.35458729771777	1.3534822710504137	-3440.9308184860524	-3053.634904889454	1230.1940055611462
15	9	45.0	100.12419340841181	140.33154710326133	20.44121294829076	-205112.21760273032	1.35458729771777	1.3534822710504137	-3940.7708758853582	-2762.5953978298667	1229.630927694554
15	9	73.0	99.37088610489349	64.87233688560313	33.5541301658134	-116766.06584222599	1.35458729771777	1.3534822710504137	-4940.240550130599	-2762.9152428632706	1251.9178730022488
15	9	63.0	89.03932870235303	93.38454564604362	21.985694110447092	-110322.93822507844	1.35458729771777	1.3534822710504137	-4433.12267774766	-2478.6234535334543	1237.7964783614464
16	10	15.0	0.0740003191511981	31.82871992524875	89.4467746314011	-937290.3989272659	1.3545914713235334	1.353484357286604	-4388.663894526189	-4396.923999511792	1234.1503345200347
16	10	274.0	246.12320454495307	44.37866261222029	59.771886888741285	-168428.6848527685	1.3545914713235334	1.353484357286604	-4936.21244296368	-3912.5533635083116	1243.167538777881
16	10	138.0	155.6644721834278	157.82913419814477	23.917068908196256	-181652.54092176948	1.3545914713235334	1.353484357286604	-3943.7916032931407	-3339.8146122646413	1226.4105255794732
16	10	266.0	146.60615290303363	-168.51183073034102	45.57162292916914	-145866.1208009166	1.3545914713235334	1.353484357286604	-3441.8053143561187	-3629.801308046076	1218.8589630604351
16	10	69.0	133.38756828960499	91.97012243272329	23.008128947816985	-187609.48431164585	1.3545914713235334	1.353484357286604	-4440.981616585438	-3049.740250088342	1241.646625173694
16	10	101.0	108.56644968209993	176.96448563212465	32.651511464057805	-116740.38336564202	1.3545914713235334	1.353484357286604	-3440.9308184860524	-3053.634904889454	1230.1940055611462
16	10	59.0	105.3221367178571	140.01685056890352	20.867487487032324	-186849.4404148963	1.3545914713235334	1.353484357286604	-3940.7708758853582	-2762.5953978298667	1229.630927694554
16	10	55.0	93.06105842582596	65.52982477421199	33.803952636219485	-131591.00935532385	1.3545914713235334	1.353484357286604	-4940.240550130599	-2762.9152428632706	1251.9178730022488
16	10	63.0	93.7370977056551	93.99194858621422	22.385947927476977	-175057.2590917333	1.3545914713235334	1.353484357286604	-4433.12267774766	-2478.6234535334543	1237.7964783614464
16	10	54.0	71.80395521600104	94.613068333861	22.404240519924027	-171428.62895395735	1.3545914713235334	1.353484357286604	-4439.609966989224	-1892.7121469242106	1244.0521661650816
17	7	243.0	197.59926007447766	65.48989159770825	66.68454835636466	-46318.569643737086	1.3645970102459588	1.3584827062027625	-4936.21244296368	-3912.5533635083116	1243.167538777881
17	7	139.0	140.78300759189077	151.9283846355395	42.893395081262575	-45666.14477187707	1.3645970102459588	1.3584827062027625	-3943.7916032931407	-3339.8146122646413	1226.4105255794732
17	7	53.0	104.61008579232704	113.98806262119021	39.53513808162034	-46414.81470441791	1.3645970102459588	1.3584827062027625	-4440.981616585438	-3049.740250088342	1241.646625173694
17	7	89.0	99.41427454909214	168.30272898071107	47.57046353708829	-43249.817693357996	1.3645970102459588	1.3584827062027625	-3440.9308184860524	-3053.634904889454	1230.1940055611462
17	7	72.0	94.79038472853269	141.9876951684479	38.88932274015523	-48869.31386200879	1.3645970102459588	1.3584827062027625	-3940.7708758853582	-2762.5953978298667	1229.630927694554
17	7	83.0	0.0002935022017826788	90.23296147999204	43.99322207167315	-47919.62306900484	1.3645970102459588	1.3584827062027625	-4940.240550130599	-2762.9152428632706	1251.9178730022488
17	7	63.0	84.49654401840125	115.0774829464097	37.68757853189634	-42052.54731290019	1.3645970102459588	1.3584827062027625	-4433.12267774766	-2478.6234535334543	1237.7964783614464
18	12	15.0	12640.858142578687	34.25888978730963	82.3362619927254	-910250.7064838678	1.3545897637842192	1.353483503748353	-4388.663894526189	-4396.923999511792	1234.1503345200347
18	12	267.0	232.58711012539945	44.31224114039641	59.942388771392935	-158085.12802774995	1.3545897637842192	1.353483503748353	-4936.21244296368	-3912.5533635083116	1243.167538777881
18	12	107.0	148.09901131345413	157.30079552021581	23.792750683744963	-193406.20594566572	1.3545897637842192	1.353483503748353	-3943.7916032931407	-3339.8146122646413	1226.4105255794732
18	12	246.0	139.35985897240582	-168.69456585579024	45.34138225274101	-146600.76329922624	1.3545897637842192	1.353483503748353	-3441.8053143561187	-3629.801308046076	1218.8589630604351
18	12	44.0	126.91699333671743	91.4748356454785	23.131515981659525	-164811.2850960554	1.3545897637842192	1.353483503748353	-4440.981616585438	-3049.740250088342	1241.646625173694
18	12	75.0	103.32408353478348	176.65277021766266	32.465418763932746	-169677.38890646028	1.3545897637842192	1.353483503748353	-3440.9308184860524	-3053.634904889454	1230.1940055611462
18	12	42.0	100.36268935401655	139.35838756664413	20.81273739227696	-194758.91982426157	1.3545897637842192	1.353483503748353	-3940.7708758853582	-2762.5953978298667	1229.630927694554
18	12	75.0	99.63068968920541	65.30628888880989	33.990349156674235	-139337.18381234418	1.3545897637842192	1.353483503748353	-4940.240550130599	-2762.9152428632706	1251.9178730022488
18	12	52.0	89.22236354857115	93.46684263502566	22.50454686243697	-174839.26422046224	1.3545897637842192	1.353483503748353	-4433.12267774766	-2478.6234535334543	1237.7964783614464
18	12	53.0	68.3419968396873	94.0822280897861	22.521479446235176	-187050.2031878312	1.3545897637842192	1.353483503748353	-4439.609966989224	-1892.7121469242106	1244.0521661650816
18	12	53.0	63.48081391062301	153.02700439710006	23.02312154466781	-187076.43884278886	1.3545897637842192	1.353483503748353	-3438.845292842321	-1895.2488370948238	1227.071659019418
18	12	48.0	60.3432227109781	121.72494009658904	19.9924031879984	-192256.67256855793	1.3545897637842192	1.353483503748353	-3943.8543146560837	-1606.9981792992792	1232.837023410638
19	11	16.0	33.595566281117854	35.285044363748796	80.3629803454213	-944828.1636368976	1.3545905833699814	1.3534839134300731	-4388.663894526189	-4396.923999511792	1234.1503345200347
19	11	307.0	237.27575993577747	44.865673369399396	59.76855302712059	-138883.10848084395	1.3545905833699814	1.3534839134300731	-4936.21244296368	-3912.5533635083116	1243.167538777881
19	11	106.0	150.09117174692076	157.3239770746195	24.387570343362942	-171132.77081772828	1.3545905833699814	1.3534839134300731	-3943.7916032931407	-3339.8146122646413	1226.4105255794732
19	11	308.0	141.3980190669245	-168.8814939569104	45.78792510148581	-127222.38377444784	1.3545905833699814	1.3534839134300731	-3441.8053143561187	-3629.801308046076	1218.8589630604351
19	11	49.0	128.6640714924088	92.86993912153788	23.452526664594266	-54337.91551605326	1.3545905833699814	1.3534839134300731	-4440.981616585438	-3049.740250088342	1241.646625173694
19	11	99.0	104.74535748820753	176.43803388928737	33.00249930335906	-156009.02733607797	1.3545905833699814	1.3534839134300731	-3440.9308184860524	-3053.634904889454	1230.1940055611462
19	11	41.0	91.71059280896249	139.8466695641621	21.405728893030602	-209883.793297437	1.3545905833699814	1.3534839134300731	-3940.7708758853582	-2762.5953978298667	1229.630927694554
19	11	49.0	88.46543567396472	66.40927148718235	34.04789069707842	-134831.5416032794	1.3545905833699814	1.3534839134300731	-4940.240550130599	-2762.9152428632706	1251.9178730022488
19	11	63.0	90.41909430203101	94.87568325684165	22.842168931950173	-177567.6108743453	1.3545905833699814	1.3534839134300731	-4433.12267774766	-2478.6234535334543	1237.7964783614464
19	11	57.0	69.27509203290988	95.48425370199313	22.86381075763663	-149440.2969230327	1.3545905833699814	1.3534839134300731	-4439.609966989224	-1892.7121469242106	1244.0521661650816
19	11	52.0	61.16253721257123	122.70484131347285	20.525899748497842	-212921.74554703105	1.3545905833699814	1.3534839134300731	-3943.8543146560837	-1606.9981792992792	1232.837023410638
20	11	12.0	47.108280447660526	32.628909705976675	86.62240043688222	-890244.8592109515	1.3545906085137298	1.353483925999029	-4388.663894526189	-4396.923999511792	1234.1503345200347
20	11	280.0	234.11325706668615	43.92571429585925	59.6753982400145	-105751.33855123966	1.3545906085137298	1.353483925999029	-4936.21244296368	-3912.5533635083116	1243.167538777881
20	11	120.0	149.07197881889846	158.379819578383	23.43018086716268	-123891.07659627034	1.3545906085137298	1.353483925999029	-3943.7916032931407	-3339.8146122646413	1226.4105255794732
20	11	249.0	140.8095269580839	-168.14065178649358	45.32152548591728	-115788.6586888174	1.3545906085137298	1.353483925999029	-3441.8053143561187	-3629.801308046076	1218.8589630604351
20	11	55.0	127.83247092784498	91.06591340298614	22.538062252115903	-184589.97113960757	1.3545906085137298	1.353483925999029	-4440.981616585438	-3049.740250088342	1241.646625173694
20	11	92.0	104.19874667935179	177.51903345913317	32.28385826319327	-130931.35970212989	1.3545906085137298	1.353483925999029	-3440.9308184860524	-3053.634904889454	1230.1940055611462
20	11	45.0	59.593624090983376	140.23480879476162	20.311182525396628	-194036.5585927848	1.3545906085137298	1.353483925999029	-3940.7708758853582	-2762.5953978298667	1229.630927694554
20	11	61.0	100.12178656626814	64.64603183299752	33.52932649026149	-148373.3818833661	1.3545906085137298	1.353483925999029	-4940.240550130599	-2762.9152428632706	1251.9178730022488
20	11	48.0	90.0012966279322	93.09192687425302	21.90723355647681	-185289.10134172149	1.3545906085137298	1.353483925999029	-4433.12267774766	-2478.6234535334543	1237.7964783614464
20	11	59.0	68.89055337800981	93.7196154269472	21.923458539861997	-190707.13458275478	1.3545906085137298	1.353483925999029	-4439.609966989224	-1892.7121469242106	1244.0521661650816
20	11	56.0	50.66548505239355	117.71091985236622	19.475642427618038	-192029.6303352386	1.3545906085137298	1.353483925999029	-3941.8378255501016	-1030.0005898693603	1234.9080227501142
21	8	12.0	0.014379497135669503	31.02965964782521	92.00680328858579	-1110971.0283201623	1.3545905910948453	1.3534839172918922	-4388.663894526189	-4396.923999511792	1234.1503345200347
21	8	291.0	226.68032888646846	46.06437829432784	58.41187587924414	-145859.77888362735	1.3545905910948453	1.3534839172918922	-4936.21244296368	-3912.5533635083116	1243.167538777881
21	8	127.0	143.5993666688142	160.10288820253405	25.846800372317784	-181106.51734831778	1.3545905910948453	1.3534839172918922	-3943.7916032931407	-3339.8146122646413	1226.4105255794732
21	8	279.0	133.33198611810406	-168.15810996207958	47.54851089695965	-143702.61883280735	1.3545905910948453	1.3534839172918922	-3441.8053143561187	-3629.801308046076	1218.8589630604351
21	8	50.0	123.74900224457355	97.49712931292741	23.244595075414495	-180005.98824002483	1.3545905910948453	1.3534839172918922	-4440.981616585438	-3049.740250088342	1241.646625173694
21	8	36.0	97.81286113858188	143.80913399553694	22.504597593547185	-209770.03611801044	1.3545905910948453	1.3534839172918922	-3940.7708758853582	-2762.5953978298667	1229.630927694554
21	8	48.0	82.36037689144855	69.18110779832332	33.104222042783384	-114894.30700278489	1.3545905910948453	1.3534839172918922	-4940.240550130599	-2762.9152428632706	1251.9178730022488
21	8	59.0	86.89875682807025	99.58414922980805	22.702303981906976	-33278.21950698536	1.3545905910948453	1.3534839172918922	-4433.12267774766	-2478.6234535334543	1237.7964783614464
22	12	15.0	6.238645410743289	34.9033589930959	80.56131445627632	-512635.48632687336	1.3545897676719472	1.35348350569219	-4388.663894526189	-4396.923999511792	1234.1503345200347
22	12	276.0	237.71694543686047	44.302225216843404	59.943627060384486	-165158.5076433534	1.3545897676719472	1.35348350569219	-4936.21244296368	-3912.5533635083116	1243.167538777881
22	12	112.0	150.4870299429398	157.24746846094567	23.767552572778857	-194357.865285892	1.3545897676719472	1.35348350569219	-3943.7916032931407	-3339.8146122646413	1226.4105255794732
22	12	280.0	135.69649047734794	-168.70733332186958	45.311067300368514	-139883.2547737192	1.3545897676719472	1.35348350569219	-3441.8053143561187	-3629.801308046076	1218.8589630604351
22	12	47.0	128.98237607970574	91.41278694557978	23.132899250841522	-150614.98114331576	1.3545897676719472	1.35348350569219	-4440.981616585438	-3049.740250088342	1241.646625173694
22	12	101.0	104.09249353943422	176.63570234430998	32.44152856328444	-155329.3686850193	1.3545897676719472	1.35348350569219	-3440.9308184860524	-3053.634904889454	1230.1940055611462
22	12	46.0	101.9941497609973	139.3074261047325	20.797169048221754	-199863.3251368428	1.3545897676719472	1.35348350569219	-3940.7708758853582	-2762.5953978298667	1229.630927694554
22	12	50.0	100.95379183259014	65.27709881392624	33.994984369051785	-125976.73481613417	1.3545897676719472	1.35348350569219	-4940.240550130599	-2762.9152428632706	1251.9178730022488
22	12	53.0	90.67092630343552	93.41549093084082	22.502905276667622	-154907.07671034068	1.3545897676719472	1.35348350569219	-4433.12267774766	-2478.6234535334543	1237.7964783614464
22	12	48.0	69.47699870650679	94.03809414219133	22.51832761011285	-194198.23038894203	1.3545897676719472	1.35348350569219	-4439.609966989224	-1892.7121469242106	1244.0521661650816
22	12	57.0	63.795299493478	153.00385350178834	23.007273139854522	-171007.05950366985	1.3545897676719472	1.35348350569219	-3438.845292842321	-1895.2488370948238	1227.071659019418
22	12	60.0	61.32862819154776	121.68409348885693	19.98240776155249	-205857.24017371194	1.3545897676719472	1.35348350569219	-3943.8543146560837	-1606.9981792992792	1232.837023410638
23	9	311.0	105.4328142619617	44.60839419097921	59.09384906276865	101214.27143138851	1.345961592639035	1.3491682996123715	-4936.21244296368	-3912.5533635083116	1243.167538777881
23	9	116.0	135.85818269868602	152.65416688176853	27.938107401680657	66092.14483363125	1.345961592639035	1.3491682996123715	-3943.7916032931407	-3339.8146122646413	1226.4105255794732
23	9	242.0	134.32739122397422	-170.2777389674381	46.07570864347558	75001.73954394051	1.345961592639035	1.3491682996123715	-3441.8053143561187	-3629.801308046076	1218.8589630604351
23	9	51.0	118.6930878737778	98.72531066046079	28.944165244541338	82398.7976736994	1.345961592639035	1.3491682996123715	-4440.981616585438	-3049.740250088342	1241.646625173694
23	9	107.0	3.9891386407811393	170.89344998715728	36.08864887544007	65567.7451417341	1.345961592639035	1.3491682996123715	-3440.9308184860524	-3053.634904889454	1230.1940055611462
23	9	52.0	94.86883766023057	136.23713816447108	27.5639210545903	59982.983468848586	1.345961592639035	1.3491682996123715	-3940.7708758853582	-2762.5953978298667	1229.630927694554
23	9	52.0	94.80428836989685	74.70507127202181	38.67044294744111	69091.63748038892	1.345961592639035	1.3491682996123715	-4940.240550130599	-2762.9152428632706	1251.9178730022488
23	9	57.0	85.16588378864527	101.36937260005138	29.643861507272494	84259.54199099862	1.345961592639035	1.3491682996123715	-4433.12267774766	-2478.6234535334543	1237.7964783614464
23	9	58.0	60.72668913189051	146.62524891710362	30.238117899770142	76722.20721028284	1.345961592639035	1.3491682996123715	-3438.845292842321	-1895.2488370948238	1227.071659019418
24	10	14.0	11.222200830120114	32.31725046458206	87.14786246726217	-1020382.015387198	1.3545906153290896	1.353483929405455	-4388.663894526189	-4396.923999511792	1234.1503345200347
24	10	262.0	241.59904200166372	43.53022382576289	59.62012477565934	-141398.0310011733	1.3545906153290896	1.353483929405455	-4936.21244296368	-3912.5533635083116	1243.167538777881
24	10	101.0	127.05063274422332	158.8661616612564	23.016764028500862	-196570.1810825132	1.3545906153290896	1.353483929405455	-3943.7916032931407	-3339.8146122646413	1226.4105255794732
24	10	281.0	145.20535099347484	-167.81223037702745	45.119283082714205	-132544.73004063632	1.3545906153290896	1.353483929405455	-3441.8053143561187	-3629.801308046076	1218.8589630604351
24	10	65.0	134.30532166576	90.25522829257679	22.14559732373204	-187978.06084820526	1.3545906153290896	1.353483929405455	-4440.981616585438	-3049.740250088342	1241.646625173694
24	10	78.0	101.35376972063159	178.0110229832153	31.9785093130019	-145968.04133254467	1.3545906153290896	1.353483929405455	-3440.9308184860524	-3053.634904889454	1230.1940055611462
24	10	51.0	106.6598626764523	140.4366296381337	19.838436084247537	-200785.46412914075	1.3545906153290896	1.353483929405455	-3940.7708758853582	-2762.5953978298667	1229.630927694554
24	10	81.0	71.68201125006773	63.88066235448397	33.30515938289179	-138616.01965805772	1.3545906153290896	1.353483929405455	-4940.240550130599	-2762.9152428632706	1251.9178730022488
24	10	51.0	95.0146350190642	92.2965126466557	21.504339076815047	-140919.43266046286	1.3545906153290896	1.353483929405455	-4433.12267774766	-2478.6234535334543	1237.7964783614464
24	10	61.0	67.56675892099689	154.48894038811773	22.186564991548146	-171386.11344344958	1.3545906153290896	1.353483929405455	-3438.845292842321	-1895.2488370948238	1227.071659019418
25	11	14.0	0.2785066611302904	34.05881091732374	82.76735530809607	-708476.3096220655	1.3545897490854955	1.3534834964009304	-4388.666319211632	-4396.923141282253	1234.1612453825828
25	11	282.0	267.3381169195774	44.118268183964645	59.49434999293174	-131323.36799649935	1.3545897490854955	1.3534834964009304	-4936.21244296368	-3912.5533635083116	1243.167538777881
25	11	115.0	168.9625996687419	158.63454385840868	23.63995849339828	-155996.05543382373	1.3545897490854955	1.3534834964009304	-3943.7916032931407	-3339.8146122646413	1226.4105255794732
25	11	271.0	159.40050708862577	-168.11473053310297	45.52803376534269	-121992.85729834951	1.3545897490854955	1.3534834964009304	-3441.8053143561187	-3629.801308046076	1218.8589630604351
25	11	51.0	60.22517438080674	91.70123288021234	22.548563164992483	-146876.61913349974	1.3545897490854955	1.3534834964009304	-4440.981616585438	-3049.740250088342	1241.646625173694
25	11	94.0	117.94266070608028	177.60100645321646	32.50248480491622	-143023.20467800688	1.3545897490854955	1.3534834964009304	-3440.9308184860524	-3053.634904889454	1230.1940055611462
25	11	63.0	114.54914928443257	140.6843398697247	20.48799727942922	-240494.31556327577	1.3545897490854955	1.3534834964009304	-3940.7708758853582	-2762.5953978298667	1229.630927694554
25	11	56.0	6.9903719026532585	65.04891371325962	33.43688434131016	-129595.95680223961	1.3545897490854955	1.3534834964009304	-4940.240550130599	-2762.9152428632706	1251.9178730022488
25	11	48.0	78.026429750806	94.35729027663533	21.94699946256718	-195533.1965979009	1.3545897490854955	1.3534834964009304	-4439.609966989224	-1892.7121469242106	1244.0521661650816
25	11	59.0	72.46868393938615	154.34561456534092	22.819970642334265	-162149.84995989947	1.3545897490854955	1.3534834964009304	-3438.845292842321	-1895.2488370948238	1227.071659019418
25	11	64.0	68.87998545554629	122.7506539369059	19.53345367381877	-194982.20089727303	1.3545897490854955	1.3534834964009304	-3943.8543146560837	-1606.9981792992792	1232.837023410638
26	10	263.0	248.1269243988975	45.25053122753027	62.20528781511744	350397.3974247035	1.350563267579152	1.351470304730367	-4936.21244296368	-3912.5533635083116	1243.167538777881
26	10	142.0	137.45206417511082	149.60684767410254	27.258311761026313	316947.9997024613	1.350563267579152	1.351470304730367	-3943.7916032931407	-3339.8146122646413	1226.4105255794732
26	10	271.0	130.94769785768077	-172.28305796722972	45.52079902421664	273650.28329806164	1.350563267579152	1.351470304730367	-3441.8053143561187	-3629.801308046076	1218.8589630604351
26	10	57.0	87.26450449653923	94.66678790675714	28.92617137007502	268650.9447558006	1.350563267579152	1.351470304730367	-4440.981616585438	-3049.740250088342	1241.646625173694
26	10	108.0	84.22460427221255	169.41333268641733	34.73577913754148	247807.89562648322	1.350563267579152	1.351470304730367	-3440.9308184860524	-3053.634904889454	1230.1940055611462
26	10	51.0	67.80271004965313	133.03383622191518	26.205101083952297	334883.99992229935	1.350563267579152	1.351470304730367	-3940.7708758853582	-2762.5953978298667	1229.630927694554
26	10	69.0	75.18351920459133	96.91754980160397	28.888912944812976	397020.23959037825	1.350563267579152	1.351470304730367	-4433.12267774766	-2478.6234535334543	1237.7964783614464
26	10	46.0	72.28089880822529	97.70754985113659	29.22734987972667	291751.9104458091	1.350563267579152	1.351470304730367	-4439.609966989224	-1892.7121469242106	1244.0521661650816
26	10	44.0	54.48590697585671	144.56793921110943	28.124330325296683	284110.62227147305	1.350563267579152	1.351470304730367	-3438.845292842321	-1895.2488370948238	1227.071659019418
26	10	50.0	55.66104523987863	119.05385733031382	26.735854381398312	337261.64531204256	1.350563267579152	1.351470304730367	-3943.8543146560837	-1606.9981792992792	1232.837023410638
27	11	13.0	0.0013524887897036803	29.725994283290106	95.3688224469032	-974878.2522905321	1.3545914476390428	1.3534843454469272	-4388.666319211632	-4396.923141282253	1234.1612453825828
27	11	253.0	227.62243754552898	42.950678000376136	59.562116069940785	-127039.17711565507	1.3545914476390428	1.3534843454469272	-4936.21244296368	-3912.5533635083116	1243.167538777881
27	11	118.0	146.61912814894941	159.7182636401828	22.44629468382053	-178354.60571585072	1.3545914476390428	1.3534843454469272	-3943.7916032931407	-3339.8146122646413	1226.4105255794732
27	11	269.0	138.01482464000793	-167.29224778203096	44.872486804163394	-110377.93178212231	1.3545914476390428	1.3534843454469272	-3441.8053143561187	-3629.801308046076	1218.8589630604351
27	11	47.0	125.77535407930783	89.08730153863718	21.56807570401131	-181599.51923651126	1.3545914476390428	1.3534843454469272	-4440.981616585438	-3049.740250088342	1241.646625173694
27	11	99.0	102.24180175605542	178.78992582683117	31.56489022926694	-124341.68603057452	1.3545914476390428	1.3534843454469272	-3440.9308184860524	-3053.634904889454	1230.1940055611462
27	11	41.0	99.31617739390721	140.83362684229093	19.15786015860906	-166274.33869878692	1.3545914476390428	1.3534843454469272	-3940.7708758853582	-2762.5953978298667	1229.630927694554
27	11	62.0	82.32353266029075	62.75861995332963	32.98313221158158	-122770.83716724504	1.3545914476390428	1.3534843454469272	-4940.240550130599	-2762.9152428632706	1251.9178730022488
27	11	58.0	88.35184935163126	91.12447173855627	20.916758016472354	-182665.1720193466	1.3545914476390428	1.3534843454469272	-4433.12267774766	-2478.6234535334543	1237.7964783614464
27	11	55.0	62.80747011769135	155.19613743409397	21.56801994751336	-174218.71232538394	1.3545914476390428	1.3534843454469272	-3438.845292842321	-1895.2488370948238	1227.071659019418
27	11	51.0	52.25522119442993	145.87978797206813	19.927676966724377	-186594.96411175618	1.3545914476390428	1.3534843454469272	-3442.595464253174	-1320.7360510101307	1231.4814772386771
28	10	17.0	0.9354306139255751	33.039627965761014	85.50940267702019	-1041836.3336130985	1.3545880842716718	1.3534826642209252	-4388.666319211632	-4396.923141282253	1234.1612453825828
28	10	280.0	286.28572914075	42.92877739941143	62.747069286804546	-144618.6040376429	1.3545880842716718	1.3534826642209252	-4936.21244296368	-3912.5533635083116	1243.167538777881
28	10	129.0	180.76500015693767	150.65900114024393	22.205317554585523	-196511.41671419397	1.3545880842716718	1.3534826642209252	-3943.7916032931407	-3339.8146122646413	1226.4105255794732
28	10	290.0	170.28704325218894	-170.7369325349669	42.64354586554477	-152600.27773045588	1.3545880842716718	1.3534826642209252	-3441.8053143561187	-3629.801308046076	1218.8589630604351
28	10	63.0	58.5873982452954	84.96291831991877	24.66323715034816	-161462.74029161697	1.3545880842716718	1.3534826642209252	-4440.981616585438	-3049.740250088342	1241.646625173694
28	10	113.0	126.04200758706541	172.87274055062957	30.125331188160548	-131095.6892093418	1.3545880842716718	1.3534826642209252	-3440.9308184860524	-3053.634904889454	1230.1940055611462
28	10	54.0	0.12924695019040186	130.86443031636907	20.079810947035337	-180000.31062026476	1.3545880842716718	1.3534826642209252	-3940.7708758853582	-2762.5953978298667	1229.630927694554
28	10	52.0	109.0203719493383	86.64517960096545	23.96260943269548	-516.6915435914993	1.3545880842716718	1.3534826642209252	-4433.12267774766	-2478.6234535334543	1237.7964783614464
28	10	76.0	73.7340307442123	112.79714907295939	20.151025172086793	-201891.24316670472	1.3545880842716718	1.3534826642209252	-3943.8543146560837	-1606.9981792992792	1232.837023410638
28	10	44.0	64.50804017204958	136.05483831157687	20.55203060560321	-202817.35909941216	1.3545880842716718	1.3534826642209252	-3442.595464253174	-1320.7360510101307	1231.4814772386771
29	11	310.0	275.57958139751145	46.14468554888235	60.244382371222514	284114.6787806702	1.3501380915330135	1.3512576636426834	-4936.21244296368	-3912.5533635083116	1243.167538777881
29	11	127.0	175.14915887452946	153.4417991699023	28.079215242117865	261746.78347370686	1.3501380915330135	1.3512576636426834	-3943.7916032931407	-3339.8146122646413	1226.4105255794732
29	11	259.0	164.0280265450057	-170.67766237141285	47.04991947487053	231768.65061677736	1.3501380915330135	1.3512576636426834	-3441.8053143561187	-3629.801308046076	1218.8589630604351
29	11	48.0	14.87360491526209	98.51345937150968	28.150244902675343	248576.118964755	1.3501380915330135	1.3512576636426834	-4440.981616585438	-3049.740250088342	1241.646625173694
29	11	115.0	121.97762388819176	171.89440273415642	36.054958712697015	245923.24789568374	1.3501380915330135	1.3512576636426834	-3440.9308184860524	-3053.634904889454	1230.1940055611462
29	11	58.0	1.7988963572349332	137.35591872472347	26.644505915000362	230582.24103129643	1.3501380915330135	1.3512576636426834	-3940.7708758853582	-2762.5953978298667	1229.630927694554
29	11	66.0	117.53669760097092	73.60578169135573	37.68484361010242	209397.68497198165	1.3501380915330135	1.3512576636426834	-4940.240550130599	-2762.9152428632706	1251.9178730022488
29	11	62.0	105.23699307191791	100.84797249240535	28.24208892944219	257965.26863612165	1.3501380915330135	1.3512576636426834	-4433.12267774766	-2478.6234535334543	1237.7964783614464
29	11	44.0	80.59231392490545	101.62526258020084	28.638329463076417	212971.60693066168	1.3501380915330135	1.3512576636426834	-4439.609966989224	-1892.7121469242106	1244.0521661650816
29	11	57.0	74.6013278005901	148.3211385793222	28.9439266754073	229662.4825512245	1.3501380915330135	1.3512576636426834	-3438.845292842321	-1895.2488370948238	1227.071659019418
29	11	50.0	71.13354054654259	123.44223490382639	26.820186635145806	245982.54129440553	1.3501380915330135	1.3512576636426834	-3943.8543146560837	-1606.9981792992792	1232.837023410638
30	13	12.0	32.5182635039134	34.47719384745324	81.80783391896627	-1036427.6619612882	1.3545905347037142	1.3534838891038432	-4388.666319211632	-4396.923141282253	1234.1612453825828
30	13	287.0	224.21964433391292	43.646464035079966	59.96019595914707	-122460.199371308	1.3545905347037142	1.3534838891038432	-4936.21244296368	-3912.5533635083116	1243.167538777881
30	13	104.0	127.76445256471148	157.8032863804499	23.080034602745183	-190613.36380174238	1.3545905347037142	1.3534838891038432	-3943.7916032931407	-3339.8146122646413	1226.4105255794732
30	13	231.0	133.23550955634965	-168.26383578987213	44.90969225401715	-107772.46786605155	1.3545905347037142	1.3534838891038432	-3441.8053143561187	-3629.801308046076	1218.8589630604351
30	13	45.0	120.51037388344147	89.97323671243025	22.572140968955022	-185929.1002814568	1.3545905347037142	1.3534838891038432	-4440.981616585438	-3049.740250088342	1241.646625173694
30	13	106.0	98.5171075024361	177.25673194960805	31.878828814950943	-127996.45927348317	1.3545905347037142	1.3534838891038432	-3440.9308184860524	-3053.634904889454	1230.1940055611462
30	13	46.0	95.80649880513067	139.28280506509225	20.03303860315673	-188625.80852128917	1.3545905347037142	1.3534838891038432	-3940.7708758853582	-2762.5953978298667	1229.630927694554
30	13	54.0	95.17205987252346	63.98149308886991	33.73945166922026	-144151.16809363972	1.3545905347037142	1.3534838891038432	-4940.240550130599	-2762.9152428632706	1251.9178730022488
30	13	58.0	85.21925991158217	91.93584072831594	21.933530377268376	-159505.42572949117	1.3545905347037142	1.3534838891038432	-4433.12267774766	-2478.6234535334543	1237.7964783614464
30	13	57.0	65.27604720129084	92.54673944476284	21.948508680578925	-236090.93477268695	1.3545905347037142	1.3534838891038432	-4439.609966989224	-1892.7121469242106	1244.0521661650816
30	13	49.0	60.599573547360265	153.34421188862555	22.270612025402677	-187792.52971680035	1.3545905347037142	1.3534838891038432	-3438.845292842321	-1895.2488370948238	1227.071659019418
30	13	51.0	57.617287315141844	120.9203854323147	19.234382874488507	-207636.02555464144	1.3545905347037142	1.3534838891038432	-3943.8543146560837	-1606.9981792992792	1232.837023410638
30	13	70.0	50.42844633736422	144.1978374247813	20.748618787314207	-184155.13017575073	1.3545905347037142	1.3534838891038432	-3442.595464253174	-1320.7360510101307	1231.4814772386771
31	11	13.0	20.99326293238021	35.66903661573544	75.97794418252097	-269636.6539231439	1.3545880427094155	1.3534826434454497	-4388.666319211632	-4396.923141282253	1234.1612453825828
31	11	298.0	200.70069646622525	42.88082931712241	59.39620209184637	-128014.85459567304	1.3545880427094155	1.3534826434454497	-4936.21244296368	-3912.5533635083116	1243.167538777881
31	11	109.0	133.7591149460993	159.90030075084493	22.30749926220032	-165030.1191189397	1.3545880427094155	1.3534826434454497	-3943.7916032931407	-3339.8146122646413	1226.4105255794732
31	11	296.0	126.08165607078926	-167.19647294056708	44.77557969797101	-109386.95794750538	1.3545880427094155	1.3534826434454497	-3441.8053143561187	-3629.801308046076	1218.8589630604351
31	11	47.0	80.62262362211344	88.89506608616776	21.414829640368946	-171535.94144594698	1.3545880427094155	1.3534826434454497	-4440.981616585438	-3049.740250088342	1241.646625173694
31	11	129.0	93.34348199750082	178.9678222028456	31.46441108396519	-121907.60476536489	1.3545880427094155	1.3534826434454497	-3440.9308184860524	-3053.634904889454	1230.1940055611462
31	11	48.0	90.66228155527592	140.9817570312311	19.005353697008694	-157526.75483966235	1.3545880427094155	1.3534826434454497	-3940.7708758853582	-2762.5953978298667	1229.630927694554
31	11	65.0	90.01931407393016	62.56036234657119	32.85894418031591	-107692.56397430341	1.3545880427094155	1.3534826434454497	-4940.240550130599	-2762.9152428632706	1251.9178730022488
31	11	49.0	78.77787601762053	90.94269590467538	20.76188514404584	-201235.32847483733	1.3545880427094155	1.3534826434454497	-4433.12267774766	-2478.6234535334543	1237.7964783614464
31	11	45.0	57.35687891138848	155.42493917944032	21.43859151391877	-158199.29929664658	1.3545880427094155	1.3534826434454497	-3438.845292842321	-1895.2488370948238	1227.071659019418
31	11	42.0	47.72496424978222	146.08457954009853	19.78583311038164	-165692.1495601103	1.3545880427094155	1.3534826434454497	-3442.595464253174	-1320.7360510101307	1231.4814772386771
32	8	266.0	193.81301990403804	41.95811273338432	56.00034057545068	182118.34331974608	1.3496632606367565	1.3510201757589284	-4936.21244296368	-3912.5533635083116	1243.167538777881
32	8	137.0	132.53925757707572	166.2719777881346	25.077586617471262	173061.12970368515	1.3496632606367565	1.3510201757589284	-3943.7916032931407	-3339.8146122646413	1226.4105255794732
32	8	58.0	77.6680878441503	99.23938592307769	21.1416200843191	203032.03582991063	1.3496632606367565	1.3510201757589284	-4440.981616585438	-3049.740250088342	1241.646625173694
32	8	99.0	94.60596875018936	-178.51270944805222	35.091552011705225	148106.18659934666	1.3496632606367565	1.3510201757589284	-3440.9308184860524	-3053.634904889454	1230.1940055611462
32	8	43.0	2.389847039993308	148.7233737903992	21.961152048484422	175677.015044449	1.3496632606367565	1.3510201757589284	-3940.7708758853582	-2762.5953978298667	1229.630927694554
32	8	74.0	90.96253651673099	69.1632199344069	31.34911733291963	158302.94346776642	1.3496632606367565	1.3510201757589284	-4940.240550130599	-2762.9152428632706	1251.9178730022488
32	8	55.0	81.38515248639102	102.27565469765372	21.345252298590786	203183.7819991653	1.3496632606367565	1.3510201757589284	-4433.12267774766	-2478.6234535334543	1237.7964783614464
32	8	51.0	48.11859596593566	151.6639732545706	23.728048401550915	191955.85538743687	1.3496632606367565	1.3510201757589284	-3442.595464253174	-1320.7360510101307	1231.4814772386771
